data/layers/bio12.asc
NCOLS 507 
NROWS 956 
XLLCORNER -77.7833333333333 
YLLCORNER 0 
CELLSIZE 0.00833333333333335 
NODATA_value -3.4e+38 
[rows 108 to 143 of 956, columns 237 to 315 of 507]
2015 2161 2007 2034 2270 2486 2545 2238 2172 2218 2911 2713 2247 2276 2290 2456 2334 2504 2922 2703 2694 2975 2918 2781 2926 2816 3113 3681 3265 3081 3321 3858 3819 3275 3200 3505 3414 3123 3094 3166 3130 3183 3174 3184 3378 3525 3638 3520 3596 3431 3492 3498 3577 3538 3425 3582 3411 3519 3518 3536 3739 3875 3857 3761 3815 3881 3863 3474 3471 3512 3556 3290 3233 3230 3531 3663 3298 3136 3040
1967 2085 2439 2202 2724 2316 2155 2108 2155 2474 2768 2542 2235 2272 2286 2281 2293 2438 2967 2743 2753 3244 3342 3177 2920 2873 3057 3612 3616 3535 3586 3180 3321 3153 3164 3266 3765 3245 3072 3093 3142 3203 3189 3172 3326 3533 3514 3528 3485 3414 3440 3550 3553 3554 3477 3515 3554 3688 3771 3785 3745 3638 3505 3460 3551 3832 3708 3559 3295 3264 3263 3226 3222 3292 3730 3725 3204 3136 3035
1985 2038 2212 2512 2211 2113 2347 2076 2103 2757 2691 2860 2718 2642 2279 2277 2269 2384 3148 3131 3221 2810 3049 3149 3210 2844 3182 3497 3277 2980 3204 2979 3352 3524 3670 3509 3631 3351 3063 3102 3204 3168 3139 3192 3250 3297 3351 3262 3257 3342 3388 3384 3502 3472 3496 3352 3293 3355 3604 3298 3322 3668 3344 3259 3340 3765 3630 3809 3714 3382 3553 3431 3254 3350 3770 3646 3468 3195 3070
1946 2110 2687 2200 2004 2075 2134 2085 2120 2520 2541 2724 2733 2393 2401 2278 2257 2258 2593 2522 2535 2580 3264 3154 3119 2762 2886 3009 2940 2857 2863 2886 3317 3274 3194 3063 3193 3358 3115 3091 3134 3105 3155 3161 3166 3183 3235 3236 3249 3342 3326 3515 3412 3241 3305 3448 3493 3366 3224 3502 3279 3437 3207 3207 3230 3770 3721 3703 3767 3681 3768 3738 3757 3767 3671 3714 3618 3134 3090
1987 2392 2441 1972 2085 2080 2089 2049 2192 2640 2547 2684 2765 2815 2514 2265 2253 2272 2260 2392 2506 3048 2734 2905 3093 2806 2771 2789 2868 2895 3031 3016 2920 2957 2939 2972 3060 3200 3051 3049 3073 3094 3112 3186 3252 3232 3191 3227 3225 3242 3295 3468 3187 3241 3148 3483 3137 3145 3298 3587 3583 3271 3499 3493 3555 3718 3341 3715 3736 3662 3669 3705 3621 3629 3569 3619 3400 3128 3185
2106 2456 2165 1962 2237 1993 2079 2034 2069 2251 2726 2580 2692 2821 2728 2475 2334 2293 2284 2443 2813 2683 2732 3182 2912 2781 2837 2870 2987 3088 3406 3200 3035 2986 3015 2948 3091 3075 3013 3040 3056 3095 3120 3215 3241 3250 3187 3227 3320 3228 3354 3401 3156 3527 3519 3531 3324 3114 3522 3382 3478 3122 3440 3627 3629 3589 3208 3406 3329 3548 3642 3548 3223 3470 3281 3270 3216 3104 3175
2333 1993 2165 1960 2230 2175 2014 2057 2316 2527 2675 2393 2483 2608 2722 2608 2288 2488 2328 2322 2397 2398 2520 2715 3153 2802 2758 2901 2997 3263 3404 3091 3053 2948 2912 2933 3100 2994 3069 3085 3125 3175 3155 3131 3240 3205 3186 3267 3275 3227 3440 3393 3385 3361 3411 3440 3505 3536 3395 3362 3474 3268 3271 3336 3180 3449 3547 3624 3592 3666 3435 3483 3231 3176 3174 3187 3156 3148 3212
2211 1937 1989 2029 2201 2341 1986 2032 2355 2619 2532 2376 2455 2624 2732 2363 2472 2862 2535 2324 2343 2425 2603 3064 2908 2694 2768 2837 2945 2982 3048 2985 2975 2946 2932 2983 3009 2961 2997 3096 3129 3157 3165 3169 3204 3221 3219 3252 3258 3209 3236 3336 3403 3307 3314 3309 3325 3329 3341 3356 3418 3033 3038 3048 3461 3613 3536 3491 3578 3628 3369 3156 3201 3173 3199 3141 3134 3308 3281
2055 1999 1901 1915 2461 2485 2130 1990 2113 2458 2559 2367 2499 2605 2728 2542 2786 2653 2848 2349 2323 2553 2543 2998 2720 2677 2810 2838 2866 2937 2990 2937 2907 2866 2879 2940 2926 3002 3038 3077 3101 3114 3131 3143 3166 3176 3196 3214 3229 3254 3233 3228 3253 3273 3305 3322 3348 3346 3338 3361 3525 3252 3526 3000 3494 3221 3067 3088 3102 3512 3589 3380 3192 3191 3158 3282 3150 3260 3334
1897 1884 1923 2340 2405 2420 2473 1977 2097 2551 2507 2339 2346 2534 2684 2708 2614 2594 2497 2282 2351 2867 2838 2939 2728 2651 2664 2751 2841 2932 2980 2899 2892 2902 2860 2945 2931 3008 3033 3046 3062 3084 3094 3116 3130 3146 3165 3208 3418 3210 3236 3253 3243 3288 3305 3285 3318 3336 3321 3362 3515 3334 3068 3281 3366 2997 3499 3434 3119 3548 3559 3345 3111 3159 3220 3406 3296 3177 3339
1925 1865 2011 2337 2383 2245 2433 2249 2053 2512 2480 2300 2380 2483 2577 2574 2525 2684 2427 2261 2481 2739 2685 2638 2604 2664 2659 2771 2833 2947 3054 2952 2901 2876 2845 2885 2936 2989 2998 3015 3031 3056 3073 3090 3106 3117 3142 3321 3523 3181 3223 3242 3256 3245 3259 3273 3300 3301 3314 3391 3585 3372 2905 3177 3130 2988 3529 3211 3167 3463 3453 3118 3137 3141 3232 3223 3286 3191 3268
1959 1872 1902 2325 2354 2362 2396 2245 2056 2356 2498 2432 2400 2423 2522 2492 2426 2574 2246 2272 2699 2673 2550 2655 2580 2682 2730 2753 2848 3015 2988 2905 2867 2865 2830 2869 2926 2955 2967 2986 3000 3033 3058 3062 3093 3118 3127 3138 3176 3173 3203 3195 3221 3252 3261 3269 3284 3308 3409 3504 3104 2968 2893 3190 3457 3159 3498 3282 3085 3464 3389 3117 3422 3185 3452 3282 3314 3288 3216
1904 1832 2080 2263 2334 2295 2350 2302 2069 2430 2418 2384 2432 2339 2451 2383 2552 2602 2232 2413 2632 2498 2708 2748 2642 2705 2809 2831 2932 3141 2915 2868 2831 2819 2813 2887 2907 2932 2940 2961 2991 3014 3029 3050 3053 3076 3108 3122 3113 3172 3166 3187 3288 3351 3307 3415 3439 3413 3397 2971 2779 2917 2890 2987 3166 3526 3417 3304 3134 3289 3378 3044 3438 3206 3336 3337 3399 3355 3294
1928 1843 2213 2297 2158 2286 2323 2357 2051 2344 2392 2408 2414 2341 2396 2483 2452 2233 2314 2551 2604 2513 2618 2758 2666 2830 3233 3304 3312 3310 3420 3056 2814 2798 2840 2862 2905 2917 2912 2925 2946 2973 3015 3021 3033 3055 3075 3099 3114 3135 3171 3214 3286 3336 3382 3143 3292 3279 3003 2792 2994 2869 2908 2856 2921 3477 3402 3481 3110 3147 3325 3018 3167 3321 3331 3440 3422 3364 3202
1851 1910 2245 2280 2219 2107 2323 2312 2226 2361 2386 2225 2483 2364 2444 2495 2219 2530 2510 2545 2480 2496 2717 3002 2783 2894 3497 3468 3509 3516 3525 3132 2857 2830 3082 3242 3390 3059 2953 2894 2912 2974 2993 2998 3022 3046 3074 3093 3123 3163 3248 3246 3318 3278 3013 2986 3012 2837 3076 3091 2817 2955 3048 2801 2830 3111 3424 3399 3314 2951 3255 3005 3438 3408 3401 3429 3410 3290 3156
1823 1789 2094 2228 2086 2290 2183 2281 2248 2326 2350 2305 2499 2247 2393 2385 2400 2472 2428 2434 2560 2658 2705 2985 3303 3503 3526 3474 3548 3463 3017 3097 2944 2862 3275 3431 3430 3146 2976 2943 2903 2953 2967 2984 3018 3028 3053 3070 3101 3117 3222 3241 3245 3304 3302 3276 3080 3199 3417 3187 2699 2856 3082 2798 2853 2934 3416 3393 3428 2934 3293 3012 3436 3431 3275 3301 3098 3136 3136
1784 1947 2209 2219 2230 2196 2143 2292 2282 2275 2338 2191 2408 2387 2383 2410 2351 2440 2368 2496 2525 2561 2583 2644 2949 3463 3526 3544 3544 3357 3063 3111 2968 3227 3500 3527 3493 3314 2958 2930 2871 2879 2956 2971 2998 3016 3041 3059 3084 3127 3167 3159 3171 3234 3298 3319 3300 3369 3385 3021 2818 2703 3002 2797 2786 3028 3421 3379 3426 2915 3094 3255 3400 3420 3030 3127 3118 3345 3322
1739 2026 2155 2217 2504 2506 2107 2268 2253 2264 2242 2179 2314 2356 2377 2341 2400 2440 2428 2582 2529 2538 2602 2995 3197 3478 3530 3540 3551 3498 3497 3504 3458 3453 3533 3453 3218 3042 2871 2967 2950 2863 2871 2957 2979 3007 3023 3048 3066 3091 3125 3151 3147 3186 3262 3302 3246 3179 3112 3020 2783 2754 3042 2792 2775 2796 3387 3369 3404 2939 3001 3161 3406 3248 3146 3123 3309 3233 3057
1737 1872 2143 2072 2435 2244 2245 2260 2229 2158 2189 2236 2366 2222 2351 2324 2389 2343 2432 2646 2568 2610 2817 3295 3467 3515 3529 3539 3538 3547 3556 3553 3511 3533 3487 3451 2972 2862 2759 2787 2805 2830 2835 2944 2971 2988 3013 3040 3060 3072 3094 3124 3131 3161 3206 3140 3072 2961 3023 2906 2826 2849 3088 2773 2755 2882 3397 3349 3363 2921 2952 3360 3404 3183 3047 3284 3019 3057 3213
1726 1997 2113 2153 2309 2074 2174 2169 2246 2236 2148 2303 2456 2279 2345 2351 2315 2286 2491 2976 2670 3096 3315 3440 3482 3504 3522 3536 3547 3557 3567 3573 3553 3550 3548 3525 3513 2827 2775 2758 2769 2794 2824 2932 2876 2907 3000 3021 3044 3062 3083 3103 3126 3148 3184 3250 3012 3073 2982 2823 2850 2855 2929 2761 2736 3104 3378 3350 3374 3142 2964 3166 3396 3019 3219 3224 3004 3221 3104
1736 2068 2168 2162 2389 2393 2117 2194 2229 2107 2235 2386 2646 2291 2314 2234 2268 2375 2516 2752 2856 3131 3268 3331 3466 3506 3523 3536 3542 3556 3557 3549 3583 3582 3570 3527 3487 3060 2968 2973 2820 2797 2827 2898 2829 2881 2895 2935 3006 3053 3073 3094 3107 3141 3178 3226 3153 3255 2856 2866 2957 3086 2807 2689 2817 3319 3340 3354 3242 3187 2880 3128 3384 2980 3218 3112 3019 3170 3074
1676 2039 2161 2164 2223 2252 2059 2200 2193 2180 2442 2684 2512 2325 2201 2245 2436 2442 2473 2607 3046 3399 3313 3334 3372 3463 3486 3509 3543 3552 3556 3501 3433 3325 3288 3232 3021 2891 2759 2914 2812 2737 2745 2825 2791 2800 2851 2879 2993 2990 3056 3081 3106 3150 3181 3204 3213 3048 3186 2992 2996 3011 2940 2687 2743 3322 3345 3341 3357 3363 2868 3083 3168 3132 3134 2981 3188 3204 3029
2020 2017 2025 2141 2117 2340 2066 2086 2110 2218 2625 2871 2533 2400 2381 2413 2391 2419 2480 2543 2830 3121 3336 3400 3431 3435 3481 3514 3530 3547 3524 3526 3540 3577 3464 3153 2773 2740 2654 2656 2677 2693 2715 2733 2750 2900 2866 2962 3005 3023 3047 3067 3118 3150 3165 3179 3199 3196 3230 3206 3136 3124 2942 2940 2811 3307 3316 3332 3337 3350 2861 2877 3085 3172 3063 2952 3090 3000 3057
1812 1896 2004 2141 2183 2348 2049 2091 2417 2446 2863 2891 2534 2771 2829 2450 2433 2742 3034 2590 2590 2635 2795 2897 3300 3322 3393 3438 3521 3512 3540 3549 3572 3580 3360 3106 3375 2780 2639 2719 2817 2717 2678 2709 2765 2863 2944 2919 2990 3012 3032 3062 3082 3130 3147 3159 3179 3194 3208 3224 3156 3175 3130 3098 3037 3292 3306 3321 3187 3268 3200 3048 3329 3007 3084 2931 3086 3130 3006
1854 1984 2030 2175 2512 2247 2059 2116 2348 2522 2905 2701 2936 3232 2689 2396 2512 3157 2683 2653 2554 2555 2829 2918 3041 3262 3321 3471 3524 3527 3546 3545 3556 3481 3558 3503 3345 2954 2838 2984 3401 3089 2730 2701 2709 2746 2747 2764 2920 2999 3019 3038 3063 3110 3134 3149 3166 3182 3193 3208 3119 3209 3084 3157 3140 3285 3294 3260 3309 3154 2904 3001 3177 3051 2976 2907 3024 3118 3027
1751 1939 2115 2026 2265 2197 2150 2280 2305 2872 3139 2920 3124 3207 2623 2408 2651 3141 2818 2697 2502 2833 2869 3048 3041 3206 3327 3445 3506 3436 3514 3480 3559 3496 3458 3158 3207 3524 3024 3419 3543 3179 2718 2641 2660 2685 2735 2728 2880 2985 3007 3025 3047 3092 3121 3139 3153 3172 3186 3197 3205 3217 3152 3153 3247 3275 3287 3297 3306 3188 2893 3227 3008 3079 2916 2889 3037 3122 2985
1931 2089 2137 2572 2509 2235 2229 2278 2598 3195 3310 3136 3154 3334 2559 2514 2986 3254 2839 2457 2442 2702 2779 2719 2899 3016 3187 3164 3335 3412 3462 3489 3502 3463 3371 3360 3364 3027 2898 3344 3468 3185 2758 2696 2684 2942 2726 2729 2948 2971 2993 3014 3043 3088 3105 3119 3128 3148 3174 3185 3204 3207 3208 3144 3247 3266 3272 3290 3295 3118 2895 2910 2861 2924 2877 2832 3000 3096 2968
1917 1895 2058 2547 2753 2429 2175 2356 2472 3281 3312 3114 2895 3245 2756 2933 3370 3047 2557 2480 2526 2436 2813 2727 2720 2852 2776 2972 3097 3278 3452 3407 3445 3509 3471 3473 3421 3405 3299 3287 3469 3338 3205 2706 2701 2680 2677 2747 2927 2956 2980 2997 3027 3049 3069 3100 3120 3152 3164 3182 3195 3184 3193 3205 3236 3256 3262 3275 3260 2918 3096 2856 3002 2851 2819 2842 2955 3068 2987
2070 2039 2075 2034 2902 2380 2496 2807 2862 3296 3285 2905 3274 3258 2873 3137 3224 2853 2579 2667 2484 2472 2549 2788 2733 2660 2739 2792 2677 2839 3277 3399 3402 3412 3507 3382 3545 3504 3449 3352 3327 3154 3282 2856 2888 2719 2626 2708 2876 2942 2966 2985 3006 3025 3047 3070 3098 3141 3161 3172 3187 3185 3181 3220 3221 3236 3249 3202 3061 3231 2906 2990 2883 2988 3030 3020 2823 3060 3016
1845 2034 2227 2220 2862 2483 2569 2712 3218 3285 3301 3103 3276 3254 2923 3281 3163 3005 2536 2579 2819 2576 2453 2662 2864 2679 2588 2541 2615 2802 2817 3140 3358 3421 3370 3544 3548 3455 3532 3522 3348 3187 3372 2953 2856 2582 2609 2874 2902 2924 2759 2979 2996 3010 3046 3088 3120 3129 3148 3148 3166 3163 3174 3206 3217 3241 3259 3271 3274 3283 2943 2812 2922 2906 2950 3019 2936 2956 3051
2055 2049 2002 2530 3163 2678 2801 3042 3268 3279 3126 3152 3080 3311 3114 3140 3123 2610 2446 2572 2664 2527 2584 2656 2725 2552 2614 2517 2545 2711 2457 2643 2573 3136 3137 3504 3488 3536 3603 3424 3346 3293 2921 2776 2571 2618 2601 2796 2821 2756 2666 2851 2980 2995 3027 3071 3106 3122 3141 3145 3167 3165 3190 3211 3221 3244 3244 3253 3267 2999 2757 2964 2996 2838 2840 2867 2954 2981 2966
2041 1984 2140 2329 3188 3226 2714 3012 3258 3244 3225 3157 3219 3317 3221 3165 2747 2453 2544 2581 2699 2616 2694 2563 2710 2550 2682 2565 2454 2546 2616 2720 2513 2740 3114 3145 3427 3475 3557 3480 3287 2786 2627 2639 2660 2677 2556 2590 2734 2683 2672 2791 2973 2979 3035 3047 3082 3115 3117 3140 3147 3164 3198 3199 3222 3224 3231 3227 3260 2877 2898 2971 2945 2964 3221 3237 2948 2956 3003
1980 2175 2795 2497 3192 3181 3018 2678 2602 3259 3272 3154 3288 3285 3316 3246 2745 2503 2472 2635 2710 2677 2548 2720 2696 2643 2548 2425 2348 2519 2475 2972 2769 2907 3380 3402 3369 3261 3526 3302 2850 2647 2702 2755 2826 2731 2524 2682 2669 2619 2642 2711 2714 2965 2985 3058 3090 3116 3133 3119 3152 3172 3174 3191 3217 3230 3231 3244 2914 2720 2890 2755 2782 3083 3295 3335 2917 3004 2892
1978 2120 2687 3194 3204 3214 3109 2222 2387 3249 3259 3163 3272 3247 3234 3277 2768 2527 2465 2530 2559 2624 2939 2926 2819 2581 2410 2574 2444 2243 2692 2835 3005 3277 3060 3146 3427 3341 3407 3320 3055 2810 3175 3230 2944 2544 2499 2563 2589 2566 2602 2734 2709 2931 2978 3012 3058 3094 3127 3146 3149 3155 3172 3194 3217 3221 3240 3241 3201 2839 2898 3283 3245 3229 3292 3322 3258 3115 2899
2023 2100 2539 2436 3198 3180 2412 2040 2166 3225 3232 3230 3256 3156 3158 3230 2741 2574 2510 2427 2629 2632 2909 2958 2778 2556 2513 2582 2419 2436 2779 3158 3123 3116 3105 3214 3357 3400 3366 3285 3243 2887 3362 3133 2896 2547 2479 2509 2524 2565 2597 2648 2899 2935 3019 3040 3054 3059 3086 3071 3151 3169 3174 3184 3185 3198 3218 3203 3170 3214 3250 3282 3300 3248 3268 3315 3288 3196 2871
2020 2145 2104 2215 2918 2524 2075 2005 2187 3203 3218 3257 3263 3173 3284 3297 3036 2962 2487 2426 2702 2596 2627 2715 2660 2497 2416 2492 2507 2276 2616 2906 3124 3092 3140 3208 3245 3371 3407 3215 3073 2763 2829 2464 2588 2479 2486 2484 2494 2519 2606 2598 2875 2921 2970 3014 3045 3067 3083 3082 3116 3150 3181 3196 3204 3208 3218 3236 3222 3206 3238 3277 3273 3248 3280 3036 3045 2986 2860
