data/layers/bio10.asc
NCOLS 507 
NROWS 956 
XLLCORNER -77.7833333333333 
YLLCORNER 0 
CELLSIZE 0.00833333333333335 
NODATA_value -3.4e+38 
[rows 117 to 155 of 956, columns 176 to 263 of 507]
232 203 218 236 235 244 248 263 248 230 221 211 210 216 209 204 191 183 175 178 165 181 195 212 219 218 210 193 188 193 193 205 213 206 191 183 160 159 173 147 128 144 150 159 153 170 165 190 197 184 176 204 196 177 181 190 201 212 230 248 269 241 238 231 219 204 204 216 232 228 215 205 185 184 200 215 216 202 198 224 236 231 218 219 214 196 187 182
232 208 206 225 233 243 255 253 250 228 223 200 201 197 201 199 198 184 175 165 171 185 196 201 212 219 215 207 205 209 201 215 209 205 184 168 164 183 178 158 137 151 126 143 135 153 159 181 177 177 155 186 161 155 190 205 221 230 245 264 254 248 237 227 218 208 187 211 223 229 215 206 184 175 196 210 205 195 212 225 235 225 209 199 193 186 174 178
241 221 199 218 237 242 238 245 252 246 234 223 217 198 197 187 194 186 172 173 172 175 185 188 204 211 218 219 219 214 214 210 203 199 190 176 171 190 177 148 158 153 129 118 115 135 140 167 161 142 145 182 163 138 188 206 221 235 257 260 256 253 242 230 218 199 198 211 224 229 221 217 196 173 192 204 196 188 221 231 231 220 205 178 167 182 169 164
240 229 207 213 233 232 241 241 241 254 242 235 220 204 192 182 184 180 187 181 191 197 190 185 197 201 204 213 207 213 208 207 200 181 166 177 187 195 174 158 180 151 128 113 123 123 136 143 168 156 174 196 169 163 182 195 212 234 262 265 253 249 237 225 220 200 192 218 221 228 217 209 194 170 188 196 188 212 219 231 225 209 186 153 151 170 161 148
236 229 207 211 226 222 235 228 241 260 233 220 217 203 197 185 188 186 187 201 195 210 202 194 200 200 196 200 198 201 207 196 191 178 179 197 203 193 170 165 183 148 124 120 137 140 147 154 171 179 193 202 181 187 206 213 218 236 260 258 252 254 231 221 204 185 193 208 213 228 220 211 199 170 177 192 207 223 228 226 222 211 175 164 148 161 145 134
233 225 203 207 215 221 233 234 246 258 230 217 204 209 204 197 205 201 199 211 204 216 209 209 216 204 209 193 173 202 196 199 200 191 189 202 206 188 177 187 181 165 142 123 145 159 173 171 180 174 201 211 205 212 221 230 234 237 269 248 244 247 229 216 198 176 182 201 208 223 214 215 181 163 174 200 218 227 214 209 203 191 175 148 138 146 142 126
227 223 203 197 211 224 225 236 237 251 234 224 210 221 214 198 218 219 216 211 210 223 217 219 225 221 219 194 185 181 204 201 205 201 202 212 208 193 198 197 177 175 143 120 144 155 176 194 189 170 187 208 211 217 220 226 243 246 265 257 246 245 238 224 208 183 172 188 208 222 214 198 175 160 184 210 222 222 206 191 176 162 151 148 138 132 124 123
224 215 199 202 210 224 225 230 226 242 249 234 221 228 216 205 207 228 220 210 220 220 231 230 221 211 207 197 198 200 209 209 209 215 216 214 207 200 201 190 178 154 124 127 142 156 183 195 198 171 187 197 188 197 193 213 239 258 265 248 245 241 227 206 206 174 176 179 204 217 209 202 182 167 201 214 219 223 197 187 167 165 160 157 151 139 126 123
223 211 194 203 211 202 206 224 229 240 248 243 232 237 212 211 220 232 217 216 227 236 235 225 217 201 202 214 208 203 215 218 214 220 216 210 201 185 184 180 167 140 119 133 144 174 180 194 205 190 172 180 164 177 204 224 235 242 264 260 246 236 224 211 196 155 154 181 204 216 207 191 186 174 197 204 212 217 202 171 151 159 160 151 137 134 125 121
216 201 195 203 196 187 198 217 223 225 243 249 248 235 221 225 232 235 231 230 233 238 242 236 233 223 217 222 217 222 227 223 215 212 206 201 195 182 190 189 174 130 133 122 140 168 171 198 209 206 196 191 171 180 206 213 222 235 264 246 245 238 228 209 181 158 173 203 199 207 187 189 177 168 188 197 210 205 190 168 146 151 148 140 131 125 122 121
204 199 187 181 171 182 204 221 224 229 245 238 250 254 247 238 241 245 243 242 241 231 221 230 237 234 229 232 234 228 228 226 217 216 223 205 191 203 201 191 168 152 155 148 139 153 166 179 206 220 198 200 187 161 178 203 227 257 263 244 233 239 225 209 192 167 181 192 190 204 194 187 171 156 175 199 205 192 184 155 136 144 134 130 125 124 124 123
211 205 189 173 184 200 214 226 235 241 237 221 227 227 242 253 242 247 235 232 233 228 215 220 228 235 234 230 227 224 215 218 222 218 220 216 212 204 190 183 177 154 168 175 170 169 149 167 202 220 210 212 194 174 186 212 230 253 258 254 241 231 215 197 176 159 159 180 194 204 183 175 161 144 173 197 186 188 170 151 140 138 134 131 130 125 123 122
204 194 178 193 210 214 222 233 245 232 221 230 224 221 234 236 233 233 245 236 224 220 210 212 225 214 224 234 225 216 205 206 215 214 202 207 211 202 198 186 174 161 169 189 193 179 166 193 225 224 222 211 190 203 224 220 236 258 263 242 237 234 221 202 202 171 170 183 196 194 177 155 142 149 168 186 180 156 156 152 144 135 126 130 129 128 126 125
202 187 176 198 209 216 225 236 239 233 210 214 214 223 227 221 231 233 235 247 231 223 217 209 214 213 217 226 214 221 205 203 207 204 194 200 201 201 199 186 187 161 162 192 205 197 197 202 216 235 216 209 203 210 225 242 251 267 256 228 229 220 216 213 203 177 160 187 187 180 174 143 136 147 157 159 156 158 155 150 146 138 133 129 127 126 127 125
208 180 171 180 197 207 218 232 233 234 216 211 211 224 218 209 225 219 221 240 241 231 222 225 220 213 209 224 212 216 205 202 209 207 203 198 184 188 188 171 164 143 156 182 199 212 218 222 221 236 232 227 216 220 225 240 264 264 249 233 237 229 226 216 198 173 159 184 180 153 151 136 136 146 138 137 150 152 139 133 143 143 142 138 137 130 130 128
206 193 185 178 188 200 222 227 229 226 228 215 206 215 200 204 219 212 216 232 242 246 236 223 211 220 212 212 211 209 201 210 218 216 207 199 195 177 172 176 161 132 129 179 193 205 200 205 229 226 235 241 239 245 261 253 265 261 250 248 245 227 220 208 172 147 167 183 179 157 146 136 140 134 127 140 153 146 131 140 141 143 143 137 136 134 131 131
216 203 197 181 196 209 220 225 224 218 230 222 213 207 197 201 214 208 217 226 229 237 245 235 229 225 219 212 210 208 204 214 217 208 200 200 188 190 195 189 180 160 132 153 173 199 185 199 220 215 221 237 234 236 234 246 268 260 236 240 238 230 215 199 186 164 170 175 162 160 135 128 135 129 127 141 150 140 131 137 139 144 137 136 135 134 132 131
205 211 205 192 196 204 209 209 217 223 228 222 219 207 193 203 209 204 210 219 225 219 238 236 217 219 216 225 219 207 217 221 220 215 212 211 204 200 192 179 177 172 141 127 173 189 174 194 215 203 217 235 220 226 232 258 265 250 227 235 234 218 201 173 144 146 166 166 161 142 126 120 129 128 121 143 144 134 128 136 145 146 139 138 139 136 135 133
188 201 197 185 180 194 205 197 219 224 229 220 209 204 191 202 210 208 203 213 214 223 236 234 233 227 225 224 213 209 220 219 216 208 205 196 195 190 180 176 173 166 150 137 159 173 168 194 209 193 213 215 216 245 269 263 260 248 224 231 224 219 215 193 144 138 149 171 153 146 121 114 129 135 126 137 134 121 132 142 143 142 145 136 138 138 136 138
181 188 180 164 173 177 181 191 206 219 226 222 205 201 191 204 208 203 204 207 214 224 232 233 230 240 231 220 214 217 225 222 219 220 216 209 209 186 173 162 160 139 142 161 154 150 172 192 195 180 196 218 230 259 265 247 245 236 227 228 210 197 193 197 191 133 151 145 137 135 117 110 135 124 125 136 130 128 136 141 139 142 142 141 137 138 139 138
193 191 181 172 158 169 181 196 201 216 222 223 213 214 197 205 210 209 207 209 216 222 230 235 226 230 237 227 221 226 228 221 214 209 210 207 191 192 189 168 154 154 140 169 174 152 175 202 201 193 197 212 227 253 266 257 247 239 235 235 219 215 193 163 163 134 145 142 138 123 114 116 129 124 125 134 126 129 133 141 140 136 140 142 138 135 138 139
211 204 193 176 161 173 190 206 210 220 223 225 222 213 198 205 207 207 208 211 219 223 229 226 232 227 239 235 235 227 228 215 213 200 205 200 197 182 173 158 173 171 147 188 188 157 175 208 211 202 212 220 230 242 260 257 249 240 228 225 208 200 196 182 144 123 140 135 129 118 118 128 127 129 121 129 129 130 139 143 140 138 140 139 138 137 139 139
213 204 191 171 165 169 186 211 216 222 216 219 220 219 201 203 207 203 206 212 221 225 223 219 222 224 220 230 232 220 221 220 214 207 197 194 196 177 163 141 170 189 188 197 184 157 173 216 219 212 222 226 248 251 258 262 248 234 225 225 208 196 185 169 152 121 117 138 130 118 108 124 127 126 116 127 128 137 143 140 139 137 138 137 139 137 139 138
200 194 173 167 176 181 194 206 207 219 214 220 220 214 196 203 203 201 204 214 220 222 221 216 216 223 225 223 231 227 221 218 212 210 202 195 187 176 163 147 159 181 208 205 197 182 185 213 224 220 240 230 252 262 268 255 243 237 225 219 207 184 164 135 145 119 121 129 138 140 119 119 127 120 111 116 126 136 141 141 138 137 138 139 137 137 138 139
186 186 165 168 183 195 200 201 203 217 213 214 218 219 202 197 194 200 209 214 218 222 219 215 211 214 220 224 221 231 227 223 218 209 208 204 191 179 164 164 164 183 199 216 215 205 200 226 229 230 244 242 261 267 259 253 251 235 230 221 216 206 169 138 115 111 113 126 157 147 113 120 127 113 107 105 125 137 140 141 140 139 138 134 134 136 138 140
177 177 170 169 172 177 188 190 201 216 209 209 216 217 207 198 198 199 210 215 212 218 218 214 208 211 215 221 218 224 227 231 227 216 212 205 192 197 188 164 146 185 201 212 222 225 226 211 236 244 250 253 251 269 263 245 241 234 227 218 212 198 169 142 146 114 120 146 178 160 109 109 123 111 98 97 126 137 139 140 141 138 138 135 134 136 138 139
187 190 189 182 175 173 178 182 200 213 204 206 208 214 215 199 195 196 208 211 213 216 216 214 207 209 213 219 217 217 223 219 229 226 216 214 206 191 179 156 171 187 186 200 220 224 232 233 242 241 235 232 233 246 269 253 249 233 231 217 199 199 164 168 158 131 143 172 183 158 107 108 118 115 100 116 122 131 132 140 141 137 138 138 137 137 139 140
204 203 193 181 171 172 166 173 202 214 200 209 204 212 213 209 199 198 205 209 216 214 215 211 205 207 209 218 213 213 221 216 219 223 219 210 200 185 189 171 172 169 170 189 209 215 219 231 239 231 223 217 222 242 269 261 248 240 228 217 214 197 181 189 155 152 171 193 187 165 127 105 110 111 107 120 122 113 125 139 143 139 140 139 138 137 139 138
214 209 199 181 182 179 178 201 209 206 198 209 197 207 212 212 205 200 206 210 211 213 214 213 208 204 211 214 213 208 213 210 214 217 221 213 200 194 197 182 159 152 169 183 200 200 207 224 231 219 214 208 216 234 246 269 255 236 230 223 207 211 204 193 169 158 192 199 182 147 120 103 109 115 113 114 118 116 122 137 143 141 141 142 139 141 142 140
210 198 197 186 185 181 193 199 199 202 191 196 197 207 208 211 210 198 205 207 211 211 212 213 203 205 209 213 210 206 202 206 204 214 214 218 209 209 200 185 164 150 160 168 179 180 203 222 228 214 202 203 220 231 245 268 264 243 234 228 216 200 188 176 164 188 206 198 186 177 153 119 109 115 117 113 107 114 126 139 142 143 141 140 141 143 145 140
210 200 191 180 176 181 197 192 185 194 187 185 191 203 205 206 201 198 201 203 207 207 211 210 200 204 207 212 206 202 195 186 201 211 216 216 213 201 196 178 165 138 148 149 173 184 199 221 222 210 193 211 226 248 269 270 250 241 237 231 219 201 187 167 177 206 213 205 199 181 167 122 112 116 114 108 108 122 133 139 143 144 145 143 141 149 144 142
190 196 194 182 174 179 181 184 178 184 184 176 193 189 202 203 192 198 192 201 203 208 210 207 200 204 204 209 210 202 190 174 194 205 209 207 215 211 197 185 175 158 130 145 180 201 213 220 215 201 207 220 229 246 266 253 252 240 237 229 219 217 201 188 205 219 214 194 187 170 149 123 109 114 114 106 105 124 132 142 143 144 146 142 143 150 147 145
188 190 192 178 171 178 177 171 179 179 180 176 182 184 199 196 191 193 194 201 199 204 205 205 200 202 204 206 204 202 191 171 177 194 199 203 212 204 204 194 182 169 150 147 178 187 202 209 206 211 221 236 247 258 265 261 253 246 242 237 231 213 194 199 220 221 213 210 202 189 164 134 110 113 114 111 119 131 137 141 140 145 148 150 150 153 150 146
197 204 200 170 177 194 187 176 178 172 176 167 180 197 201 185 179 174 186 198 197 194 196 199 195 198 203 205 201 196 191 179 160 183 186 197 207 197 201 199 179 163 166 149 158 166 194 195 197 220 228 242 231 245 260 269 263 249 244 237 228 213 195 211 224 228 202 198 202 182 159 123 109 117 121 123 119 117 131 133 139 143 145 150 155 153 150 148
211 215 199 180 190 193 196 188 171 172 168 167 179 191 186 173 172 167 185 190 191 183 187 191 195 200 199 203 199 199 193 184 168 161 183 196 203 191 192 195 193 170 178 174 169 159 184 188 196 211 223 233 215 231 248 256 268 255 240 244 230 220 220 231 230 221 208 189 169 166 152 122 109 116 120 119 109 99 114 128 136 139 146 155 159 154 152 151
222 215 208 185 182 202 201 193 194 184 182 178 177 181 185 166 142 150 169 172 177 183 188 197 195 195 196 199 197 190 184 185 172 148 178 192 199 186 189 182 179 182 191 185 189 175 175 178 200 219 228 224 212 225 238 252 262 269 247 249 237 230 235 237 228 216 205 192 194 172 165 145 110 118 118 120 97 97 104 110 125 135 142 151 155 160 149 154
221 214 202 177 188 206 201 202 196 194 191 186 174 162 168 170 132 140 142 154 165 179 188 191 189 187 195 199 196 185 182 165 171 152 162 188 192 190 170 163 171 187 196 196 202 192 188 191 201 218 218 214 196 220 231 246 253 269 256 251 240 241 239 231 214 226 218 208 204 196 174 143 109 116 118 113 100 101 105 111 114 133 136 147 157 159 156 157
225 218 204 195 201 212 207 208 204 197 192 194 181 155 155 141 119 119 146 165 180 182 188 186 183 190 192 199 193 183 186 176 163 142 157 188 186 173 163 155 160 178 184 188 202 208 203 204 193 193 197 194 211 219 234 251 258 265 262 250 252 244 236 230 220 201 216 211 210 183 169 137 109 118 123 114 100 101 108 118 117 131 142 150 153 157 160 159
226 224 217 212 215 210 205 200 189 174 178 183 176 168 134 128 127 145 154 155 152 170 176 183 186 187 194 198 196 186 176 169 135 141 161 182 174 155 147 158 162 173 183 173 195 211 208 214 201 201 194 191 208 223 240 249 243 269 251 257 250 235 229 218 210 193 202 198 202 185 153 130 108 123 127 123 103 100 104 112 126 133 145 155 160 159 163 163
