data/layers/bio12.asc
NCOLS 507 
NROWS 956 
XLLCORNER -77.7833333333333 
YLLCORNER 0 
CELLSIZE 0.00833333333333335 
NODATA_value -3.4e+38 
[rows 324 to 359 of 956, columns 395 to 473 of 507]
2074 2076 2060 2046 2058 2036 2046 1999 2046 2028 2283 2411 2254 2247 2304 2045 2063 2070 2084 2162 2190 2101 2154 2236 2223 2117 2136 2176 2135 2144 2142 2137 2099 1947 1806 1895 1909 1728 1628 1552 1280 1033 997 1057 1063 1007 1039 999 1070 1183 956 919 905 883 881 944 1073 1111 1254 1380 1448 1367 1332 1320 1308 1223 1217 943 806 775 844 988 939 806 911 798 735 724 727
2010 2009 1988 2003 2033 2023 2015 2031 2020 2053 2402 2400 2391 2318 2170 2022 2064 2065 2042 2072 2108 2090 2079 2140 2103 2138 2141 2165 2122 2125 2136 2124 2092 1961 1770 1797 1830 1615 1590 1406 1373 1185 1003 997 981 965 951 973 1007 922 936 901 891 897 954 1058 1146 1121 1280 1385 1373 1350 1365 1368 1286 1181 988 830 886 995 1064 1065 918 853 779 758 721 718 713
2035 2010 2015 2011 2019 2002 2009 1952 2389 2387 2085 1975 2208 2373 2258 2012 2040 2071 2035 2062 2076 2089 2100 2082 2085 2106 2163 2164 2126 2123 2128 2118 2062 1771 1505 1636 1678 1447 1315 1159 1184 1085 988 982 986 969 966 954 939 927 948 939 966 1021 1047 1188 1209 1267 1222 1331 1352 1372 1403 1368 1260 1215 899 927 1089 1229 1148 1062 934 826 738 716 711 715 708
2001 2010 2002 1983 1971 1948 1948 2450 2434 1955 1976 1986 2067 2226 2110 2017 2010 2132 2150 2059 2039 2066 2081 2095 2106 2108 2105 2139 2111 2122 2123 2106 2085 1994 1411 1556 1445 1562 1646 1378 1221 990 992 996 1003 951 946 954 967 981 970 983 1046 1078 1166 1284 1361 1279 1298 1256 1270 1377 1414 1345 1269 1244 972 1110 1255 1161 1092 1029 991 752 756 714 704 709 713
1990 1984 1983 1981 1963 1978 1954 2012 1974 1976 1974 1977 2061 2073 1980 2001 2021 2290 2280 2232 2062 2075 2049 2067 2078 2099 2113 2118 2105 2095 2109 2098 2017 1872 1468 1677 1747 1694 1678 1507 1364 1029 1014 964 957 946 936 954 1039 1071 1021 1036 1075 1130 1248 1365 1396 1358 1309 1314 1334 1388 1381 1287 1201 1084 1066 1164 1134 1070 1001 965 873 793 758 708 699 704 829
1963 1967 1953 1926 1928 1949 1948 1944 1948 1953 1958 1956 2219 2199 2151 1987 2001 2265 2107 2179 2022 2112 2101 2061 2084 2084 2073 2075 2110 2115 2080 2040 1944 1870 1643 1794 1761 1835 1815 1681 1464 1270 1205 1122 1017 979 940 925 966 906 1064 1161 1149 1234 1329 1385 1333 1344 1368 1369 1389 1379 1336 1296 1185 1128 1202 1149 1068 996 986 996 918 782 727 718 697 734 759
1953 1943 1907 1884 1927 1938 1935 1931 1936 1929 1939 1942 2043 2067 1961 1970 2095 2205 2208 2180 2038 2201 2197 2052 2144 2052 2067 2127 2120 2093 2094 2084 2072 2033 1799 1928 1877 1866 1790 1720 1640 1491 1332 1228 1074 1030 938 918 912 900 932 1050 1229 1319 1385 1351 1279 1346 1367 1386 1376 1294 1317 1324 1245 1264 1094 1023 967 961 1002 1060 937 780 748 772 739 764 802
1920 1911 1858 1893 1921 1914 1917 1916 1912 1906 1921 1932 2226 1989 1941 1952 2212 2169 2223 2222 2195 2110 2141 2106 2164 2121 2049 2061 2060 2073 2068 2071 2070 2062 1926 2007 1808 1547 1631 1627 1452 1434 1390 1188 1124 996 964 983 949 915 897 1070 1186 1384 1396 1278 1242 1321 1307 1288 1214 1245 1295 1340 1334 1233 1106 979 925 950 1025 1064 916 787 792 864 819 845 834
1808 1810 1817 1896 1844 1856 1885 1874 1894 1899 1902 1923 1921 1930 1926 1942 2084 2252 2160 2238 2130 2207 2184 2182 2119 2129 2114 2048 2054 2059 2064 2063 2060 2075 2046 2024 1868 1528 1600 1425 1323 1248 1280 1092 1079 1039 1060 1106 1019 916 903 1048 1394 1393 1306 1229 1222 1308 1206 1187 1202 1227 1329 1289 1186 1126 972 907 923 1011 990 942 873 939 911 871 910 928 1009
1829 1818 1822 1859 1864 1847 1884 1876 1881 1880 1892 1899 1889 1900 1933 2095 2286 2141 2255 2220 2219 2121 2188 2155 2029 2109 2102 2042 2037 2043 2054 2060 2054 2031 2040 2025 1860 1730 1717 1566 1545 1360 1257 1238 1223 1234 1276 1174 909 896 964 1074 1287 1332 1260 1193 1174 1185 1124 1178 1220 1282 1316 1220 1104 976 910 888 915 941 967 965 987 940 956 963 1017 968 928
1828 1856 1806 1863 1867 1859 1864 1859 1862 1864 1901 1886 1872 1955 2042 2278 2227 2237 2040 2196 2220 2022 2021 2022 2008 2137 2112 2075 2028 2087 2063 2060 2023 1998 2018 2032 1957 1908 1830 1737 1648 1541 1374 1415 1403 1375 1262 1056 932 890 926 1190 1194 1283 1232 1168 1137 1110 1059 1180 1271 1294 1148 1056 997 936 906 895 1012 954 1015 1024 1018 971 982 976 839 864 797
1831 1855 1843 1834 1849 1848 1847 1849 1844 1845 1872 1855 1856 1870 1911 2286 2225 1982 1981 2214 2198 2152 2058 1977 1982 2022 2123 2101 2047 2079 2032 1996 1895 1957 2013 1964 1970 1984 1909 1826 1693 1607 1601 1563 1526 1344 1213 1079 912 895 910 1070 1110 1239 1205 1145 1124 1130 1024 1078 1141 1195 1115 947 917 903 910 914 996 998 1049 1011 978 934 906 903 856 812 752
1840 1843 1840 1810 1825 1813 1830 1833 1824 1861 1874 1840 1841 1904 2083 2276 2234 1930 1946 2155 2015 2004 1966 1960 2014 2035 2039 2089 2088 2068 1991 1851 1819 1934 1965 1879 1834 1828 1913 1871 1736 1673 1639 1569 1511 1406 1322 1178 1053 931 885 924 1035 1185 1201 1131 1088 1083 1043 1026 1087 1014 982 932 905 903 947 1036 1146 1024 1005 932 867 829 798 840 791 709 736
1831 1828 1823 1810 1809 1797 1796 1802 1810 1869 1943 1819 1824 2073 2022 1877 2053 1895 1951 2025 1926 1924 1922 2029 2140 2130 2091 2090 1969 1833 1804 1520 1634 1812 1888 1787 1729 1728 1849 1840 1775 1696 1631 1567 1454 1341 1230 1116 1056 891 925 1023 1193 1160 1169 1139 1101 1117 1107 1106 973 946 946 916 908 960 1053 1127 1102 979 925 822 795 767 758 727 716 700 721
1813 1776 1792 1806 1776 1775 1778 1789 1852 1831 1802 1808 1809 1833 1837 1832 1834 1854 1853 1863 1904 1886 1926 2016 2048 2007 2093 2094 2070 1805 1619 1375 1586 1735 1808 1696 1550 1653 1757 1810 1757 1680 1597 1549 1425 1261 1134 1015 917 893 1050 1069 1203 1170 1135 1126 1146 1187 1156 1189 1033 947 946 946 939 1016 1168 1059 968 907 823 769 757 726 710 709 692 686 704
1761 1791 1752 1766 1758 1758 1762 1769 1804 1790 1780 1791 1792 1797 1804 1899 1911 1868 1859 1874 1861 1895 1901 1943 1935 1945 2000 2032 2045 1962 1751 1263 1439 1690 1720 1627 1453 1542 1663 1721 1684 1606 1525 1495 1399 1269 1128 1016 929 913 1115 1212 1181 1145 1130 1166 1204 1210 1208 1203 1027 1000 972 957 1079 1096 1073 960 888 811 774 737 723 694 665 683 672 680 728
1746 2028 1731 1757 1747 1776 1765 1766 1755 1762 1779 1770 1822 1875 2004 2186 2151 1964 1959 1886 1869 1928 1910 1980 2056 2007 2070 2087 2062 2038 1780 1444 1413 1593 1573 1454 1278 1507 1604 1675 1609 1529 1365 1268 1262 1218 1107 997 886 960 1169 1217 1184 1119 1117 1153 1189 1219 1247 1234 1056 1007 993 998 1135 1151 1097 920 823 760 747 727 704 681 665 670 669 681 702
1965 2170 1801 1715 1758 1729 1761 1758 1757 1756 1764 1752 1786 1819 2253 2287 2255 2220 2075 1908 1848 1974 1942 2048 2091 2121 2086 1997 2042 1944 1707 1464 1463 1479 1445 1366 1338 1441 1562 1596 1495 1433 1197 1211 1110 1013 1025 922 882 1081 1148 1195 1141 1120 1120 1214 1239 1251 1217 1145 1035 941 853 979 1073 1050 926 865 761 731 703 704 678 669 660 652 662 679 751
2027 2211 2145 1745 1720 1746 1725 1729 1721 1740 1731 1740 1744 1889 2021 2077 2253 2255 2126 1882 1837 1891 1899 2057 2121 2091 1935 1877 1906 1606 1412 1321 1244 1325 1294 1259 1314 1416 1527 1462 1396 1351 1112 1071 953 954 942 894 891 1148 1152 1140 1121 1127 1166 1207 1259 1315 1188 1098 988 856 773 812 874 878 819 851 752 715 698 692 681 670 662 653 644 648 834
2015 2206 1997 1685 1732 1717 1696 1705 1787 1760 1818 1812 1731 1767 1862 2090 2005 2202 2237 2051 1887 1848 1893 2035 2023 2111 2053 1990 1756 1575 1539 1443 1202 1176 1166 1149 1230 1332 1385 1426 1209 1111 960 943 912 898 890 881 886 1076 1087 1122 1114 1132 1183 1233 1295 1265 1212 1101 1008 815 775 759 763 787 750 731 730 711 702 693 687 673 666 654 646 671 706
2178 2421 1913 1669 1716 1691 1679 1944 1805 1800 1833 1923 1821 1890 1875 2003 2273 2258 2234 2128 2148 1957 1873 1900 1916 2035 2086 1965 1699 1669 1660 1489 1489 1238 1247 1189 1160 1187 1275 1295 1168 968 983 1051 1080 1092 1040 933 937 950 1079 1125 1122 1144 1223 1283 1203 1204 1189 1070 978 866 782 759 752 745 736 730 720 714 706 697 690 680 671 660 652 715 773
1948 2362 2001 1650 1703 1694 1665 2063 1968 1852 2184 1949 1959 2055 2222 2272 2197 2058 2226 2212 2173 2084 2061 1914 1964 2005 2074 1959 1763 1790 1618 1649 1522 1284 1358 1273 1095 1024 1122 1192 1109 989 920 1000 1110 1160 1189 1104 1079 1053 1102 1113 1135 1204 1204 1177 1158 1176 1097 1044 905 834 780 760 754 745 740 735 726 718 711 704 695 686 675 668 717 800 880
1851 1929 1724 1632 1694 1663 1651 1915 1851 1799 2067 1888 1777 1887 1995 2298 2025 2214 2149 2091 2126 2169 2121 1982 2044 2100 2023 2051 1887 1763 1835 1789 1578 1407 1441 1355 1018 952 961 1049 961 921 1006 1107 1116 1171 1307 1275 1142 1094 1154 1107 1093 1168 1229 1111 1092 1100 1047 935 859 802 784 763 760 755 746 739 733 725 717 710 703 695 687 734 862 903 757
2050 2221 1650 1652 1675 1677 1654 1690 1682 1665 1668 1706 1710 1777 1858 2203 2211 2237 1907 1873 1950 2161 2075 2067 2101 2099 1991 2064 2029 1951 1918 1816 1595 1559 1366 1155 966 947 941 933 923 1084 1107 1219 1206 1212 1278 1323 1227 1175 1146 1095 1097 1173 1189 1113 1091 941 901 856 798 781 774 766 761 753 749 744 740 732 725 720 713 706 700 829 928 848 741
2293 2279 1654 1612 1665 1642 1626 1629 1647 1645 1655 1668 1715 1693 1733 2101 1997 1905 1782 1845 2025 2169 2035 2079 2118 2092 1917 2017 1969 1893 1790 1743 1680 1606 1402 1208 1029 944 965 952 982 1134 1287 1208 1184 1187 1239 1318 1284 1191 1157 1074 1102 1165 1145 1157 1108 889 816 800 786 781 772 767 765 762 756 751 747 742 735 727 748 726 734 765 828 715 673
2205 2234 1649 1619 1639 1601 1707 1641 1623 1635 1652 1645 1653 1663 1726 1906 1833 1723 1745 1809 1839 1978 2156 2013 2054 1987 1892 1952 1817 1699 1707 1571 1535 1457 1202 1067 975 937 967 1125 1145 1182 1273 1194 1142 1140 1168 1290 1293 1164 1104 1003 1105 1117 1128 1148 1101 894 811 795 789 783 778 776 772 768 761 757 750 745 767 917 908 773 738 720 712 704 695
2147 1874 1614 1577 1633 1594 1746 1711 1728 1620 1622 1636 1645 1648 1656 1678 1699 1767 1806 1787 1809 1903 2151 1954 1763 1868 1732 1893 1779 1637 1539 1400 1334 1200 986 950 943 944 1000 1146 1217 1289 1220 1162 1121 1115 1157 1246 1212 1176 1074 939 1058 1110 1117 1131 1108 895 807 798 790 786 782 780 777 774 768 764 753 813 979 1086 1028 753 741 738 732 728 718
1892 1815 1592 1580 1620 1583 1652 1703 1805 1607 1687 1757 1751 1641 1653 1756 2022 2098 2108 2038 2034 2137 2043 1870 1689 1643 1593 1608 1678 1575 1345 1117 1020 1004 961 947 950 967 1080 1183 1202 1273 1229 1123 1103 1102 1174 1176 1176 1179 1034 873 944 1018 1127 1113 1108 862 802 799 794 790 788 785 782 779 776 759 864 1101 1146 1114 939 756 760 756 751 747 743
1620 1780 1562 1588 1605 1567 1572 1611 1730 1616 1810 2234 2057 1671 1644 1692 1857 1833 2037 2076 2162 2162 2112 1821 1729 1576 1483 1440 1497 1432 1206 983 958 949 945 957 979 1070 1195 1223 1169 1222 1157 1088 1074 1084 1126 1135 1179 1108 981 864 861 904 1029 1120 967 826 805 802 799 796 793 789 788 785 767 825 1059 1110 1101 990 773 777 778 777 777 777 778
1543 1547 1538 1580 1555 1561 1564 1672 1735 1615 1911 2412 2096 1759 1680 1642 1691 1708 1694 1756 1928 1949 2098 1988 1778 1700 1578 1450 1393 1214 1040 1014 956 980 967 1031 1086 1188 1142 1140 1113 1123 1057 982 949 1092 1105 1122 1130 1069 892 851 839 882 964 1116 917 851 805 805 802 800 798 797 794 791 769 871 1009 1087 957 776 791 795 794 801 803 803 790
1523 1542 1563 1577 1545 1552 1657 2086 2068 1643 2038 2384 1835 1995 1782 1662 1738 1751 1691 1731 1783 1825 2060 2070 1936 1810 1620 1458 1391 1331 1086 958 1062 1094 1106 1207 1173 1147 1120 1117 1123 1026 938 919 965 1072 1106 1096 1073 962 874 844 853 928 1067 1115 890 808 807 806 806 804 803 788 779 796 778 786 823 796 777 800 807 809 817 820 826 832 809
1516 1554 1550 1524 1530 1622 2146 2385 2305 1911 2281 2049 1740 1909 1714 1639 1862 1728 1867 1774 1763 2035 1900 1897 2016 1769 1630 1593 1435 1288 1129 1043 982 1118 1189 1145 1122 1112 1115 1137 1098 956 903 900 959 1082 1100 1103 1098 914 853 842 881 978 1090 917 822 812 812 812 810 808 808 807 801 804 804 807 808 810 813 816 821 826 831 839 820 810 830
1526 1522 1522 1528 1663 1973 1775 2071 1987 2378 2458 2100 1735 1683 1682 1642 1840 1808 1824 1926 1869 1774 2110 2019 2029 1785 1713 1629 1443 1265 1098 948 975 1099 1089 1101 1106 1130 1145 1145 1080 916 892 890 978 1102 1106 1104 1104 911 849 840 896 890 939 901 838 873 816 814 813 816 814 811 778 811 812 814 815 820 823 827 834 841 849 856 831 931 836
1515 1501 1506 1530 1660 1712 1627 1709 2129 2459 2205 1926 1728 1853 1823 1709 1978 2217 1848 1943 2007 1865 1989 2085 2018 1873 1696 1602 1495 1287 1029 972 1075 1069 1044 1101 1100 1138 1156 1093 978 900 884 897 1029 1101 1127 1103 943 863 843 836 842 850 870 892 920 957 820 818 819 816 815 817 811 811 818 822 825 830 835 840 849 853 862 862 886 835 839
1502 1497 1499 1515 1559 1618 1601 1684 1873 2439 2340 1921 1767 2161 1822 1726 2182 2235 2183 2060 2128 2095 2107 2064 2025 1880 1584 1426 1354 1201 1022 956 1036 1025 1085 1078 1127 1128 1107 1062 929 892 879 902 1074 1121 1110 1057 921 854 834 834 841 852 900 929 1014 1056 821 818 822 822 816 823 807 825 830 832 835 842 849 853 856 867 909 960 844 839 888
1511 1558 1499 1578 1780 1795 1654 1660 1845 2039 2222 1904 1832 2265 1829 1833 1920 1935 2107 2162 2032 1872 1897 2012 2011 1790 1589 1393 1163 975 928 1027 1012 1063 1068 1029 1071 1034 1037 955 893 874 873 888 1048 1114 1097 980 873 840 831 826 851 893 1019 1094 1027 807 821 826 825 823 799 826 832 832 836 843 848 855 859 849 802 925 1166 963 854 862 914
