data/layers/bio18.asc
NCOLS 507 
NROWS 956 
XLLCORNER -77.7833333333333 
YLLCORNER 0 
CELLSIZE 0.00833333333333335 
NODATA_value -3.4e+38 
[rows 798 to 835 of 956, columns 85 to 169 of 507]
625 599 617 517 490 528 504 515 529 508 547 626 587 580 718 783 785 772 732 713 734 730 726 776 771 839 773 770 807 777 854 721 819 874 593 481 579 583 590 593 585 467 462 537 489 479 473 483 471 508 543 536 532 532 524 740 761 769 761 755 690 746 775 768 775 774 758 689 721 777 777 761 751 743 762 753 746 704 645 679 583 533 573 612 492
542 517 492 505 499 490 540 519 507 523 599 715 680 668 665 746 796 747 725 734 773 750 731 760 751 764 803 764 775 788 885 642 605 634 590 477 484 586 556 581 553 460 470 482 493 527 541 487 511 557 502 634 507 600 566 625 710 778 747 773 758 785 673 777 779 704 677 701 786 694 778 691 784 685 778 768 725 690 643 694 631 606 634 578 575
612 556 501 478 483 541 549 521 505 529 609 687 769 768 700 792 781 754 744 780 814 760 743 743 751 756 782 768 787 809 889 727 579 475 490 452 459 580 469 566 463 469 463 466 469 510 519 546 574 582 536 559 580 616 662 736 713 783 782 678 692 773 688 795 745 670 658 757 792 787 787 698 696 787 691 757 705 667 717 573 624 484 481 589 583
546 495 487 512 501 585 600 532 512 547 581 743 770 752 729 793 775 785 824 832 780 759 748 743 754 763 782 782 843 895 816 617 584 459 447 450 455 459 460 489 497 492 509 489 473 469 403 487 463 510 485 529 478 650 674 766 772 773 794 750 761 786 798 780 710 667 728 779 708 802 706 742 793 703 701 688 764 737 716 558 621 510 573 558 545
642 538 591 572 581 620 598 584 555 575 659 748 723 734 744 799 804 809 793 839 804 761 761 759 763 807 795 798 895 834 653 595 493 467 451 473 469 453 548 599 618 679 627 495 478 497 593 475 491 481 490 454 606 616 695 778 790 784 795 717 682 810 809 756 715 673 681 807 716 713 809 714 712 711 708 732 665 612 648 699 654 708 650 609 603
616 587 664 644 621 583 552 552 549 599 708 705 678 727 716 777 807 679 739 846 822 791 776 771 772 800 859 804 847 920 736 614 598 596 447 491 464 453 474 609 717 713 663 653 644 632 514 518 600 484 501 538 523 636 746 818 774 807 788 791 769 810 721 698 726 651 603 815 727 724 813 801 718 793 743 785 712 634 662 626 654 665 569 638 564
652 653 688 608 556 533 523 531 554 623 633 633 631 684 698 616 598 633 699 837 851 835 816 793 821 825 903 873 921 796 663 632 600 478 395 484 480 457 605 643 694 695 688 499 486 486 620 606 506 481 499 469 575 681 809 832 747 825 735 796 694 836 811 774 753 752 691 811 804 728 805 777 822 673 677 772 659 572 606 500 555 585 519 619 650
685 692 674 615 534 520 521 537 537 580 581 638 654 618 604 538 533 554 643 788 867 878 884 893 907 909 901 852 659 662 613 499 451 389 409 433 480 455 471 616 614 615 513 497 482 492 484 479 498 499 529 497 613 734 796 845 763 841 749 757 784 715 847 832 708 734 711 742 727 825 740 687 718 615 692 739 640 536 589 614 624 557 628 582 492
686 693 658 621 538 540 561 559 528 540 556 605 643 589 559 564 548 549 626 676 770 823 788 884 849 916 879 640 589 488 499 598 590 467 414 452 401 482 502 601 472 468 489 478 490 464 487 432 523 506 483 553 661 754 740 809 855 728 749 732 790 782 748 830 741 662 644 654 534 580 543 594 646 630 685 784 675 622 515 587 470 587 587 464 461
678 672 638 590 556 604 626 621 610 553 579 631 595 557 526 527 482 538 559 620 669 770 698 801 844 876 811 778 499 598 379 382 442 423 433 525 390 601 623 460 399 404 400 403 524 598 460 594 560 678 550 616 731 706 776 852 814 768 827 829 735 789 771 763 657 524 507 466 512 520 494 442 492 543 694 661 718 603 531 637 633 566 563 453 568
687 692 679 594 601 638 648 645 581 570 568 643 576 515 531 539 577 538 544 555 630 756 611 673 826 925 769 703 592 601 437 385 443 396 434 452 464 494 394 399 422 451 474 497 501 616 675 591 667 684 658 781 754 737 858 833 849 843 874 865 877 867 809 816 707 624 591 511 666 491 465 466 477 506 650 596 601 689 713 633 555 503 567 566 456
684 694 629 642 645 675 662 599 592 566 596 550 510 487 478 496 480 553 549 556 555 587 582 587 675 673 654 677 604 477 449 459 430 442 521 510 427 421 454 450 452 609 542 639 694 701 699 748 873 848 870 807 785 883 887 894 887 864 804 765 737 685 820 856 859 764 635 641 609 576 573 493 564 509 565 644 570 596 527 668 508 499 579 456 462
686 695 677 684 703 720 658 606 580 548 525 530 541 578 499 386 503 389 597 496 572 560 571 589 604 632 721 687 600 609 384 402 428 409 389 414 450 534 487 563 585 609 645 675 654 551 709 868 811 898 879 905 906 895 907 900 775 664 706 559 518 503 500 806 732 793 862 729 641 545 497 449 549 578 615 615 613 475 575 520 508 484 477 570 579
687 694 700 710 706 677 660 647 521 495 510 546 495 486 468 430 430 432 460 468 505 589 481 606 577 601 720 770 596 472 438 382 460 386 483 453 455 411 478 453 513 481 517 569 488 546 615 799 802 859 895 919 809 820 809 817 654 587 525 491 500 507 698 909 826 694 707 535 489 541 546 548 545 457 524 578 506 483 490 514 606 573 570 582 629
688 692 701 707 640 658 693 526 510 486 543 500 360 415 418 358 420 425 426 435 497 490 498 590 581 583 669 641 601 506 456 441 448 481 621 622 625 460 484 480 438 472 446 511 475 496 544 743 739 864 916 885 918 935 931 830 733 574 519 479 469 534 879 818 864 596 478 457 540 541 547 716 447 460 492 623 486 476 485 585 473 576 458 521 591
686 695 699 551 555 603 599 581 484 525 480 467 419 414 416 416 418 420 421 424 439 462 495 432 585 584 606 596 627 603 487 476 495 623 683 817 644 470 487 455 476 480 473 480 437 441 539 730 762 908 930 794 914 812 946 807 712 555 511 466 453 530 754 837 809 757 586 589 473 487 488 548 555 478 486 599 483 562 565 459 567 571 573 538 648
687 674 629 532 475 471 522 472 527 496 571 357 416 415 415 416 418 361 361 425 371 377 487 442 493 501 589 642 781 609 621 614 617 508 636 900 636 400 476 430 489 491 477 479 481 453 556 743 888 951 956 768 926 906 948 757 643 549 512 560 512 611 810 749 834 901 890 752 690 581 677 548 460 465 576 498 483 564 481 520 512 460 460 516 584
678 670 531 475 451 454 452 469 500 485 357 416 415 416 416 417 420 351 428 431 375 376 485 504 517 513 611 861 702 606 614 723 680 625 689 1043 702 507 469 468 500 473 428 457 518 556 566 729 720 918 957 782 848 774 973 805 642 633 582 557 595 776 835 745 838 736 553 638 555 582 548 556 552 556 482 498 478 576 526 643 582 584 582 575 691
686 694 559 448 433 443 461 483 579 446 419 418 357 419 420 423 349 352 368 434 458 398 525 519 589 595 605 679 739 647 782 983 947 662 911 992 649 501 507 407 402 477 405 442 530 552 679 819 967 966 919 853 807 881 993 945 882 741 559 520 520 604 874 801 868 644 688 550 479 546 723 576 455 557 455 458 469 507 561 731 674 528 516 710 733
642 550 547 430 434 464 490 465 373 426 422 420 420 423 424 426 429 430 373 363 414 498 486 480 586 594 620 666 778 889 1013 883 842 1038 908 910 518 515 653 401 521 521 478 419 505 706 849 883 940 843 807 834 811 772 996 829 729 625 578 545 597 685 885 756 880 838 862 648 536 454 569 567 559 564 563 563 567 527 692 813 672 664 615 642 650
637 502 437 438 450 459 422 577 442 433 427 425 424 424 366 429 367 371 398 546 603 570 571 748 651 679 660 743 906 992 930 897 884 835 844 985 540 762 756 493 478 492 424 486 578 787 892 964 1020 892 802 774 893 842 989 842 716 625 563 612 803 882 761 848 922 812 740 604 585 558 555 459 466 484 473 567 473 510 605 831 769 857 670 623 687
593 521 460 428 402 462 483 428 467 451 426 427 425 366 339 368 370 376 531 575 563 601 629 741 936 843 744 673 770 1042 982 1014 971 965 871 1014 1006 920 725 503 425 470 522 604 668 899 951 985 1035 927 851 819 839 835 1014 872 738 645 556 543 759 971 809 801 968 793 648 535 515 466 491 520 501 509 538 517 575 576 661 860 911 761 788 704 767
522 457 434 426 438 524 570 463 495 382 427 428 428 428 429 342 374 421 551 555 679 909 947 966 979 929 924 648 625 642 685 818 1017 912 845 1007 966 676 517 405 393 439 545 718 897 987 1039 1046 888 880 858 825 753 902 966 903 746 645 568 528 715 836 809 815 995 844 656 662 532 544 562 569 593 627 553 601 741 740 648 748 790 833 872 850 779
528 492 487 445 444 522 539 456 456 501 445 429 429 430 343 521 558 540 632 732 858 920 927 888 936 951 989 715 614 615 830 1035 885 868 563 759 655 520 418 408 436 504 536 680 817 1015 1055 895 930 906 877 860 866 886 979 922 730 643 598 711 925 933 777 812 878 829 715 778 715 671 582 657 768 612 544 688 862 820 826 848 802 838 838 784 846
573 550 451 442 487 490 459 421 527 448 507 456 495 551 519 530 590 549 456 592 577 655 670 953 932 849 829 637 610 638 1026 949 894 917 1036 916 655 517 389 413 439 497 624 736 866 1036 1065 999 1081 844 816 829 766 770 952 1028 797 692 761 951 849 814 835 879 914 963 841 948 723 794 711 772 631 524 556 631 759 847 849 818 797 850 850 850 850
607 608 465 422 441 438 449 457 467 474 405 463 455 414 458 459 531 416 419 562 595 419 637 920 697 646 802 632 518 503 937 973 713 512 702 770 727 460 393 418 485 466 624 771 809 1013 912 1055 1007 930 918 808 841 871 1065 994 762 717 639 950 830 858 822 826 800 819 876 978 954 800 857 736 549 559 749 782 821 832 804 798 857 856 855 853 852
622 555 450 461 503 439 464 495 495 411 493 429 438 357 352 355 494 363 365 407 431 570 473 606 772 606 600 491 419 653 700 819 637 514 516 514 670 657 478 442 505 504 675 741 863 970 991 965 1060 883 923 828 873 817 964 1006 841 709 654 1062 792 861 806 925 926 927 866 869 692 668 581 558 536 645 770 856 857 855 799 861 859 859 857 857 856
624 493 515 611 492 392 489 551 501 421 480 444 542 446 522 414 359 406 449 424 513 580 401 414 667 697 634 495 516 497 501 505 398 513 652 398 665 526 409 494 504 572 723 835 835 985 1078 1036 1041 984 887 817 898 880 909 1031 941 831 755 1010 873 860 1005 926 950 963 789 773 603 521 523 677 617 742 881 866 864 868 864 863 861 863 859 857 856
610 589 617 612 464 535 627 493 395 453 495 516 407 436 572 524 403 419 466 396 365 525 370 401 676 483 624 425 514 513 394 458 398 405 477 436 526 680 524 415 433 559 671 702 806 870 953 1053 1151 943 895 867 933 802 972 1095 926 982 821 1001 815 870 926 871 765 670 680 602 709 676 607 719 815 883 874 874 809 869 867 864 862 862 861 859 858
635 639 603 550 478 629 681 548 441 483 559 703 507 553 808 688 479 519 390 458 544 396 373 388 478 393 514 452 417 508 502 511 400 480 406 411 511 515 516 519 393 455 655 767 809 884 980 879 1061 1161 891 864 864 921 863 1008 972 890 978 1007 904 803 859 951 867 690 691 711 792 884 947 906 872 873 875 820 868 871 870 866 863 861 862 859 860
538 495 510 541 626 708 647 463 474 532 740 727 529 712 728 562 537 507 365 382 441 403 394 375 392 445 396 392 417 646 627 504 639 401 457 435 491 409 409 397 414 518 721 906 965 1032 928 1026 1003 1064 832 830 827 850 850 998 1066 877 984 991 974 882 899 914 929 811 893 844 907 902 878 881 886 884 885 873 868 873 872 869 865 862 859 861 859
513 520 501 596 708 712 623 504 485 686 755 748 723 789 604 553 457 394 393 367 387 439 459 583 542 604 541 396 374 385 393 415 511 512 497 602 605 487 436 494 492 557 635 893 934 1095 1029 1127 1042 1061 869 923 828 829 870 1003 1000 1021 990 996 993 973 902 896 938 950 936 881 893 883 892 877 874 873 880 875 870 874 872 869 866 863 860 861 858
517 535 631 698 700 699 625 515 674 750 747 775 774 764 763 689 537 454 414 479 410 437 390 408 585 547 532 557 468 405 454 404 386 408 474 522 521 641 609 488 416 435 553 718 895 1028 1116 979 892 841 880 867 838 874 885 870 965 896 889 876 938 880 918 898 825 908 878 800 889 869 871 870 869 955 868 874 870 867 862 866 865 863 859 857 859
490 569 677 696 700 713 685 717 718 734 753 751 775 781 804 623 585 552 455 385 386 395 435 456 567 451 471 460 701 565 499 496 402 406 484 436 571 698 652 566 457 435 544 791 965 1030 1102 970 849 843 888 895 891 905 912 913 905 900 901 928 914 858 884 882 881 803 879 877 874 872 871 870 956 957 866 866 863 869 864 867 866 866 863 857 860
547 599 682 695 695 698 717 730 710 736 726 626 530 590 702 541 374 464 451 434 387 440 421 423 420 384 404 415 495 584 664 590 485 588 548 549 511 521 727 585 477 434 639 888 1058 1020 1028 926 888 881 888 888 909 915 920 923 912 906 905 832 896 894 818 884 883 883 880 878 877 874 875 872 958 958 868 866 864 864 864 863 867 867 862 858 855
571 635 679 693 697 693 717 713 696 481 756 693 419 425 524 533 485 384 388 419 418 391 368 455 370 485 617 457 399 507 658 796 803 765 748 694 605 570 673 817 592 512 744 915 983 997 1085 902 902 888 903 909 916 917 925 931 935 933 921 915 900 899 820 889 924 908 916 880 879 878 877 875 959 870 869 867 868 864 866 862 863 961 959 861 856
593 657 684 689 694 695 699 690 698 721 743 751 523 374 375 375 429 376 437 437 384 412 382 453 366 604 385 403 474 581 629 587 544 521 642 794 969 902 849 763 900 845 944 1074 1007 1039 924 896 855 902 908 913 918 922 925 931 936 937 938 933 930 935 927 929 931 935 919 919 924 879 878 876 960 873 960 870 868 864 863 863 865 863 861 860 857
634 658 676 690 697 699 709 710 709 711 720 756 598 543 374 375 370 398 477 360 441 468 397 591 611 605 382 405 477 424 452 410 429 463 591 626 847 647 800 938 1038 982 978 946 943 917 874 868 899 905 912 918 919 924 924 930 933 936 935 932 928 928 924 922 933 940 926 923 931 895 875 875 873 873 871 868 868 868 865 863 862 863 861 860 858
