data/layers/bio1.asc
NCOLS 507 
NROWS 956 
XLLCORNER -77.7833333333333 
YLLCORNER 0 
CELLSIZE 0.00833333333333335 
NODATA_value -3.4e+38 
[rows 156 to 194 of 956, columns 352 to 439 of 507]
229 230 229 222 223 222 230 230 233 233 234 227 230 234 236 235 238 240 242 241 242 242 242 246 255 257 256 261 258 254 258 264 257 257 259 262 266 264 272 262 259 260 265 266 266 269 271 271 273 276 278 279 279 279 279 279 279 279 279 279 279 279 279 279 280 280 280 280 280 280 280 279 279 278 278 279 280 279 279 279 280 280 280 279 279 278 -3.4e+38 -3.4e+38
229 229 226 226 222 225 229 232 235 235 230 232 231 231 235 233 237 238 243 239 241 242 244 249 257 258 260 263 263 265 265 266 258 258 260 265 271 273 266 258 259 260 264 266 266 269 271 271 273 277 278 279 279 279 279 279 279 279 279 279 279 279 279 279 279 279 280 280 280 280 280 279 278 278 278 280 280 278 278 280 280 280 280 280 279 278 279 -3.4e+38
231 231 231 232 229 229 227 228 229 233 228 231 230 230 232 234 237 239 239 240 243 244 244 246 252 257 259 261 257 258 263 267 263 267 267 270 273 256 257 258 259 262 264 265 268 268 271 273 274 277 276 278 279 279 279 279 279 279 279 279 279 279 279 279 279 280 280 280 280 278 279 279 278 278 279 280 280 279 279 280 280 280 280 280 280 279 279 -3.4e+38
226 224 230 230 232 230 225 226 228 232 227 228 230 230 233 236 235 241 241 241 239 246 246 245 253 256 262 259 256 257 264 260 263 268 273 270 260 256 257 259 259 264 264 266 268 267 271 273 273 275 277 278 279 279 278 279 279 279 279 279 279 279 279 279 280 279 279 279 280 280 279 279 279 279 280 279 280 280 279 280 280 280 280 280 280 280 279 -3.4e+38
224 226 228 229 231 229 227 229 231 230 229 228 228 231 232 237 238 241 243 238 243 248 250 253 252 256 260 259 258 263 264 262 266 272 272 260 256 258 258 260 260 265 265 266 268 271 272 274 275 275 279 278 279 279 279 279 279 279 279 279 279 279 279 279 279 279 280 279 279 280 279 280 278 279 278 279 279 279 279 280 280 280 280 280 280 280 279 -3.4e+38
225 225 229 229 229 228 228 228 230 228 229 227 229 231 232 235 241 242 243 243 247 251 254 258 257 258 257 258 264 266 264 267 269 268 270 256 255 258 261 262 264 263 267 268 269 271 273 275 274 276 279 279 278 279 279 279 279 279 279 279 279 279 279 277 279 280 279 279 280 279 279 279 279 278 278 278 279 280 280 280 279 280 280 280 280 280 280 279
226 229 227 227 225 226 227 228 230 228 228 226 228 229 228 234 236 240 242 242 244 248 244 249 254 256 249 258 265 269 266 271 263 266 260 258 256 257 256 262 262 265 267 270 271 272 273 275 275 277 279 279 279 279 279 279 279 279 277 279 279 279 279 279 279 279 279 280 280 279 278 279 279 277 277 278 279 280 280 280 280 280 280 280 280 280 280 279
224 226 225 225 226 226 229 226 226 227 230 227 227 229 230 234 236 238 241 246 245 243 241 245 257 256 249 257 265 269 270 266 259 257 254 257 258 263 262 261 263 264 267 270 271 272 273 274 275 279 279 279 279 279 278 279 278 278 279 278 279 279 279 279 279 279 279 280 279 279 279 279 279 278 277 279 280 280 280 279 279 280 280 280 280 279 279 277
224 226 226 227 226 224 227 230 227 226 231 232 229 230 231 233 235 237 238 244 242 245 241 248 260 256 252 260 264 268 268 257 250 251 256 258 259 261 263 264 263 267 271 271 271 274 275 275 276 279 279 278 279 279 279 279 279 279 278 279 279 279 279 279 279 280 279 279 279 279 279 279 279 279 279 280 280 280 280 280 279 280 280 280 280 280 279 279
224 224 227 226 225 225 225 229 226 227 226 231 230 230 232 233 234 238 241 242 243 247 245 252 259 259 252 261 264 269 265 249 248 251 257 258 261 260 261 262 265 264 269 271 273 274 275 275 277 277 277 279 278 279 279 279 279 278 278 279 279 279 279 279 279 279 279 279 279 279 279 279 279 279 280 280 280 280 279 280 280 280 280 280 279 279 279 278
226 226 227 228 226 224 224 228 226 231 229 228 230 230 232 233 235 237 241 242 244 245 249 256 264 262 258 265 269 263 260 253 251 251 253 257 259 259 261 263 264 267 269 271 271 274 272 277 278 278 277 278 279 279 279 279 279 279 279 278 279 278 279 279 279 279 279 279 280 280 278 279 279 278 279 280 280 280 279 280 279 280 279 280 280 279 279 278
226 226 228 231 229 231 225 226 224 230 234 231 235 233 232 234 235 239 242 244 245 248 246 252 260 259 263 262 262 259 249 251 251 253 252 256 257 259 261 263 264 269 270 270 272 274 274 277 279 278 278 278 278 279 279 279 279 279 279 278 279 278 279 279 279 279 279 279 279 279 278 278 278 279 279 280 279 279 279 279 279 280 280 280 279 279 278 279
227 230 230 231 232 235 229 229 225 228 233 234 238 237 234 234 239 242 241 244 241 250 247 248 256 259 261 263 251 249 247 251 252 254 256 258 259 260 262 262 269 269 270 273 274 274 275 278 278 278 279 279 279 279 279 279 278 279 279 278 278 278 278 279 279 279 279 279 279 279 278 279 279 279 280 280 279 279 280 279 279 280 280 279 279 279 279 279
230 231 230 233 234 234 234 233 228 229 236 237 236 235 237 234 236 241 244 245 245 249 251 254 259 261 262 263 252 247 249 254 256 253 257 261 260 262 262 266 269 269 272 274 273 274 277 278 278 279 279 279 279 279 279 279 279 279 278 279 278 278 279 279 279 279 279 279 279 279 279 279 279 279 279 279 279 279 279 278 279 279 279 279 279 279 279 279
225 231 231 231 230 234 234 234 230 228 237 236 238 238 238 238 234 240 242 244 244 244 247 247 253 259 261 264 252 249 251 251 250 256 250 258 262 262 266 262 265 270 273 273 273 273 272 278 279 279 279 279 279 279 279 279 278 279 278 278 278 277 278 279 279 279 279 279 279 279 279 279 279 279 278 279 279 279 279 279 279 279 279 278 279 279 279 279
225 227 229 228 230 236 234 234 230 230 232 236 238 240 238 237 236 237 243 240 243 242 242 244 251 257 262 263 252 249 251 253 251 254 257 257 256 264 264 260 265 268 272 274 273 272 271 278 278 278 279 279 279 279 279 278 278 278 278 279 277 277 278 279 279 279 279 279 279 279 278 279 279 279 278 279 279 279 278 278 279 279 278 278 279 279 279 279
233 230 228 227 230 236 231 235 237 236 234 239 239 241 241 239 237 237 242 240 240 242 241 246 250 260 266 258 253 249 252 255 253 256 249 257 258 264 263 264 268 270 273 272 271 274 277 278 278 278 279 279 279 279 278 278 278 278 278 278 278 277 278 278 279 279 279 279 279 279 278 279 279 279 278 279 279 278 278 279 279 279 279 278 279 279 279 279
238 233 224 228 232 235 234 234 237 238 236 232 238 240 241 242 241 237 239 244 244 242 242 245 248 256 263 257 252 252 250 256 254 254 249 253 261 263 266 266 269 271 271 270 269 278 278 278 278 278 279 278 278 278 278 278 278 278 278 278 277 277 277 277 279 279 278 279 279 279 278 278 279 279 278 279 279 279 278 279 278 279 278 278 279 279 279 279
239 238 225 229 230 231 237 233 236 239 239 237 238 235 237 240 242 242 239 243 245 243 244 246 247 258 260 253 251 252 254 253 252 254 254 257 262 263 265 266 268 272 271 271 273 274 278 278 278 278 278 278 278 278 278 278 278 278 278 277 276 276 277 277 277 277 278 278 278 278 278 278 279 279 279 279 279 278 278 278 278 278 278 278 278 279 279 278
239 239 241 232 227 226 233 237 236 233 240 241 240 243 237 239 240 241 242 242 245 243 244 248 253 261 255 254 253 251 254 257 258 256 255 255 261 265 266 268 271 272 272 273 275 278 278 278 278 278 278 278 279 278 279 278 278 278 278 277 277 277 277 277 277 277 277 278 278 278 278 278 279 278 278 279 279 278 278 277 277 277 278 278 279 279 279 278
239 240 241 233 228 227 231 233 237 233 240 242 244 244 237 240 242 242 246 247 247 247 244 253 256 263 254 252 253 254 253 257 257 258 253 257 262 265 267 268 270 272 274 274 275 278 278 278 277 277 277 278 278 278 279 278 278 278 278 278 277 277 277 277 277 277 277 277 278 278 278 278 279 278 278 279 278 278 278 277 277 277 278 278 278 279 278 278
240 239 239 241 237 234 228 230 235 237 235 235 242 243 241 243 242 240 243 248 250 251 254 255 259 263 255 252 250 254 254 257 258 261 257 257 263 266 266 265 268 271 270 276 275 278 277 278 277 277 278 278 278 278 279 278 278 277 277 278 277 277 277 277 277 277 276 277 278 278 278 278 279 278 278 277 278 278 278 278 277 277 278 278 278 278 278 278
236 239 240 241 236 235 226 228 232 237 235 233 241 242 244 244 246 250 250 250 250 250 250 250 263 258 253 250 250 254 254 258 260 260 260 261 265 267 266 258 267 271 272 278 275 278 278 278 278 278 278 278 278 278 278 279 279 278 278 277 277 277 277 277 277 277 276 277 277 278 278 278 279 278 278 278 278 278 278 278 278 277 277 278 278 278 278 278
236 238 238 241 239 237 229 227 230 235 235 234 235 238 241 242 242 249 250 250 251 250 251 245 259 252 253 250 251 255 255 256 262 263 263 264 266 268 267 265 267 271 274 275 278 278 277 277 278 278 278 278 278 278 278 279 279 279 277 278 277 277 277 277 276 276 278 277 278 278 278 278 278 278 278 277 278 278 278 278 277 277 277 278 278 278 278 278
238 238 239 240 242 238 237 232 230 233 236 236 234 239 239 239 243 246 250 251 251 251 250 248 255 252 253 251 250 256 258 258 264 266 265 266 268 268 269 269 270 275 273 277 277 278 277 278 278 278 278 278 278 278 277 278 279 279 278 278 277 278 277 277 277 276 277 277 277 278 278 278 278 278 278 278 277 278 277 277 277 277 276 277 276 278 277 278
236 236 239 239 240 240 239 229 231 233 237 237 233 241 238 241 242 243 249 251 251 252 252 253 251 252 252 251 252 256 259 260 263 267 267 268 271 271 271 273 273 275 274 278 278 278 277 278 278 278 278 278 278 278 277 278 278 278 278 278 277 278 278 278 277 277 277 277 277 278 278 278 278 277 278 277 278 278 278 277 277 276 275 275 277 278 277 277
235 237 237 237 239 237 236 239 232 234 234 237 239 244 244 245 244 246 244 250 251 251 251 252 252 251 250 251 250 262 259 260 263 266 268 269 270 271 273 272 275 277 277 278 278 277 278 278 278 278 278 278 278 278 278 278 277 278 277 278 277 278 277 278 277 277 277 277 277 278 278 277 278 278 277 277 278 278 278 277 276 276 276 277 276 277 277 277
231 231 235 238 235 235 235 240 237 235 235 235 237 238 243 246 244 246 247 247 249 245 250 251 251 250 251 251 251 260 260 261 263 267 269 268 270 270 273 275 275 277 277 278 277 277 277 278 278 278 278 278 278 278 278 278 278 278 278 278 278 277 278 278 277 277 277 276 278 278 277 277 277 278 277 278 278 278 278 277 277 274 276 275 277 277 278 276
234 233 237 238 234 236 238 241 240 243 238 236 237 238 241 248 241 246 247 248 247 248 250 252 254 253 255 252 258 262 262 263 266 269 269 268 270 272 274 275 276 276 276 277 278 277 277 277 278 278 277 278 278 278 278 278 278 278 278 278 278 278 277 277 277 277 276 277 277 277 277 277 277 278 277 278 278 278 278 277 276 274 274 275 277 277 277 277
235 233 233 235 236 235 238 237 238 237 246 243 240 241 247 245 243 247 248 247 249 249 252 250 253 255 255 252 256 262 263 264 268 269 268 268 271 273 274 276 276 276 277 277 278 278 278 278 278 277 277 278 278 277 278 278 278 278 278 278 277 277 278 278 277 277 277 277 277 277 277 277 278 278 276 278 278 278 277 276 274 273 274 276 277 277 277 276
237 236 238 234 236 237 240 241 238 238 251 251 248 250 247 248 243 248 247 247 248 247 253 251 252 254 257 257 257 264 263 264 268 268 267 269 271 273 275 276 277 277 276 277 278 277 278 278 278 278 278 277 278 277 277 278 278 277 278 278 278 277 278 278 277 276 277 277 277 277 277 277 277 277 276 278 278 277 277 276 274 273 274 274 275 277 277 277
233 235 236 236 236 237 241 245 243 241 246 244 239 249 246 250 245 246 248 249 249 249 250 253 254 257 257 258 263 264 264 263 267 266 268 270 271 273 275 275 275 277 277 277 277 277 278 278 277 278 278 278 277 277 276 278 277 277 278 277 278 278 277 277 278 275 276 276 277 277 277 277 277 277 277 277 278 277 277 276 275 274 273 274 276 277 277 278
231 233 232 237 240 239 239 245 247 243 241 240 243 250 252 254 253 251 250 250 250 253 255 255 257 259 261 260 256 261 264 264 266 267 269 270 271 273 277 276 276 273 277 277 277 278 278 278 278 278 277 277 277 277 277 278 277 278 278 277 277 277 277 277 277 275 276 276 277 277 277 277 277 277 277 278 277 278 277 277 275 275 275 275 274 275 275 277
236 237 234 240 240 242 241 240 245 248 249 248 247 248 249 249 250 250 250 250 252 254 252 252 254 256 261 262 257 260 264 266 266 268 269 270 268 271 277 277 277 277 277 277 277 278 278 278 278 278 278 278 278 278 278 278 278 278 277 277 277 277 277 277 277 276 276 276 277 276 277 276 277 277 277 278 277 276 274 276 275 275 276 275 276 275 276 276
238 239 239 236 238 242 243 244 245 244 246 247 246 243 240 249 245 245 251 253 254 255 251 252 255 257 263 260 259 261 262 264 265 267 269 271 269 275 277 277 277 277 278 277 277 278 278 278 278 277 277 277 278 278 278 278 278 277 277 277 277 278 277 277 277 276 276 276 276 276 277 276 277 277 277 277 277 277 277 275 275 275 275 276 275 277 277 276
231 237 238 237 239 239 240 241 242 244 245 243 243 242 246 246 247 248 258 254 256 254 251 253 256 257 261 258 260 260 263 263 267 269 271 272 273 275 276 277 277 277 277 278 277 277 278 278 278 278 277 276 276 278 278 278 278 277 277 277 278 277 277 277 277 276 276 276 276 276 276 276 277 277 277 277 277 277 277 275 277 276 276 275 276 276 277 278
234 236 238 239 236 239 239 240 239 244 244 247 249 250 249 249 251 246 251 256 260 253 253 255 255 259 261 260 260 263 266 265 268 269 272 273 275 276 276 277 277 277 277 277 277 278 278 278 278 278 277 276 275 277 278 278 278 277 277 278 277 277 278 277 277 275 276 276 275 276 276 276 276 276 275 276 277 277 276 277 276 276 276 275 276 276 277 278
245 242 243 245 239 235 243 235 238 243 247 247 250 252 251 252 253 255 253 254 261 253 254 256 259 260 261 260 259 264 267 268 269 271 272 275 276 276 277 276 276 277 276 277 277 278 278 278 278 278 278 276 276 277 277 278 278 278 278 278 277 277 278 277 277 277 276 276 275 275 274 275 275 275 274 276 273 277 276 277 276 275 275 276 275 277 277 276
254 253 252 248 243 236 242 237 237 240 245 248 251 247 250 252 254 253 250 259 260 252 253 255 256 259 265 260 260 267 267 269 271 272 274 277 277 277 277 277 277 277 277 277 277 277 278 278 278 278 278 277 278 277 276 278 278 278 274 278 278 278 278 278 277 277 277 275 275 275 274 272 274 276 275 277 274 274 276 276 276 276 275 274 275 276 276 275
