data/layers/bio15.asc
NCOLS 507 
NROWS 956 
XLLCORNER -77.7833333333333 
YLLCORNER 0 
CELLSIZE 0.00833333333333335 
NODATA_value -3.4e+38 
[rows 714 to 755 of 956, columns 95 to 189 of 507]
48 47 47 47 47 51 58 59 59 58 59 55 58 58 56 56 50 45 42 38 42 48 52 52 50 44 40 36 39 34 18 19 19 20 19 18 22 32 31 24 23 21 20 20 18 19 19 19 20 29 29 24 21 20 22 22 24 22 20 20 20 21 20 22 21 20 19 20 19 20 19 18 18 18 18 18 18 18 17 17 17 17 17 16 16 15 16 16 16 16 16 16 16 17 16
49 50 49 47 49 55 55 60 60 60 60 56 54 53 48 53 47 36 38 31 36 46 48 44 50 50 46 42 42 36 28 18 18 21 18 20 26 29 24 22 19 19 19 19 19 18 19 24 26 26 28 25 19 20 21 21 24 20 20 21 20 22 20 23 22 21 21 20 18 19 18 18 18 19 18 18 18 18 17 17 17 17 16 16 16 16 15 16 16 16 16 16 16 16 17
47 53 50 49 52 60 57 54 58 59 57 54 49 48 43 46 47 44 30 25 24 40 35 26 36 50 47 46 40 38 36 22 18 19 18 21 25 23 18 18 19 19 18 18 18 19 20 21 25 26 29 28 22 20 21 21 25 24 24 23 21 21 22 22 23 22 21 18 18 18 19 19 19 19 18 18 18 17 17 17 17 17 17 16 16 16 15 16 16 17 16 16 16 17 16
47 47 52 50 50 55 52 53 57 60 58 48 50 45 40 41 39 34 22 19 19 21 29 30 39 45 44 44 41 33 33 20 18 18 18 21 21 18 18 18 18 18 18 21 20 20 20 20 21 21 23 23 19 22 22 23 24 26 25 24 23 21 23 23 23 22 19 19 18 18 19 19 19 18 18 18 18 17 17 17 17 17 17 16 15 15 16 15 16 16 16 17 17 17 16
47 47 48 48 48 49 55 56 61 61 56 49 55 52 37 28 24 20 23 22 30 27 26 36 42 41 41 41 39 31 19 18 18 19 18 18 18 18 19 18 18 18 21 23 22 22 19 19 19 19 19 19 19 20 21 22 24 23 26 25 25 21 21 23 23 22 20 19 19 19 19 19 19 18 18 17 17 17 17 17 17 16 16 16 15 17 16 16 16 16 17 16 16 15 16
47 46 47 46 47 50 57 60 61 60 57 59 58 51 35 41 25 24 37 31 38 36 25 36 42 37 37 39 37 32 20 18 18 18 18 18 19 19 19 19 21 19 21 24 24 22 19 20 19 19 20 19 22 22 23 22 23 23 24 24 25 22 22 22 22 21 21 19 19 20 19 19 18 18 17 17 17 17 16 17 16 16 16 16 16 17 15 16 16 16 16 16 15 15 15
47 46 46 46 46 52 49 58 61 60 59 60 56 47 42 48 38 40 45 45 44 42 30 35 29 29 31 31 31 31 24 18 18 19 18 18 18 18 19 19 20 18 19 22 23 19 19 21 20 20 19 20 19 20 23 24 25 24 24 24 24 24 22 21 22 21 21 20 19 19 18 18 17 17 17 17 17 16 16 16 16 16 16 16 16 17 16 16 16 15 15 15 15 16 16
47 46 46 46 46 46 51 60 59 56 57 60 55 53 50 49 49 49 51 51 49 44 40 22 22 20 20 21 27 29 21 21 18 18 19 18 18 20 19 20 21 20 18 18 22 23 22 24 24 25 19 19 19 21 21 23 25 25 26 25 24 24 23 22 21 21 20 20 19 19 18 18 17 17 17 17 17 16 16 16 16 16 16 17 18 17 15 16 16 15 15 16 16 16 16
46 46 46 46 45 46 49 56 54 54 57 60 56 58 59 53 55 55 55 51 47 39 30 27 23 23 22 19 21 21 20 23 18 18 18 18 18 20 22 22 21 21 19 18 20 25 25 24 23 22 19 19 23 25 24 25 25 24 21 23 23 23 22 22 21 21 20 19 19 19 18 18 17 17 17 17 17 16 16 16 16 16 17 17 18 18 16 16 16 16 16 16 16 16 16
46 46 46 45 45 47 53 49 51 52 55 60 59 60 59 59 58 57 53 47 42 33 28 32 30 35 35 27 20 25 26 22 18 18 18 18 18 19 21 21 21 20 20 18 24 24 24 23 21 20 19 19 19 19 19 21 23 18 18 20 22 21 19 20 19 18 20 19 19 19 18 18 17 17 17 16 16 16 16 16 17 17 17 17 18 18 16 16 16 16 16 16 16 16 16
46 46 46 45 45 45 47 46 47 52 53 59 57 57 56 59 56 56 48 41 35 27 29 36 34 39 32 24 20 30 23 18 19 19 18 19 18 18 21 21 21 20 19 18 25 24 25 25 25 24 24 21 21 19 19 18 20 19 18 19 18 18 18 19 19 20 19 19 19 18 18 17 17 17 17 17 16 17 18 16 17 18 18 18 19 18 16 16 16 16 16 16 17 17 16
51 47 45 45 47 45 45 45 44 50 54 56 55 53 56 59 58 55 46 43 44 35 28 37 44 37 29 20 26 30 19 18 20 19 18 22 19 18 21 21 20 19 19 18 23 22 27 27 27 26 23 29 26 22 21 18 18 19 18 18 18 19 19 21 20 20 19 19 18 18 17 18 17 17 17 18 18 18 18 18 18 18 19 19 19 18 18 17 16 17 17 17 17 17 17
54 47 47 49 49 48 45 44 45 46 51 52 50 54 59 57 55 52 51 54 54 39 38 44 45 36 27 24 24 36 24 22 21 18 20 22 21 21 21 20 19 19 18 18 20 23 27 28 29 26 26 29 27 27 19 19 19 20 19 19 20 19 20 20 20 19 19 18 19 18 17 17 18 18 18 17 17 17 17 17 17 16 17 17 16 17 20 19 18 17 17 17 17 17 17
49 51 52 53 56 55 54 46 44 48 47 50 54 59 59 58 58 57 58 56 46 36 39 49 41 31 29 31 28 30 25 26 19 18 23 22 21 21 21 20 19 18 18 19 22 25 28 30 29 30 30 27 25 19 19 18 24 22 22 21 21 18 20 20 20 19 19 18 18 18 18 17 18 17 17 17 17 17 17 17 17 17 17 17 17 19 19 19 18 18 18 18 18 18 18
48 51 55 58 59 56 50 46 46 44 45 53 54 59 59 56 57 56 57 54 43 36 42 50 42 33 35 36 39 37 32 27 20 21 23 22 21 21 20 19 19 18 19 20 20 21 20 24 28 30 27 22 20 20 21 27 27 25 22 20 18 17 18 19 19 19 18 18 18 17 17 18 17 18 18 17 17 17 17 17 17 17 17 18 18 19 20 20 20 18 18 19 19 18 19
48 51 56 62 57 52 48 46 54 52 46 48 50 49 52 53 53 55 57 51 39 38 43 52 44 40 37 47 41 34 32 23 18 20 22 22 22 20 20 19 18 18 19 21 25 27 26 26 29 29 27 23 27 25 30 27 24 23 21 18 17 19 20 20 19 18 18 18 17 17 18 18 18 17 18 18 18 18 18 18 17 18 18 19 20 20 20 20 20 20 20 20 20 20 20
51 54 57 61 55 54 52 53 57 55 44 52 51 53 55 55 56 58 54 47 50 45 44 53 47 43 46 47 34 32 28 21 18 21 22 22 21 20 19 19 18 18 19 20 22 24 30 30 30 30 23 26 29 27 29 23 22 28 23 21 17 18 20 19 19 18 18 17 17 17 17 17 18 17 18 18 18 18 18 18 18 18 19 20 20 20 20 21 20 21 20 21 21 21 21
54 55 60 62 60 55 56 58 58 52 45 47 53 57 60 59 58 56 53 55 54 51 41 50 53 49 51 45 37 34 27 24 18 20 22 21 20 19 19 18 18 18 20 26 27 27 26 30 31 28 29 28 29 28 27 29 26 25 22 19 18 18 18 17 18 17 17 17 17 17 17 17 17 17 18 18 18 18 18 18 18 19 20 20 20 20 21 21 21 21 21 21 21 21 21
57 58 64 57 63 56 62 60 56 53 50 45 52 56 59 58 55 49 57 56 56 52 42 47 53 52 51 44 38 33 25 18 18 19 21 20 19 19 19 18 18 19 21 23 24 24 29 31 30 31 27 25 25 29 29 29 28 26 20 18 18 17 18 17 17 17 17 17 17 17 16 17 16 16 17 17 18 19 18 18 19 20 20 20 21 21 21 21 21 21 22 20 21 21 20
61 61 63 61 62 62 61 63 58 55 53 49 48 52 55 59 54 57 56 56 55 55 49 53 53 52 46 44 39 34 23 17 18 20 20 19 19 18 18 18 18 20 22 26 27 28 29 30 26 30 30 29 24 22 23 27 28 24 18 17 20 21 19 17 17 17 17 17 17 16 16 16 16 16 17 19 19 18 18 19 19 19 19 19 19 20 22 21 22 23 22 21 21 21 21
64 64 63 64 62 56 55 61 58 56 58 54 50 50 50 51 48 50 51 52 53 55 54 53 52 52 41 42 36 29 23 18 18 20 20 19 18 18 18 18 18 20 22 24 23 26 29 29 24 28 26 29 27 27 25 22 21 20 21 23 24 23 23 18 17 16 16 17 17 17 16 16 16 16 16 18 19 20 18 19 19 19 19 19 19 20 22 22 23 23 22 22 22 21 23
62 63 60 60 63 59 56 55 60 56 60 56 54 57 51 52 56 51 55 56 53 53 51 53 52 51 51 46 36 26 19 17 18 19 19 18 18 18 18 18 18 18 19 21 26 24 26 28 21 27 25 29 30 30 31 29 28 27 30 27 24 22 19 17 16 17 16 16 16 16 16 16 16 16 16 21 18 17 17 17 20 19 20 18 20 22 22 21 20 20 21 22 23 23 24
62 59 56 59 64 60 61 56 45 45 59 57 60 60 54 52 56 57 56 56 55 54 54 53 52 51 46 42 32 27 18 18 19 19 18 18 17 17 18 18 18 19 19 21 22 22 26 21 20 23 26 27 27 30 29 29 29 29 29 26 25 24 20 20 19 19 16 17 16 16 16 16 16 16 18 21 16 16 17 19 20 20 18 18 22 23 20 19 18 20 24 23 23 24 22
57 56 55 56 59 62 61 55 29 36 57 60 59 59 59 55 54 57 56 56 55 54 52 53 49 51 51 37 23 18 18 19 21 19 18 17 17 18 18 19 20 22 21 21 21 23 24 19 19 20 21 21 23 25 28 30 29 28 25 24 24 26 25 24 20 19 20 17 17 17 17 16 16 16 17 16 17 16 18 19 18 20 18 21 21 20 18 18 19 21 24 24 24 25 25
51 52 54 58 63 62 57 46 37 43 53 59 58 56 58 58 54 57 56 55 55 54 54 44 42 48 44 35 27 18 18 18 22 19 17 17 17 18 19 21 23 26 23 23 19 20 20 17 17 17 20 23 27 30 32 29 26 23 22 18 18 17 23 24 21 19 18 17 17 17 16 16 16 16 16 18 19 17 17 17 17 18 20 21 20 19 19 19 21 24 25 22 22 23 25
45 47 53 56 58 62 60 50 46 48 55 51 48 49 55 58 57 54 52 55 55 54 53 53 33 34 42 31 24 18 17 17 18 20 18 18 17 18 20 25 24 24 24 23 20 17 19 17 17 17 19 19 20 28 29 31 29 25 23 20 17 16 16 22 20 17 17 16 16 16 16 16 16 17 17 20 18 17 17 17 17 20 20 19 18 19 19 21 24 22 21 21 21 21 22
50 51 51 50 51 54 58 60 59 60 54 41 40 47 58 57 57 55 56 55 55 47 46 42 41 33 36 36 30 23 18 18 17 20 19 18 17 18 20 22 25 26 25 24 18 20 17 21 18 17 17 17 17 25 26 28 28 26 26 19 18 16 16 19 20 18 17 17 19 17 17 17 16 18 21 21 18 18 18 17 18 21 18 18 19 19 19 21 22 22 20 20 20 21 22
55 50 54 53 53 59 60 59 59 60 58 45 34 43 48 51 56 56 55 47 50 48 37 31 24 27 24 24 29 27 17 17 18 18 21 18 17 18 20 22 27 25 19 19 19 25 22 24 20 19 19 18 18 30 24 25 20 16 20 17 16 16 16 19 18 18 18 18 20 17 17 18 17 18 25 19 21 20 19 18 20 20 18 19 20 21 19 21 22 20 20 20 22 22 24
60 56 54 57 55 60 56 56 60 57 59 49 38 33 39 46 56 56 55 43 38 43 42 32 21 21 18 17 23 17 19 19 18 18 18 19 17 17 20 20 22 22 18 17 17 26 25 21 16 23 17 19 16 25 26 19 16 16 19 17 16 16 16 18 18 18 18 18 18 18 18 20 19 28 24 22 24 21 19 19 18 19 19 20 22 20 19 21 22 20 20 22 23 24 25
61 61 55 56 61 61 59 46 58 58 58 50 39 33 42 53 56 55 55 40 29 32 33 37 25 19 17 17 17 17 17 18 17 17 18 18 19 22 19 17 21 22 22 17 21 26 24 18 18 16 18 18 17 20 16 16 19 16 18 17 16 16 16 17 19 16 17 20 20 20 20 22 27 29 27 28 27 22 18 19 18 19 19 20 22 20 20 22 21 20 22 24 25 26 26
60 61 58 61 59 60 53 36 42 51 59 58 44 34 37 46 55 51 47 35 23 22 24 29 24 20 17 17 18 18 18 17 17 17 17 17 17 17 23 18 17 19 18 17 23 25 25 21 22 19 21 19 17 18 17 17 16 17 16 16 16 16 16 16 16 16 16 19 23 22 22 26 29 30 31 30 23 19 18 18 18 20 21 21 23 21 20 20 20 21 21 23 26 26 26
57 59 61 61 55 43 47 24 34 55 56 55 55 42 31 38 55 43 52 46 30 19 19 19 21 17 18 18 17 18 18 17 17 17 17 17 17 18 23 20 17 17 16 18 22 25 23 24 22 21 21 20 17 16 18 16 16 17 16 16 16 16 16 16 16 16 18 23 28 24 29 28 31 33 33 30 21 19 18 19 19 23 21 24 28 24 20 21 21 21 23 24 26 26 27
55 57 60 60 57 43 30 23 36 56 57 42 51 41 35 39 53 38 37 41 35 31 20 17 18 17 19 20 17 17 20 19 17 17 17 17 18 19 25 23 20 16 17 19 23 22 24 24 23 22 22 20 17 17 18 16 16 17 16 17 16 16 16 16 16 16 21 29 31 30 29 30 31 33 33 31 21 18 19 22 24 22 27 25 26 24 21 22 22 22 23 25 26 26 26
54 53 58 55 51 49 21 28 40 45 52 41 45 42 32 37 43 34 25 30 32 21 21 17 17 18 17 18 17 17 19 19 17 17 17 17 18 19 22 28 23 17 19 21 22 24 23 24 24 23 21 20 18 18 18 16 16 17 16 17 16 16 16 16 17 20 26 31 31 30 31 31 31 29 32 25 19 19 20 22 27 27 30 32 30 28 26 25 21 22 24 26 25 24 26
51 48 41 38 41 28 23 24 30 39 42 38 40 39 23 30 40 31 25 22 27 18 18 19 19 18 17 17 17 18 19 20 17 19 19 16 16 17 19 20 24 19 20 22 21 25 25 25 23 24 21 19 18 18 18 16 16 17 17 17 16 16 16 16 17 17 21 32 32 31 31 28 27 29 28 22 21 20 21 27 25 29 30 31 31 24 22 22 22 24 25 24 23 25 25
58 50 33 22 28 35 30 22 22 31 41 31 39 36 26 23 29 21 18 17 19 19 17 21 19 18 18 17 17 17 19 17 16 18 16 16 16 17 19 19 19 24 22 23 23 23 25 24 24 23 20 19 19 18 16 17 17 18 17 17 16 15 16 16 16 19 25 33 33 31 26 26 24 24 26 28 24 21 23 27 30 33 31 24 23 22 21 22 22 25 24 22 23 25 24
43 44 31 33 35 42 34 21 21 24 34 30 23 26 28 20 19 21 17 17 17 18 22 21 20 19 18 17 17 16 16 16 20 16 17 19 18 16 20 21 20 21 26 23 24 25 23 21 20 23 22 20 19 17 16 17 18 17 16 16 16 16 16 17 17 18 23 33 31 27 24 25 20 26 29 25 30 23 23 27 31 33 28 22 22 21 22 23 24 23 23 23 24 25 25
58 49 41 44 48 48 36 25 27 24 34 21 18 18 24 19 17 17 17 20 19 20 22 21 20 20 19 18 17 17 18 17 18 21 21 22 20 18 19 19 18 22 23 25 26 22 17 17 17 22 22 21 19 16 16 18 17 16 16 15 15 17 20 24 27 24 27 30 29 23 22 19 20 31 29 30 29 23 23 26 28 25 23 22 21 22 22 23 22 23 24 23 24 25 24
58 49 50 55 53 41 25 33 33 24 24 23 17 17 18 17 17 19 19 23 21 23 22 22 21 21 21 20 18 18 20 20 20 22 22 23 21 18 16 16 16 17 18 22 23 19 15 15 19 22 22 21 19 17 19 17 15 15 15 16 17 17 21 28 27 28 27 28 30 23 20 18 25 33 31 27 25 25 25 29 30 28 28 27 24 23 23 23 25 24 23 23 24 24 25
58 50 56 57 51 38 36 39 31 25 26 23 17 18 18 17 20 21 20 25 24 23 22 22 22 24 23 21 19 20 21 23 23 23 19 21 18 16 16 19 17 16 17 23 20 16 17 16 19 21 22 21 18 16 19 17 15 15 15 15 18 28 27 29 26 27 26 31 26 20 18 19 24 31 30 27 27 28 27 31 33 33 31 32 30 22 22 23 25 25 25 24 24 25 25
58 55 58 57 57 50 52 41 26 18 20 19 17 18 21 19 22 22 23 23 22 22 22 23 24 25 25 23 23 22 23 25 24 21 16 16 16 17 16 18 20 20 21 20 17 15 19 16 18 20 21 21 17 20 17 15 15 15 16 15 17 23 27 27 26 27 32 28 20 18 18 23 23 32 32 29 27 30 30 34 35 31 27 25 26 23 24 27 28 29 26 24 24 24 24
56 56 57 50 46 50 48 37 25 19 18 17 17 19 21 22 23 24 24 21 23 20 23 22 24 24 23 22 21 23 25 26 24 21 19 16 17 21 21 20 16 16 19 16 18 23 17 16 18 19 20 21 16 20 16 15 15 16 16 15 17 23 29 27 25 28 30 25 18 18 18 21 28 35 34 32 33 32 33 37 38 33 27 24 23 24 28 30 28 25 24 24 25 25 24
