data/layers/bio19.asc
NCOLS 507 
NROWS 956 
XLLCORNER -77.7833333333333 
YLLCORNER 0 
CELLSIZE 0.00833333333333335 
NODATA_value -3.4e+38 
[rows 684 to 721 of 956, columns 255 to 339 of 507]
169 171 166 169 173 180 194 196 222 286 338 298 262 326 319 344 343 342 333 332 333 360 383 413 442 513 545 550 547 576 576 611 530 527 524 509 489 485 458 452 450 472 475 462 484 424 395 375 375 390 382 402 435 405 379 370 365 353 361 366 359 352 351 355 358 362 369 370 401 424 446 448 422 407 396 404 443 450 457 447 433 431 432 431 444
164 168 171 173 175 182 197 202 222 301 345 343 324 347 347 343 346 347 336 335 340 356 388 439 466 510 560 630 567 582 622 536 564 561 568 532 505 470 485 471 465 422 444 462 473 457 399 384 375 383 377 409 446 399 385 384 396 372 353 354 349 353 357 361 364 367 370 374 395 432 461 441 423 397 399 410 445 469 468 471 471 456 431 442 450
165 165 171 174 181 188 193 196 232 309 349 341 349 343 350 349 353 345 339 363 355 403 447 489 500 526 534 595 655 596 568 612 536 555 531 514 492 500 529 498 484 404 421 427 470 448 406 409 386 372 378 398 413 413 392 395 407 376 382 367 370 372 366 365 370 373 376 379 393 419 445 429 424 406 404 416 433 494 504 501 459 442 433 447 456
165 166 179 186 189 194 202 213 245 299 352 346 342 343 355 357 353 345 345 368 376 419 464 509 544 525 631 614 607 676 642 606 549 529 524 524 528 553 524 487 432 408 400 405 427 479 459 436 393 385 377 390 399 422 406 407 396 394 409 411 385 399 378 370 377 379 382 384 402 427 421 408 407 405 407 419 437 483 525 481 446 434 443 458 462
167 173 183 176 199 200 213 224 259 282 357 351 344 352 356 353 353 348 351 380 445 486 506 534 561 550 599 612 590 580 583 563 512 571 529 522 544 510 497 462 459 442 420 396 422 474 444 410 392 385 380 381 388 408 417 415 406 418 442 422 415 392 378 375 380 384 388 390 394 413 401 402 406 411 413 418 452 479 481 454 435 441 442 461 468
170 188 174 183 199 202 216 230 252 279 336 348 351 356 359 358 351 354 365 407 477 508 543 574 551 593 611 653 622 546 529 564 585 589 563 537 515 501 491 485 466 425 399 401 399 433 431 407 398 403 395 376 387 403 405 400 406 416 467 421 404 381 377 380 385 388 412 396 398 403 405 407 422 428 424 433 450 456 462 455 457 444 451 467 469
191 174 176 193 202 202 207 228 254 276 326 357 358 357 354 355 357 373 377 401 453 505 536 521 609 592 600 570 610 595 551 627 553 582 528 520 516 491 471 441 440 414 407 390 410 480 457 465 450 421 407 387 379 381 391 394 394 409 424 399 390 385 383 386 393 392 408 411 402 405 408 412 419 420 423 434 451 468 489 483 467 447 453 469 471
211 172 185 195 198 205 220 235 247 333 365 368 362 363 361 359 368 388 418 442 460 511 515 552 563 554 618 598 574 610 681 606 564 584 554 532 500 454 477 496 497 476 389 398 434 450 428 481 429 419 412 403 391 374 377 385 380 390 408 398 386 388 388 393 399 401 400 405 407 412 415 420 423 424 431 452 468 484 505 483 467 456 456 469 472
200 177 182 191 201 211 234 245 273 364 365 366 368 363 361 363 364 383 385 409 463 464 500 519 516 559 662 615 615 618 617 603 569 538 518 504 499 565 546 532 515 466 409 398 403 429 413 444 437 421 409 414 413 394 382 378 377 380 398 386 387 389 392 396 404 407 407 410 412 416 425 422 426 431 434 448 471 487 469 464 453 456 477 475 470
180 191 196 205 209 223 239 261 326 369 366 367 365 367 367 378 393 398 391 407 413 447 519 542 535 576 607 612 618 579 562 559 543 549 519 549 523 560 532 491 482 461 412 399 396 401 408 441 428 410 406 407 410 407 413 393 408 384 384 388 391 395 399 405 411 408 411 419 431 431 436 445 446 434 448 465 478 477 459 454 459 463 486 476 472
177 183 210 222 223 233 285 310 363 369 369 369 369 373 384 396 427 463 432 463 417 465 486 522 544 581 620 599 602 578 551 570 567 568 571 550 547 514 528 490 448 421 405 406 415 402 413 426 417 402 399 399 405 424 429 421 405 394 390 393 400 402 406 407 408 417 431 446 452 448 448 465 463 446 454 475 481 464 459 460 465 477 488 499 504
182 200 207 220 237 292 343 323 371 372 372 373 373 397 428 471 517 502 474 493 513 549 542 528 553 612 640 640 572 616 595 554 544 531 561 545 542 525 476 467 454 424 425 425 420 405 405 420 416 417 402 392 412 431 432 417 399 392 397 400 403 411 411 412 414 421 435 443 455 455 469 485 475 465 455 466 476 466 463 463 469 472 503 492 499
191 216 225 228 276 330 363 361 375 377 378 376 380 397 429 472 491 522 532 538 539 600 543 599 568 557 654 565 554 595 614 544 503 522 505 496 469 491 455 437 463 440 434 416 417 405 402 419 427 422 413 391 404 423 429 398 395 399 405 407 409 420 418 419 423 436 429 439 449 456 465 479 497 478 476 478 483 474 476 477 475 484 489 483 498
217 232 261 322 247 309 352 376 375 379 381 381 386 396 410 433 445 494 554 577 554 589 562 560 573 588 617 581 613 591 575 535 511 470 467 439 460 466 467 422 418 422 412 414 411 395 422 448 431 420 401 399 402 410 403 401 398 406 412 412 416 428 427 422 429 454 453 451 456 472 480 481 512 507 486 502 502 494 508 509 487 496 484 489 489
230 272 305 358 300 317 361 378 381 383 386 404 409 419 442 457 466 518 528 563 592 605 607 657 635 648 616 587 618 598 537 576 517 500 461 447 426 432 424 422 409 414 413 404 411 388 426 432 431 434 426 420 400 416 399 401 408 418 418 420 433 429 451 427 435 446 464 470 490 493 505 508 537 520 502 505 520 518 533 497 483 485 488 491 494
271 298 327 371 309 336 363 382 387 390 391 413 428 469 455 496 503 526 546 575 642 616 625 728 678 609 684 657 630 587 571 567 543 487 506 506 464 431 431 422 421 405 392 405 420 408 387 435 443 445 441 432 399 404 405 410 417 428 422 433 439 427 436 442 440 449 450 463 473 487 502 517 567 523 491 486 499 520 541 508 486 489 494 495 499
249 346 373 368 339 360 377 387 389 416 410 445 475 507 513 559 570 586 555 575 575 673 590 600 594 587 673 579 606 550 568 576 554 560 554 481 482 445 424 421 424 420 401 390 396 404 397 430 429 436 432 421 402 406 410 415 425 434 430 426 429 437 441 458 443 444 460 485 491 494 498 534 535 504 481 487 484 507 523 495 491 496 501 534 513
262 361 368 381 383 380 385 394 400 419 458 474 512 559 576 598 560 608 625 562 559 622 628 581 622 592 590 654 640 553 566 563 587 557 509 466 439 439 443 436 431 405 395 393 385 386 424 416 403 424 421 406 410 412 419 423 430 429 432 431 434 438 493 458 446 449 463 479 516 533 546 552 530 510 483 481 489 502 513 497 496 511 518 506 521
281 343 346 386 390 390 389 396 403 421 437 462 511 547 584 586 597 601 549 597 588 628 565 609 582 602 653 604 624 591 553 550 549 514 502 474 464 503 453 444 441 436 422 426 403 392 439 404 402 414 415 411 423 421 425 427 434 432 433 438 442 442 479 474 452 458 475 488 508 533 533 542 514 503 497 486 487 496 508 508 515 508 508 512 523
289 342 366 383 393 404 399 399 404 413 438 478 509 549 576 568 577 569 569 567 573 570 597 622 564 634 604 581 562 577 569 540 522 478 480 486 511 477 451 437 439 446 446 443 435 398 424 415 408 416 426 417 437 433 427 430 433 436 440 447 447 453 466 472 468 466 492 494 511 528 507 505 509 502 496 491 499 496 508 517 518 515 514 514 551
321 366 387 394 402 410 418 408 428 447 479 507 525 565 577 555 553 561 545 549 575 602 625 606 563 594 568 551 581 565 552 530 496 467 461 460 472 472 467 446 437 445 455 441 420 404 411 411 421 419 422 439 451 455 433 441 442 446 450 448 456 460 456 468 474 469 476 491 512 520 494 493 496 502 498 502 502 501 514 514 511 513 518 525 561
337 374 394 408 414 443 427 421 443 496 527 531 568 582 588 574 541 524 528 570 611 576 630 587 561 576 607 590 569 555 541 542 497 463 454 450 456 455 460 449 438 441 452 448 431 409 414 426 437 442 442 436 459 456 444 447 455 458 452 456 464 462 471 467 503 478 481 496 511 493 490 489 493 497 499 501 523 508 510 514 518 566 539 531 556
403 382 398 417 441 479 479 452 475 523 570 568 595 577 554 547 512 513 550 573 591 617 581 596 530 556 579 567 593 606 573 537 533 486 465 462 451 450 455 442 435 448 449 456 451 421 422 423 426 432 433 435 448 451 469 451 453 472 497 481 462 480 474 471 523 495 496 521 514 493 491 498 498 500 513 530 536 522 514 558 585 613 566 544 594
404 405 407 414 428 482 527 494 510 505 541 591 607 585 559 509 494 512 547 545 600 629 611 579 564 527 543 566 599 607 555 524 558 520 486 467 457 452 447 438 430 436 449 459 465 445 453 428 432 446 442 441 443 450 471 499 461 464 484 518 512 567 489 490 538 482 488 494 506 498 499 501 512 507 539 567 597 562 609 633 625 636 630 609 624
400 427 436 424 460 466 549 554 550 528 575 604 612 560 572 525 482 496 533 579 568 596 546 523 521 506 530 599 589 568 569 522 561 573 517 500 483 475 465 452 439 428 442 448 463 446 433 434 445 463 446 447 451 452 459 467 501 532 473 474 479 503 576 556 521 501 491 505 516 506 502 508 510 535 548 516 576 643 633 620 606 638 643 638 631
442 430 470 448 448 483 512 569 592 592 616 607 583 557 527 498 481 522 551 585 582 562 523 500 489 495 534 588 585 558 535 521 578 591 525 510 516 513 486 471 459 442 435 437 462 462 453 450 479 485 474 457 460 460 463 468 493 471 482 482 479 500 594 536 558 494 496 511 526 514 508 517 514 517 539 539 562 598 587 564 583 659 652 640 633
425 458 495 487 476 486 540 548 586 616 626 605 551 549 529 525 501 484 515 534 547 567 536 490 502 538 565 600 581 548 529 573 633 538 510 497 485 510 510 480 468 464 444 440 460 460 475 486 482 486 466 459 472 471 476 487 480 482 497 482 539 598 632 602 548 499 511 512 525 523 517 522 530 520 530 528 538 584 645 658 657 670 661 647 639
422 444 447 464 508 533 557 583 603 570 606 598 587 577 534 512 489 487 510 508 480 509 496 476 502 526 577 610 587 537 539 575 614 549 497 487 479 480 497 481 483 471 468 441 448 477 476 472 478 478 478 479 479 472 484 476 483 485 513 492 597 585 605 635 539 505 509 510 512 514 578 523 522 526 531 532 557 666 699 695 683 671 664 654 648
437 457 465 486 557 593 586 622 637 646 645 575 604 546 521 496 482 470 476 487 473 476 472 467 477 502 532 561 545 513 556 590 610 552 502 486 486 477 482 479 474 460 450 447 462 484 481 463 465 467 470 481 479 496 501 496 485 488 497 502 554 661 562 507 507 512 512 517 521 572 670 578 535 530 566 637 689 718 708 692 687 681 673 665 658
463 517 516 513 556 592 619 638 653 641 630 615 585 577 566 572 503 472 464 460 463 459 470 472 498 522 555 591 561 510 537 573 614 573 506 489 483 477 471 467 469 456 452 453 463 484 470 471 470 472 483 478 492 493 492 492 492 500 503 500 529 800 668 537 533 528 523 539 551 649 747 588 594 612 662 728 739 725 714 701 693 686 680 673 670
517 519 554 573 593 593 626 655 612 604 653 631 618 638 610 567 533 574 481 474 480 463 465 477 498 513 568 580 562 538 532 559 565 555 513 494 493 488 485 480 466 469 470 459 469 469 468 474 477 477 482 482 493 500 498 494 506 510 515 509 656 833 704 659 546 534 524 671 686 676 771 779 743 720 763 748 745 731 723 711 705 694 691 688 683
560 535 561 604 632 620 589 667 668 663 654 673 655 627 601 603 586 572 510 492 466 465 472 479 485 504 559 591 548 526 530 582 568 533 512 504 523 519 504 489 474 481 496 469 469 474 477 479 491 485 487 490 503 515 498 506 518 520 512 546 570 639 847 680 571 555 571 767 801 770 801 798 787 773 762 756 747 744 730 721 712 705 702 697 691
568 574 577 611 586 644 638 594 586 619 668 649 633 607 576 560 537 549 512 490 477 465 468 481 496 522 553 553 521 518 547 594 596 552 535 545 578 554 500 494 497 508 493 473 479 490 485 500 513 503 493 508 518 517 511 518 527 516 526 606 832 836 867 679 566 601 660 835 838 827 822 804 798 784 769 761 757 744 744 730 723 722 714 709 701
534 584 583 619 659 592 618 620 616 602 658 669 594 636 599 570 545 517 505 490 489 470 464 480 504 517 525 517 513 521 577 595 655 641 581 613 605 546 513 504 519 519 484 479 502 503 520 534 533 530 514 522 527 521 530 534 538 527 574 732 774 883 665 675 610 795 779 859 848 840 812 810 808 791 776 770 765 752 746 739 731 732 726 719 713
571 555 577 644 671 636 590 554 576 601 640 618 612 629 610 586 557 514 500 488 483 479 456 471 491 498 502 502 511 532 567 664 681 638 584 584 554 548 533 541 537 533 503 491 508 519 522 555 550 533 540 539 534 533 544 540 539 523 588 649 701 895 893 898 860 750 668 773 868 834 818 814 813 802 793 776 776 760 757 750 740 736 731 727 719
588 608 608 597 643 634 590 551 537 562 559 575 574 584 616 570 527 497 483 481 486 489 462 458 500 496 498 500 523 543 567 621 653 635 566 575 556 536 544 553 580 528 501 503 515 532 560 595 567 545 550 546 549 559 547 524 532 545 828 748 907 880 920 890 824 700 717 859 858 833 826 818 816 810 793 785 782 768 761 756 759 748 743 736 729
625 636 624 650 628 603 587 560 539 520 539 555 538 556 555 561 506 490 480 478 476 476 460 492 502 491 497 514 532 577 585 611 619 590 566 560 550 533 542 561 582 526 508 524 524 535 568 595 576 557 545 548 533 527 528 569 653 785 934 935 915 936 943 931 847 779 856 867 854 838 827 824 817 821 804 794 789 777 771 775 760 753 754 741 737
615 638 636 614 619 577 570 533 521 510 527 523 513 533 543 519 495 486 476 470 448 446 477 502 500 499 520 531 545 629 649 654 605 562 552 545 538 534 545 563 584 544 524 530 551 536 577 618 566 577 531 540 531 574 561 580 792 869 950 918 954 761 737 777 801 871 917 866 854 842 841 831 826 824 813 801 792 785 779 775 768 763 757 751 747
