data/layers/bio13.asc
NCOLS 507 
NROWS 956 
XLLCORNER -77.7833333333333 
YLLCORNER 0 
CELLSIZE 0.00833333333333335 
NODATA_value -3.4e+38 
[rows 342 to 379 of 956, columns 344 to 429 of 507]
320 290 292 290 287 287 288 338 336 323 312 310 294 295 300 277 272 288 294 277 267 264 262 260 261 263 264 266 276 286 291 296 288 290 288 277 272 267 262 264 282 323 291 309 327 326 306 264 250 257 249 275 290 283 250 252 262 252 252 247 254 247 250 248 254 264 269 287 291 272 250 249 250 250 262 277 275 265 258 261 226 199 187 177 188 184
324 288 288 286 284 283 284 297 325 319 302 300 291 277 276 273 274 299 290 273 267 262 260 259 260 261 266 282 272 279 289 294 284 308 292 282 262 263 261 272 292 329 314 328 306 304 317 295 251 247 246 273 289 270 244 263 253 245 243 249 246 250 249 244 245 251 269 261 280 286 263 249 247 249 259 257 269 272 268 244 221 217 204 171 168 166
303 284 280 281 280 276 278 279 280 285 301 304 291 282 283 276 269 294 290 276 265 260 258 258 258 260 260 266 266 268 278 285 286 312 295 267 260 259 256 273 298 328 327 309 284 293 322 311 270 245 243 287 309 263 241 257 247 241 262 250 248 251 257 248 253 251 261 290 291 289 270 273 253 247 248 248 258 265 266 237 233 232 210 211 176 177
297 282 280 279 277 276 274 273 271 270 272 269 266 266 278 267 265 288 270 263 260 258 256 256 257 258 259 260 263 268 281 285 285 284 301 275 256 252 250 269 284 321 320 316 278 297 320 297 275 245 242 266 302 270 239 255 250 238 271 263 252 280 259 259 266 282 288 293 280 289 287 285 265 262 248 251 254 262 266 244 247 227 231 215 182 193
282 277 276 276 275 273 268 270 269 267 266 265 263 262 266 262 271 287 272 264 259 255 255 254 259 257 257 258 258 268 277 279 281 262 300 273 251 250 246 269 299 322 325 318 282 311 316 300 283 259 246 258 264 245 236 255 242 236 258 252 247 269 253 243 252 260 294 276 291 272 266 269 282 280 253 258 267 255 267 258 244 252 246 222 199 204
287 273 272 273 271 269 267 267 264 264 264 263 262 261 260 260 269 285 277 259 256 255 253 253 257 258 259 261 259 268 269 280 279 261 305 271 249 246 243 263 274 307 321 322 290 309 321 320 319 271 260 274 288 237 242 249 249 240 238 237 235 235 237 237 242 248 279 279 282 249 246 252 273 279 261 265 267 269 263 264 261 258 249 223 219 193
271 270 268 269 268 267 263 270 263 263 262 263 265 259 260 257 257 279 267 261 255 253 252 252 258 254 255 262 262 266 271 278 276 279 298 288 246 243 241 252 273 287 322 320 281 280 315 318 294 269 275 295 293 237 238 248 239 236 232 237 235 236 234 237 235 237 268 258 249 239 243 258 274 277 277 269 270 263 267 264 258 247 241 233 224 198
268 267 266 266 265 264 260 262 261 259 260 266 257 257 255 255 253 253 257 255 253 251 250 252 252 253 253 260 256 263 271 273 273 256 282 264 244 243 239 258 280 316 321 320 283 292 317 320 278 253 266 287 289 236 236 241 234 239 232 231 230 238 232 231 232 236 250 244 235 236 240 242 252 275 274 274 270 260 265 250 235 236 220 215 205 170
265 265 264 264 263 262 259 257 257 256 256 256 254 253 254 253 257 261 251 251 250 249 249 250 250 251 252 253 257 261 264 270 270 251 294 270 244 257 277 284 291 316 310 318 290 298 317 319 262 242 259 281 257 232 235 241 235 242 238 239 229 231 229 233 230 231 231 232 237 240 238 239 245 272 268 242 257 239 260 245 227 215 196 187 170 142
264 262 261 261 261 259 258 258 257 256 254 253 253 251 251 250 252 268 255 250 250 248 247 249 250 250 252 252 253 256 257 267 263 260 303 277 246 240 279 298 303 311 297 316 285 317 312 305 251 236 244 259 251 229 235 238 229 232 237 245 229 233 239 238 228 229 237 259 265 266 258 257 268 277 258 232 226 220 222 232 218 188 158 146 144 139
261 259 259 259 258 256 257 258 257 254 255 253 251 251 252 251 254 265 255 251 248 246 246 247 250 249 249 250 252 258 262 264 264 254 308 264 246 238 250 253 285 319 302 297 285 291 319 313 260 234 227 232 247 227 232 235 234 231 227 238 226 244 285 264 230 227 231 244 241 258 262 273 274 277 251 237 217 205 200 207 199 170 141 140 139 138
261 258 257 257 256 255 259 259 259 256 254 252 250 249 249 248 253 259 254 249 247 245 245 245 247 246 247 247 249 258 264 263 257 252 307 276 245 238 263 279 278 306 293 282 298 284 319 288 255 229 225 226 226 234 230 234 228 229 233 238 226 252 312 269 237 229 226 229 230 229 233 247 248 276 272 244 233 217 200 193 170 148 145 140 143 141
259 257 256 255 254 253 255 254 254 253 252 250 251 253 248 247 258 251 250 247 243 243 243 244 244 244 246 245 248 252 258 256 248 303 300 283 279 257 279 296 312 314 295 282 307 279 319 270 245 224 230 235 233 229 230 228 228 231 272 269 228 265 306 244 257 238 227 233 233 228 231 234 237 258 272 267 250 222 201 193 185 154 138 149 149 149
256 255 254 254 253 255 257 255 252 251 249 248 248 247 247 247 252 250 244 245 242 242 242 242 243 243 245 246 249 255 258 257 246 263 316 307 293 280 276 285 312 307 278 306 315 286 293 299 259 226 224 233 228 229 232 231 228 280 307 297 252 293 266 235 249 231 224 243 231 242 233 232 256 264 263 268 244 223 218 198 179 159 148 143 150 155
254 253 253 253 254 259 259 255 251 249 248 248 246 245 244 245 251 250 244 243 241 240 240 240 240 241 245 246 246 247 253 255 249 283 313 305 273 269 276 298 313 303 285 315 298 314 271 256 246 225 231 229 230 230 225 232 262 242 272 262 306 318 272 234 229 228 224 240 237 238 246 240 232 268 271 268 246 235 223 198 176 155 139 142 149 148
253 252 252 251 253 250 252 252 252 248 246 244 244 243 244 244 250 244 242 242 240 242 239 239 238 238 239 240 242 247 250 252 241 297 312 289 262 240 264 274 298 309 277 313 275 274 245 223 226 228 229 228 229 229 224 232 236 227 234 278 321 286 253 233 243 240 229 254 285 239 247 254 238 250 265 267 259 232 219 205 178 146 142 148 148 147
253 251 251 251 251 249 251 246 245 246 244 243 242 242 241 242 245 241 241 238 238 238 238 237 237 237 239 240 246 249 251 250 244 295 277 261 241 231 248 251 277 309 274 307 287 312 258 229 225 224 223 227 227 227 224 223 227 225 232 250 314 302 253 236 279 239 230 280 293 281 263 272 279 271 262 267 260 215 195 186 167 145 140 146 146 148
254 252 250 250 249 247 246 246 244 245 242 241 240 239 239 241 245 240 238 237 237 236 235 235 235 236 241 245 250 249 248 240 255 302 292 249 232 229 230 243 276 308 284 282 312 298 289 222 223 230 222 222 224 224 225 244 245 230 229 248 269 289 252 243 293 240 240 249 281 290 279 282 263 267 270 266 248 215 190 162 139 134 145 144 147 147
252 249 247 248 250 245 250 248 246 243 240 239 239 238 237 237 242 238 236 236 234 234 234 234 234 236 241 247 247 245 244 240 262 286 251 241 230 228 232 246 281 308 302 263 296 309 258 223 238 247 222 229 227 222 223 261 257 239 254 242 247 274 273 250 268 272 283 273 291 289 285 263 233 236 255 260 251 221 194 161 134 146 146 147 146 144
249 247 245 245 244 248 246 246 244 243 242 239 237 236 235 235 238 236 234 234 233 235 233 232 233 232 233 238 245 244 242 241 238 264 237 232 229 227 233 245 284 305 290 272 303 307 266 222 251 306 236 253 243 228 225 262 320 270 254 259 317 309 302 256 275 302 293 293 248 283 284 244 213 212 224 237 247 212 193 164 134 137 141 146 145 143
246 244 243 242 241 240 240 240 237 239 239 237 235 234 234 234 234 233 233 232 232 233 231 231 231 231 232 232 234 239 238 240 235 254 230 232 227 225 227 253 298 294 255 289 291 274 235 222 240 288 271 271 279 259 235 280 313 291 302 271 301 312 299 299 288 296 264 229 213 245 227 227 193 183 186 208 224 203 179 142 134 134 138 141 141 137
243 242 241 240 239 238 237 237 236 235 236 234 233 233 232 232 232 231 231 231 230 230 230 231 231 232 235 240 239 232 231 234 236 235 232 229 226 224 223 246 292 288 251 287 293 274 241 228 225 251 249 281 314 301 272 265 259 316 314 303 302 300 299 302 299 281 236 198 202 207 200 201 182 165 160 187 196 188 182 134 130 131 135 139 137 134
242 240 239 238 237 236 236 235 234 234 233 233 232 232 231 231 231 230 230 229 229 228 228 229 232 239 241 239 238 235 235 234 234 229 231 237 224 227 228 256 294 294 239 245 301 302 301 229 222 233 264 308 293 299 313 287 284 313 302 309 305 300 280 293 290 254 226 215 169 155 170 179 156 140 151 167 179 162 157 143 135 130 138 140 137 134
238 238 237 236 235 235 234 233 233 232 233 232 231 230 230 229 229 229 228 229 228 227 227 227 230 240 239 240 236 235 234 231 238 262 265 255 227 252 258 257 288 293 229 258 301 288 260 233 226 225 246 288 308 267 290 305 308 309 289 289 275 284 280 260 250 239 213 162 143 147 152 147 135 132 134 153 145 132 130 138 130 130 135 135 133 132
237 236 235 235 234 233 232 232 234 238 233 231 229 229 228 228 228 228 228 227 226 225 225 225 226 231 236 236 234 232 231 230 239 293 290 276 258 265 293 277 296 259 241 266 299 278 261 231 234 231 241 269 304 278 263 276 289 287 264 248 265 242 232 227 225 199 186 162 135 135 135 141 136 131 142 143 135 133 130 129 127 134 133 132 131 129
235 234 234 233 232 232 231 230 230 229 230 229 228 227 227 226 226 226 226 225 224 224 224 224 224 224 228 233 234 230 230 227 236 272 295 294 288 283 293 292 288 255 208 245 297 297 261 231 262 256 276 298 298 269 242 235 236 239 223 225 220 222 200 182 193 181 158 138 138 142 137 134 131 132 139 135 128 140 130 128 131 132 130 129 128 127
233 232 232 231 231 230 229 229 228 228 227 227 226 226 225 225 224 225 224 224 223 223 222 223 224 227 226 231 230 233 240 253 243 275 289 279 291 290 289 267 252 222 246 258 289 293 244 234 266 298 293 274 299 268 246 226 204 210 192 208 183 174 168 165 165 157 133 137 141 139 137 133 129 128 128 130 142 139 133 132 129 129 128 128 128 126
232 231 230 230 229 229 228 227 227 226 226 225 225 224 224 223 223 223 223 222 222 221 221 224 227 229 230 229 228 234 283 269 265 280 283 261 288 290 282 251 223 226 268 279 283 292 256 235 268 255 271 271 290 283 252 219 193 179 162 163 154 144 136 144 139 135 142 141 139 137 137 134 134 131 128 134 142 136 132 130 128 127 127 126 126 125
232 232 230 228 228 227 226 226 226 225 224 224 223 223 223 222 222 221 221 221 220 220 220 226 224 225 228 227 226 241 273 255 247 259 288 282 289 284 287 255 265 261 285 289 265 282 275 233 233 263 277 292 291 287 257 222 187 172 149 138 146 146 140 133 132 138 140 141 136 135 136 141 142 144 131 134 138 134 129 127 127 126 125 125 124 123
231 230 228 227 226 227 226 225 224 224 223 222 222 222 221 221 220 220 220 219 219 218 218 219 217 221 225 224 228 223 256 225 223 229 271 286 281 271 284 278 273 283 284 285 266 262 249 239 282 268 289 277 267 254 240 227 201 174 149 144 142 142 144 145 140 137 138 137 134 132 135 142 144 140 133 135 133 131 126 126 125 125 124 124 123 122
230 229 227 226 226 225 224 224 223 222 222 221 221 220 220 219 219 219 218 218 217 217 217 216 217 219 222 222 226 221 220 219 219 230 273 285 269 256 279 280 281 283 263 260 251 251 249 258 286 264 284 286 279 239 221 201 189 158 154 135 137 138 140 140 132 131 134 131 130 129 132 134 139 133 130 130 128 126 125 124 124 123 123 122 121 121
229 227 226 225 225 224 223 222 222 221 220 220 219 219 218 218 218 217 217 216 216 215 215 215 214 214 217 220 222 220 217 217 226 250 278 263 249 246 281 268 276 276 277 280 270 282 269 257 282 249 264 267 241 226 209 187 174 153 135 134 135 133 135 135 129 127 128 127 127 126 132 135 136 129 126 124 124 123 123 123 123 122 121 121 121 120
228 226 225 224 223 222 222 221 220 220 219 218 218 218 217 217 216 216 216 215 215 214 213 213 213 212 214 217 216 216 214 216 217 229 246 259 240 271 273 246 267 279 278 250 274 276 276 277 281 233 242 234 222 223 207 182 161 140 139 146 139 131 131 127 126 126 126 124 124 125 131 137 133 127 123 122 122 122 121 122 121 121 121 120 120 119
227 225 224 223 222 221 220 219 219 218 218 217 217 216 216 215 215 215 214 214 213 213 212 212 211 211 211 211 212 213 213 214 213 220 240 244 241 267 277 242 232 263 272 229 264 278 259 259 275 235 258 242 223 209 189 173 164 146 134 145 142 141 127 126 125 124 123 123 122 124 136 131 127 121 120 120 119 119 120 120 120 120 119 119 119 123
226 224 223 221 221 220 219 218 217 217 216 216 215 215 215 214 214 213 213 213 212 211 211 210 210 209 209 208 209 213 216 214 221 252 244 233 245 268 274 220 218 252 250 219 256 258 275 258 273 273 271 270 254 209 175 180 179 166 131 130 132 134 126 124 123 122 121 121 121 127 132 123 119 118 118 118 117 117 117 118 118 119 118 118 118 121
225 223 222 221 219 219 218 217 216 215 215 214 214 214 213 213 212 212 212 211 211 210 209 209 208 207 209 210 208 212 215 225 254 260 245 221 239 261 273 237 216 252 229 197 237 266 272 271 272 256 273 263 242 213 189 208 191 170 149 137 130 130 133 123 122 121 120 119 119 125 122 118 118 118 116 116 116 116 116 116 117 117 117 117 120 120
224 222 221 219 218 217 216 216 214 214 213 213 213 212 212 212 211 211 210 210 210 209 208 208 206 207 210 209 209 211 227 242 266 255 232 221 240 267 256 249 209 234 226 201 236 267 268 270 271 232 241 242 230 232 214 210 210 195 166 148 133 126 140 135 127 119 118 118 117 116 116 116 118 115 114 114 114 115 114 115 115 116 116 116 116 122
222 221 218 218 217 216 215 214 213 212 212 211 211 211 211 210 210 209 209 209 208 207 206 205 205 211 212 212 217 209 224 260 267 245 224 215 232 246 267 266 222 206 191 209 252 247 234 252 264 230 236 256 256 248 226 219 210 218 191 145 133 125 143 147 133 122 119 116 115 114 114 113 114 113 113 113 113 113 113 113 114 114 114 115 115 115
