data/layers/bio16.asc
NCOLS 507 
NROWS 956 
XLLCORNER -77.7833333333333 
YLLCORNER 0 
CELLSIZE 0.00833333333333335 
NODATA_value -3.4e+38 
[rows 777 to 813 of 956, columns 255 to 339 of 507]
1265 1266 1267 1269 1271 1271 1271 1271 1270 1269 1269 1268 1267 1264 1262 1261 1259 1255 1254 1256 1255 1248 1246 1245 1243 1252 1242 1241 1249 1255 1251 1220 1232 1231 1231 1222 1215 1208 1206 1198 1193 1193 1187 1181 1175 1169 1163 1158 1152 1147 1141 1136 1129 1125 1120 1115 1110 1105 1100 1095 1091 1085 -3.4e+38 -3.4e+38 -3.4e+38 -3.4e+38 -3.4e+38 -3.4e+38 -3.4e+38 -3.4e+38 -3.4e+38 -3.4e+38 -3.4e+38 -3.4e+38 -3.4e+38 -3.4e+38 -3.4e+38 -3.4e+38 -3.4e+38 -3.4e+38 -3.4e+38 -3.4e+38 -3.4e+38 -3.4e+38 -3.4e+38
1258 1259 1261 1262 1262 1263 1262 1262 1262 1263 1265 1265 1262 1260 1256 1257 1254 1251 1247 1247 1249 1245 1239 1238 1236 1243 1236 1234 1240 1250 1246 1232 1237 1226 1221 1216 1212 1205 1199 1194 1194 1187 1184 1177 1172 1165 1161 1156 1150 1145 1140 1135 1128 1123 1120 1114 1109 1103 1100 1095 1089 -3.4e+38 -3.4e+38 -3.4e+38 -3.4e+38 -3.4e+38 -3.4e+38 -3.4e+38 -3.4e+38 -3.4e+38 -3.4e+38 -3.4e+38 -3.4e+38 -3.4e+38 -3.4e+38 -3.4e+38 -3.4e+38 -3.4e+38 -3.4e+38 -3.4e+38 -3.4e+38 -3.4e+38 -3.4e+38 -3.4e+38 -3.4e+38
1254 1254 1256 1257 1257 1259 1258 1258 1257 1258 1258 1256 1256 1254 1253 1252 1246 1243 1240 1239 1240 1237 1233 1232 1230 1236 1230 1229 1239 1242 1241 1237 1227 1219 1216 1211 1206 1200 1196 1194 1189 1184 1181 1173 1167 1163 1158 1153 1147 1143 1138 1132 1127 1123 1118 1112 1106 1103 1099 1095 1090 -3.4e+38 -3.4e+38 -3.4e+38 -3.4e+38 -3.4e+38 -3.4e+38 -3.4e+38 -3.4e+38 -3.4e+38 -3.4e+38 -3.4e+38 -3.4e+38 -3.4e+38 -3.4e+38 -3.4e+38 -3.4e+38 -3.4e+38 -3.4e+38 -3.4e+38 -3.4e+38 -3.4e+38 -3.4e+38 -3.4e+38 -3.4e+38
1251 1251 1253 1254 1255 1255 1254 1251 1251 1253 1253 1250 1249 1247 1245 1244 1240 1239 1234 1232 1230 1231 1226 1225 1224 1224 1222 1224 1227 1231 1228 1223 1218 1213 1212 1207 1201 1195 1194 1189 1187 1183 1178 1172 1165 1160 1156 1150 1146 1141 1135 1130 1126 1122 1116 1111 1107 1103 1098 1094 -3.4e+38 -3.4e+38 -3.4e+38 -3.4e+38 -3.4e+38 -3.4e+38 -3.4e+38 -3.4e+38 -3.4e+38 -3.4e+38 -3.4e+38 -3.4e+38 -3.4e+38 -3.4e+38 -3.4e+38 -3.4e+38 -3.4e+38 -3.4e+38 -3.4e+38 -3.4e+38 -3.4e+38 -3.4e+38 -3.4e+38 -3.4e+38 -3.4e+38
1248 1248 1248 1250 1250 1250 1249 1248 1246 1245 1247 1245 1241 1239 1238 1238 1233 1232 1228 1227 1224 1222 1220 1219 1218 1220 1218 1219 1220 1221 1221 1218 1212 1212 1205 1199 1200 1191 1188 1185 1183 1178 1174 1169 1164 1157 1153 1148 1144 1139 1134 1130 1124 1120 1115 1111 1106 1102 1098 -3.4e+38 -3.4e+38 -3.4e+38 -3.4e+38 -3.4e+38 -3.4e+38 -3.4e+38 -3.4e+38 -3.4e+38 -3.4e+38 -3.4e+38 -3.4e+38 -3.4e+38 -3.4e+38 -3.4e+38 -3.4e+38 -3.4e+38 -3.4e+38 -3.4e+38 -3.4e+38 -3.4e+38 -3.4e+38 -3.4e+38 -3.4e+38 -3.4e+38 -3.4e+38
1244 1246 1246 1246 1245 1246 1246 1243 1242 1243 1241 1239 1236 1233 1233 1233 1228 1224 1220 1220 1217 1216 1214 1214 1214 1216 1217 1214 1215 1216 1213 1212 1209 1206 1201 1196 1192 1187 1186 1182 1180 1176 1170 1166 1160 1155 1150 1146 1142 1138 1131 1127 1123 1119 1112 1110 1104 1099 -3.4e+38 -3.4e+38 -3.4e+38 -3.4e+38 -3.4e+38 -3.4e+38 -3.4e+38 -3.4e+38 -3.4e+38 -3.4e+38 -3.4e+38 -3.4e+38 -3.4e+38 -3.4e+38 -3.4e+38 -3.4e+38 -3.4e+38 -3.4e+38 -3.4e+38 -3.4e+38 -3.4e+38 -3.4e+38 -3.4e+38 -3.4e+38 -3.4e+38 -3.4e+38 -3.4e+38
1244 1242 1242 1241 1241 1242 1240 1239 1238 1239 1237 1235 1232 1231 1227 1224 1220 1216 1214 1211 1211 1210 1208 1208 1208 1213 1217 1210 1212 1211 1209 1207 1201 1198 1197 1190 1188 1184 1183 1179 1176 1173 1168 1164 1158 1154 1147 1143 1141 1136 1129 1124 1122 1116 1112 1109 1104 1100 -3.4e+38 -3.4e+38 -3.4e+38 -3.4e+38 -3.4e+38 -3.4e+38 -3.4e+38 -3.4e+38 -3.4e+38 -3.4e+38 -3.4e+38 -3.4e+38 -3.4e+38 -3.4e+38 -3.4e+38 -3.4e+38 -3.4e+38 -3.4e+38 -3.4e+38 -3.4e+38 -3.4e+38 -3.4e+38 -3.4e+38 -3.4e+38 -3.4e+38 -3.4e+38 -3.4e+38
1241 1240 1239 1239 1238 1238 1236 1235 1235 1234 1233 1229 1227 1224 1221 1217 1214 1210 1207 1205 1204 1204 1204 1204 1204 1209 1204 1204 1205 1205 1203 1199 1197 1194 1191 1186 1184 1180 1181 1175 1172 1170 1166 1161 1155 1151 1146 1140 1138 1133 1129 1123 1120 1115 1111 1107 1103 -3.4e+38 -3.4e+38 -3.4e+38 -3.4e+38 -3.4e+38 -3.4e+38 -3.4e+38 -3.4e+38 -3.4e+38 -3.4e+38 -3.4e+38 -3.4e+38 -3.4e+38 -3.4e+38 -3.4e+38 -3.4e+38 -3.4e+38 -3.4e+38 -3.4e+38 -3.4e+38 -3.4e+38 -3.4e+38 -3.4e+38 -3.4e+38 -3.4e+38 -3.4e+38 -3.4e+38 -3.4e+38
1237 1238 1237 1236 1235 1234 1233 1232 1234 1232 1227 1225 1224 1219 1216 1211 1208 1206 1200 1199 1200 1200 1199 1199 1201 1203 1200 1202 1199 1201 1200 1196 1193 1189 1186 1184 1181 1179 1176 1172 1170 1165 1163 1157 1152 1147 1144 1139 1133 1132 1128 1121 1117 1113 1108 1104 -3.4e+38 -3.4e+38 -3.4e+38 -3.4e+38 -3.4e+38 -3.4e+38 -3.4e+38 -3.4e+38 -3.4e+38 -3.4e+38 -3.4e+38 -3.4e+38 -3.4e+38 -3.4e+38 -3.4e+38 -3.4e+38 -3.4e+38 -3.4e+38 -3.4e+38 -3.4e+38 -3.4e+38 -3.4e+38 -3.4e+38 -3.4e+38 -3.4e+38 -3.4e+38 -3.4e+38 -3.4e+38 -3.4e+38
1234 1235 1235 1233 1232 1231 1230 1228 1229 1228 1226 1222 1218 1214 1212 1209 1205 1206 1200 1196 1197 1196 1196 1195 1198 1198 1196 1197 1196 1194 1194 1194 1188 1186 1183 1181 1179 1175 1171 1170 1167 1164 1159 1156 1150 1145 1141 1137 1131 1129 1124 1119 1115 1110 1107 1104 -3.4e+38 -3.4e+38 -3.4e+38 -3.4e+38 -3.4e+38 -3.4e+38 -3.4e+38 -3.4e+38 -3.4e+38 -3.4e+38 -3.4e+38 -3.4e+38 -3.4e+38 -3.4e+38 -3.4e+38 -3.4e+38 -3.4e+38 -3.4e+38 -3.4e+38 -3.4e+38 -3.4e+38 -3.4e+38 -3.4e+38 -3.4e+38 -3.4e+38 -3.4e+38 -3.4e+38 -3.4e+38 -3.4e+38
1231 1231 1231 1229 1229 1228 1226 1225 1224 1223 1221 1219 1218 1212 1209 1205 1204 1201 1197 1195 1194 1193 1193 1193 1195 1195 1192 1191 1190 1192 1191 1185 1184 1184 1182 1179 1176 1171 1168 1165 1163 1160 1157 1153 1148 1144 1138 1134 1130 1128 1122 1117 1114 1110 1108 -3.4e+38 -3.4e+38 -3.4e+38 -3.4e+38 -3.4e+38 -3.4e+38 -3.4e+38 -3.4e+38 -3.4e+38 -3.4e+38 -3.4e+38 -3.4e+38 -3.4e+38 -3.4e+38 -3.4e+38 -3.4e+38 -3.4e+38 -3.4e+38 -3.4e+38 -3.4e+38 -3.4e+38 -3.4e+38 -3.4e+38 -3.4e+38 -3.4e+38 -3.4e+38 -3.4e+38 -3.4e+38 -3.4e+38 -3.4e+38
1229 1229 1228 1227 1226 1226 1224 1223 1221 1220 1218 1216 1213 1211 1207 1204 1202 1197 1196 1193 1192 1192 1191 1189 1191 1190 1190 1190 1191 1192 1184 1182 1182 1182 1179 1176 1171 1168 1166 1163 1161 1156 1154 1150 1145 1141 1138 1131 1130 1124 1119 1116 1113 1110 -3.4e+38 -3.4e+38 -3.4e+38 -3.4e+38 -3.4e+38 -3.4e+38 -3.4e+38 -3.4e+38 -3.4e+38 -3.4e+38 -3.4e+38 -3.4e+38 -3.4e+38 -3.4e+38 -3.4e+38 -3.4e+38 -3.4e+38 -3.4e+38 -3.4e+38 -3.4e+38 -3.4e+38 -3.4e+38 -3.4e+38 -3.4e+38 -3.4e+38 -3.4e+38 -3.4e+38 -3.4e+38 -3.4e+38 -3.4e+38 -3.4e+38
1228 1226 1226 1225 1224 1223 1221 1220 1219 1219 1216 1214 1212 1208 1205 1201 1199 1197 1193 1193 1190 1189 1189 1188 1187 1188 1187 1187 1184 1182 1181 1178 1176 1178 1174 1171 1167 1165 1162 1159 1158 1153 1151 1146 1141 1137 1134 1129 1126 1122 1117 1115 1112 -3.4e+38 -3.4e+38 -3.4e+38 -3.4e+38 -3.4e+38 -3.4e+38 -3.4e+38 -3.4e+38 -3.4e+38 -3.4e+38 -3.4e+38 -3.4e+38 -3.4e+38 -3.4e+38 -3.4e+38 -3.4e+38 -3.4e+38 -3.4e+38 -3.4e+38 -3.4e+38 -3.4e+38 -3.4e+38 -3.4e+38 -3.4e+38 -3.4e+38 -3.4e+38 -3.4e+38 -3.4e+38 -3.4e+38 -3.4e+38 -3.4e+38 -3.4e+38
1225 1225 1224 1224 1221 1221 1220 1218 1217 1216 1213 1211 1210 1206 1204 1200 1198 1195 1194 1191 1189 1188 1187 1187 1185 1184 1183 1184 1181 1178 1177 1175 1176 1172 1170 1167 1165 1163 1159 1157 1154 1153 1150 1144 1141 1135 1131 1127 1123 1119 1115 1113 -3.4e+38 -3.4e+38 -3.4e+38 -3.4e+38 -3.4e+38 -3.4e+38 -3.4e+38 -3.4e+38 -3.4e+38 -3.4e+38 -3.4e+38 -3.4e+38 -3.4e+38 -3.4e+38 -3.4e+38 -3.4e+38 -3.4e+38 -3.4e+38 -3.4e+38 -3.4e+38 -3.4e+38 -3.4e+38 -3.4e+38 -3.4e+38 -3.4e+38 -3.4e+38 -3.4e+38 -3.4e+38 -3.4e+38 -3.4e+38 -3.4e+38 -3.4e+38 -3.4e+38
1223 1223 1222 1221 1221 1219 1217 1217 1214 1213 1211 1212 1209 1206 1203 1200 1196 1194 1192 1190 1187 1186 1185 1184 1183 1183 1181 1180 1179 1176 1174 1174 1173 1169 1166 1164 1163 1158 1159 1157 1152 1148 1146 1141 1137 1135 1130 1124 1121 1117 1114 -3.4e+38 -3.4e+38 -3.4e+38 -3.4e+38 -3.4e+38 -3.4e+38 -3.4e+38 -3.4e+38 -3.4e+38 -3.4e+38 -3.4e+38 -3.4e+38 -3.4e+38 -3.4e+38 -3.4e+38 -3.4e+38 -3.4e+38 -3.4e+38 -3.4e+38 -3.4e+38 -3.4e+38 -3.4e+38 -3.4e+38 -3.4e+38 -3.4e+38 -3.4e+38 -3.4e+38 -3.4e+38 -3.4e+38 -3.4e+38 -3.4e+38 -3.4e+38 -3.4e+38 -3.4e+38
1221 1221 1221 1220 1219 1218 1215 1214 1213 1211 1209 1209 1208 1206 1202 1201 1197 1193 1192 1189 1187 1185 1184 1182 1182 1180 1179 1178 1175 1173 1171 1170 1168 1167 1165 1163 1162 1158 1154 1153 1150 1148 1144 1140 1135 1131 1128 1124 1119 1116 -3.4e+38 -3.4e+38 -3.4e+38 -3.4e+38 -3.4e+38 -3.4e+38 -3.4e+38 -3.4e+38 -3.4e+38 -3.4e+38 -3.4e+38 -3.4e+38 -3.4e+38 -3.4e+38 -3.4e+38 -3.4e+38 -3.4e+38 -3.4e+38 -3.4e+38 -3.4e+38 -3.4e+38 -3.4e+38 -3.4e+38 -3.4e+38 -3.4e+38 -3.4e+38 -3.4e+38 -3.4e+38 -3.4e+38 -3.4e+38 -3.4e+38 -3.4e+38 -3.4e+38 -3.4e+38 -3.4e+38
1218 1218 1218 1217 1216 1215 1215 1213 1211 1209 1208 1206 1205 1203 1201 1198 1195 1194 1190 1188 1186 1184 1183 1181 1179 1177 1177 1174 1172 1171 1169 1168 1165 1163 1160 1157 1156 1153 1150 1148 1145 1143 1141 1137 1134 1128 1125 1123 1119 -3.4e+38 -3.4e+38 -3.4e+38 -3.4e+38 -3.4e+38 -3.4e+38 -3.4e+38 -3.4e+38 -3.4e+38 -3.4e+38 -3.4e+38 -3.4e+38 -3.4e+38 -3.4e+38 -3.4e+38 -3.4e+38 -3.4e+38 -3.4e+38 -3.4e+38 -3.4e+38 -3.4e+38 -3.4e+38 -3.4e+38 -3.4e+38 -3.4e+38 -3.4e+38 -3.4e+38 -3.4e+38 -3.4e+38 -3.4e+38 -3.4e+38 -3.4e+38 -3.4e+38 -3.4e+38 -3.4e+38 -3.4e+38
1217 1216 1216 1216 1215 1214 1213 1211 1209 1209 1207 1205 1203 1201 1199 1196 1194 1191 1188 1187 1185 1183 1181 1180 1180 1177 1174 1173 1172 1171 1168 1166 1165 1161 1159 1156 1155 1153 1149 1148 1143 1140 1139 1135 1130 1128 1123 1119 -3.4e+38 -3.4e+38 -3.4e+38 -3.4e+38 -3.4e+38 -3.4e+38 -3.4e+38 -3.4e+38 -3.4e+38 -3.4e+38 -3.4e+38 -3.4e+38 -3.4e+38 -3.4e+38 -3.4e+38 -3.4e+38 -3.4e+38 -3.4e+38 -3.4e+38 -3.4e+38 -3.4e+38 -3.4e+38 -3.4e+38 -3.4e+38 -3.4e+38 -3.4e+38 -3.4e+38 -3.4e+38 -3.4e+38 -3.4e+38 -3.4e+38 -3.4e+38 -3.4e+38 -3.4e+38 -3.4e+38 -3.4e+38 -3.4e+38
1215 1216 1215 1214 1213 1212 1211 1209 1209 1207 1205 1204 1202 1200 1197 1195 1193 1191 1188 1186 1184 1181 1180 1178 1177 1176 1173 1172 1168 1168 1167 1165 1163 1161 1158 1153 1150 1149 1146 1145 1142 1139 1136 1132 1127 1123 1121 -3.4e+38 -3.4e+38 -3.4e+38 -3.4e+38 -3.4e+38 -3.4e+38 -3.4e+38 -3.4e+38 -3.4e+38 -3.4e+38 -3.4e+38 -3.4e+38 -3.4e+38 -3.4e+38 -3.4e+38 -3.4e+38 -3.4e+38 -3.4e+38 -3.4e+38 -3.4e+38 -3.4e+38 -3.4e+38 -3.4e+38 -3.4e+38 -3.4e+38 -3.4e+38 -3.4e+38 -3.4e+38 -3.4e+38 -3.4e+38 -3.4e+38 -3.4e+38 -3.4e+38 -3.4e+38 -3.4e+38 -3.4e+38 -3.4e+38 -3.4e+38
1214 1214 1214 1213 1212 1211 1210 1209 1207 1206 1204 1203 1201 1199 1197 1194 1191 1189 1187 1184 1182 1181 1180 1179 1178 1175 1173 1170 1168 1165 1164 1162 1161 1159 1155 1152 1149 1147 1145 1143 1139 1135 1134 1131 1126 1122 -3.4e+38 -3.4e+38 -3.4e+38 -3.4e+38 -3.4e+38 -3.4e+38 -3.4e+38 -3.4e+38 -3.4e+38 -3.4e+38 -3.4e+38 -3.4e+38 -3.4e+38 -3.4e+38 -3.4e+38 -3.4e+38 -3.4e+38 -3.4e+38 -3.4e+38 -3.4e+38 -3.4e+38 -3.4e+38 -3.4e+38 -3.4e+38 -3.4e+38 -3.4e+38 -3.4e+38 -3.4e+38 -3.4e+38 -3.4e+38 -3.4e+38 -3.4e+38 -3.4e+38 -3.4e+38 -3.4e+38 -3.4e+38 -3.4e+38 -3.4e+38 -3.4e+38
1213 1212 1212 1212 1211 1210 1209 1209 1207 1206 1204 1202 1200 1198 1196 1194 1191 1188 1186 1183 1181 1181 1180 1177 1177 1173 1171 1168 1167 1163 1162 1160 1158 1156 1153 1152 1147 1145 1143 1141 1138 1135 1132 1128 1124 -3.4e+38 -3.4e+38 -3.4e+38 -3.4e+38 -3.4e+38 -3.4e+38 -3.4e+38 -3.4e+38 -3.4e+38 -3.4e+38 -3.4e+38 -3.4e+38 -3.4e+38 -3.4e+38 -3.4e+38 -3.4e+38 -3.4e+38 -3.4e+38 -3.4e+38 -3.4e+38 -3.4e+38 -3.4e+38 -3.4e+38 -3.4e+38 -3.4e+38 -3.4e+38 -3.4e+38 -3.4e+38 -3.4e+38 -3.4e+38 -3.4e+38 -3.4e+38 -3.4e+38 -3.4e+38 -3.4e+38 -3.4e+38 -3.4e+38 -3.4e+38 -3.4e+38 -3.4e+38
1211 1211 1210 1210 1209 1208 1208 1208 1206 1205 1203 1201 1199 1197 1195 1192 1190 1188 1186 1183 1181 1180 1178 1175 1173 1173 1170 1168 1165 1163 1161 1157 1156 1154 1152 1148 1147 1143 1141 1138 1136 1133 1129 1125 -3.4e+38 -3.4e+38 -3.4e+38 -3.4e+38 -3.4e+38 -3.4e+38 -3.4e+38 -3.4e+38 -3.4e+38 -3.4e+38 -3.4e+38 -3.4e+38 -3.4e+38 -3.4e+38 -3.4e+38 -3.4e+38 -3.4e+38 -3.4e+38 -3.4e+38 -3.4e+38 -3.4e+38 -3.4e+38 -3.4e+38 -3.4e+38 -3.4e+38 -3.4e+38 -3.4e+38 -3.4e+38 -3.4e+38 -3.4e+38 -3.4e+38 -3.4e+38 -3.4e+38 -3.4e+38 -3.4e+38 -3.4e+38 -3.4e+38 -3.4e+38 -3.4e+38 -3.4e+38 -3.4e+38
1210 1209 1209 1208 1207 1208 1208 1207 1205 1204 1204 1201 1199 1196 1195 1191 1189 1187 1184 1181 1179 1178 1176 1174 1172 1170 1168 1165 1164 1162 1159 1156 1154 1151 1149 1146 1144 1142 1138 1135 1133 1129 1126 -3.4e+38 -3.4e+38 -3.4e+38 -3.4e+38 -3.4e+38 -3.4e+38 -3.4e+38 -3.4e+38 -3.4e+38 -3.4e+38 -3.4e+38 -3.4e+38 -3.4e+38 -3.4e+38 -3.4e+38 -3.4e+38 -3.4e+38 -3.4e+38 -3.4e+38 -3.4e+38 -3.4e+38 -3.4e+38 -3.4e+38 -3.4e+38 -3.4e+38 -3.4e+38 -3.4e+38 -3.4e+38 -3.4e+38 -3.4e+38 -3.4e+38 -3.4e+38 -3.4e+38 -3.4e+38 -3.4e+38 -3.4e+38 -3.4e+38 -3.4e+38 -3.4e+38 -3.4e+38 -3.4e+38 -3.4e+38
1208 1208 1208 1207 1207 1207 1207 1206 1205 1204 1202 1200 1198 1197 1193 1191 1189 1185 1183 1181 1179 1177 1175 1173 1171 1169 1165 1163 1161 1158 1156 1154 1152 1149 1145 1145 1143 1139 1135 1133 1131 1127 -3.4e+38 -3.4e+38 -3.4e+38 -3.4e+38 -3.4e+38 -3.4e+38 -3.4e+38 -3.4e+38 -3.4e+38 -3.4e+38 -3.4e+38 -3.4e+38 -3.4e+38 -3.4e+38 -3.4e+38 -3.4e+38 -3.4e+38 -3.4e+38 -3.4e+38 -3.4e+38 -3.4e+38 -3.4e+38 -3.4e+38 -3.4e+38 -3.4e+38 -3.4e+38 -3.4e+38 -3.4e+38 -3.4e+38 -3.4e+38 -3.4e+38 -3.4e+38 -3.4e+38 -3.4e+38 -3.4e+38 -3.4e+38 -3.4e+38 -3.4e+38 -3.4e+38 -3.4e+38 -3.4e+38 -3.4e+38 -3.4e+38
1207 1208 1207 1207 1206 1205 1205 1205 1204 1202 1201 1200 1198 1196 1192 1190 1187 1186 1182 1180 1178 1176 1175 1171 1168 1165 1164 1160 1158 1156 1154 1151 1149 1146 1144 1141 1139 1136 1132 1130 1127 -3.4e+38 -3.4e+38 -3.4e+38 -3.4e+38 -3.4e+38 -3.4e+38 -3.4e+38 -3.4e+38 -3.4e+38 -3.4e+38 -3.4e+38 -3.4e+38 -3.4e+38 -3.4e+38 -3.4e+38 -3.4e+38 -3.4e+38 -3.4e+38 -3.4e+38 -3.4e+38 -3.4e+38 -3.4e+38 -3.4e+38 -3.4e+38 -3.4e+38 -3.4e+38 -3.4e+38 -3.4e+38 -3.4e+38 -3.4e+38 -3.4e+38 -3.4e+38 -3.4e+38 -3.4e+38 -3.4e+38 -3.4e+38 -3.4e+38 -3.4e+38 -3.4e+38 -3.4e+38 -3.4e+38 -3.4e+38 -3.4e+38 -3.4e+38
1206 1206 1206 1206 1206 1205 1204 1203 1203 1203 1201 1199 1197 1194 1192 1189 1186 1184 1181 1180 1177 1175 1172 1169 1166 1163 1160 1160 1156 1154 1152 1149 1146 1144 1141 1139 1135 1132 1131 1129 -3.4e+38 -3.4e+38 -3.4e+38 -3.4e+38 -3.4e+38 -3.4e+38 -3.4e+38 -3.4e+38 -3.4e+38 -3.4e+38 -3.4e+38 -3.4e+38 -3.4e+38 -3.4e+38 -3.4e+38 -3.4e+38 -3.4e+38 -3.4e+38 -3.4e+38 -3.4e+38 -3.4e+38 -3.4e+38 -3.4e+38 -3.4e+38 -3.4e+38 -3.4e+38 -3.4e+38 -3.4e+38 -3.4e+38 -3.4e+38 -3.4e+38 -3.4e+38 -3.4e+38 -3.4e+38 -3.4e+38 -3.4e+38 -3.4e+38 -3.4e+38 -3.4e+38 -3.4e+38 -3.4e+38 -3.4e+38 -3.4e+38 -3.4e+38 -3.4e+38
1204 1205 1206 1205 1206 1205 1204 1204 1202 1202 1201 1199 1196 1194 1191 1189 1185 1182 1180 1179 1175 1174 1172 1167 1164 1162 1160 1158 1156 1152 1150 1147 1143 1142 1139 1136 1134 1132 1128 -3.4e+38 -3.4e+38 -3.4e+38 -3.4e+38 -3.4e+38 -3.4e+38 -3.4e+38 -3.4e+38 -3.4e+38 -3.4e+38 -3.4e+38 -3.4e+38 -3.4e+38 -3.4e+38 -3.4e+38 -3.4e+38 -3.4e+38 -3.4e+38 -3.4e+38 -3.4e+38 -3.4e+38 -3.4e+38 -3.4e+38 -3.4e+38 -3.4e+38 -3.4e+38 -3.4e+38 -3.4e+38 -3.4e+38 -3.4e+38 -3.4e+38 -3.4e+38 -3.4e+38 -3.4e+38 -3.4e+38 -3.4e+38 -3.4e+38 -3.4e+38 -3.4e+38 -3.4e+38 -3.4e+38 -3.4e+38 -3.4e+38 -3.4e+38 -3.4e+38 -3.4e+38
1205 1205 1206 1205 1206 1204 1204 1205 1202 1199 1199 1198 1196 1194 1190 1187 1185 1181 1180 1177 1174 1171 1168 1165 1163 1162 1159 1156 1153 1151 1148 1144 1141 1140 1136 1132 1132 -3.4e+38 -3.4e+38 -3.4e+38 -3.4e+38 -3.4e+38 -3.4e+38 -3.4e+38 -3.4e+38 -3.4e+38 -3.4e+38 -3.4e+38 -3.4e+38 -3.4e+38 -3.4e+38 -3.4e+38 -3.4e+38 -3.4e+38 -3.4e+38 -3.4e+38 -3.4e+38 -3.4e+38 -3.4e+38 -3.4e+38 -3.4e+38 -3.4e+38 -3.4e+38 -3.4e+38 -3.4e+38 -3.4e+38 -3.4e+38 -3.4e+38 -3.4e+38 -3.4e+38 -3.4e+38 -3.4e+38 -3.4e+38 -3.4e+38 -3.4e+38 -3.4e+38 -3.4e+38 -3.4e+38 -3.4e+38 -3.4e+38 -3.4e+38 -3.4e+38 -3.4e+38 -3.4e+38 -3.4e+38
1204 1204 1202 1204 1203 1204 1203 1205 1202 1200 1199 1196 1194 1193 1189 1186 1184 1181 1178 1175 1172 1169 1166 1166 1162 1160 1158 1154 1152 1148 1146 1142 1139 1136 1133 1131 -3.4e+38 -3.4e+38 -3.4e+38 -3.4e+38 -3.4e+38 -3.4e+38 -3.4e+38 -3.4e+38 -3.4e+38 -3.4e+38 -3.4e+38 -3.4e+38 -3.4e+38 -3.4e+38 -3.4e+38 -3.4e+38 -3.4e+38 -3.4e+38 -3.4e+38 -3.4e+38 -3.4e+38 -3.4e+38 -3.4e+38 -3.4e+38 -3.4e+38 -3.4e+38 -3.4e+38 -3.4e+38 -3.4e+38 -3.4e+38 -3.4e+38 -3.4e+38 -3.4e+38 -3.4e+38 -3.4e+38 -3.4e+38 -3.4e+38 -3.4e+38 -3.4e+38 -3.4e+38 -3.4e+38 -3.4e+38 -3.4e+38 -3.4e+38 -3.4e+38 -3.4e+38 -3.4e+38 -3.4e+38 -3.4e+38
1203 1204 1202 1205 1202 1206 1202 1204 1199 1201 1199 1196 1193 1191 1189 1185 1182 1179 1177 1174 1170 1168 1165 1162 1160 1157 1156 1153 1148 1146 1143 1140 1136 1134 1133 -3.4e+38 -3.4e+38 -3.4e+38 -3.4e+38 -3.4e+38 -3.4e+38 -3.4e+38 -3.4e+38 -3.4e+38 -3.4e+38 -3.4e+38 -3.4e+38 -3.4e+38 -3.4e+38 -3.4e+38 -3.4e+38 -3.4e+38 -3.4e+38 -3.4e+38 -3.4e+38 -3.4e+38 -3.4e+38 -3.4e+38 -3.4e+38 -3.4e+38 -3.4e+38 -3.4e+38 -3.4e+38 -3.4e+38 -3.4e+38 -3.4e+38 -3.4e+38 -3.4e+38 -3.4e+38 -3.4e+38 -3.4e+38 -3.4e+38 -3.4e+38 -3.4e+38 -3.4e+38 -3.4e+38 -3.4e+38 -3.4e+38 -3.4e+38 -3.4e+38 -3.4e+38 -3.4e+38 -3.4e+38 -3.4e+38 -3.4e+38
1202 1203 1202 1202 1202 1203 1204 1202 1201 1196 1198 1195 1192 1190 1187 1183 1180 1177 1175 1172 1169 1166 1164 1161 1159 1156 1153 1151 1147 1144 1141 1139 1135 -3.4e+38 -3.4e+38 -3.4e+38 -3.4e+38 -3.4e+38 -3.4e+38 -3.4e+38 -3.4e+38 -3.4e+38 -3.4e+38 -3.4e+38 -3.4e+38 -3.4e+38 -3.4e+38 -3.4e+38 -3.4e+38 -3.4e+38 -3.4e+38 -3.4e+38 -3.4e+38 -3.4e+38 -3.4e+38 -3.4e+38 -3.4e+38 -3.4e+38 -3.4e+38 -3.4e+38 -3.4e+38 -3.4e+38 -3.4e+38 -3.4e+38 -3.4e+38 -3.4e+38 -3.4e+38 -3.4e+38 -3.4e+38 -3.4e+38 -3.4e+38 -3.4e+38 -3.4e+38 -3.4e+38 -3.4e+38 -3.4e+38 -3.4e+38 -3.4e+38 -3.4e+38 -3.4e+38 -3.4e+38 -3.4e+38 -3.4e+38 -3.4e+38 -3.4e+38
1202 1203 1203 1203 1204 1204 1204 1204 1202 1200 1197 1195 1191 1189 1185 1181 1179 1176 1173 1170 1167 1164 1161 1159 1157 1154 1151 1148 1145 1141 1139 1135 -3.4e+38 -3.4e+38 -3.4e+38 -3.4e+38 -3.4e+38 -3.4e+38 -3.4e+38 -3.4e+38 -3.4e+38 -3.4e+38 -3.4e+38 -3.4e+38 -3.4e+38 -3.4e+38 -3.4e+38 -3.4e+38 -3.4e+38 -3.4e+38 -3.4e+38 -3.4e+38 -3.4e+38 -3.4e+38 -3.4e+38 -3.4e+38 -3.4e+38 -3.4e+38 -3.4e+38 -3.4e+38 -3.4e+38 -3.4e+38 -3.4e+38 -3.4e+38 -3.4e+38 -3.4e+38 -3.4e+38 -3.4e+38 -3.4e+38 -3.4e+38 -3.4e+38 -3.4e+38 -3.4e+38 -3.4e+38 -3.4e+38 -3.4e+38 -3.4e+38 -3.4e+38 -3.4e+38 -3.4e+38 -3.4e+38 -3.4e+38 -3.4e+38 -3.4e+38 -3.4e+38
1202 1202 1201 1202 1201 1201 1202 1200 1199 1197 1196 1192 1189 1186 1182 1179 1176 1174 1171 1167 1164 1162 1159 1156 1155 1152 1148 1146 1142 1139 1136 -3.4e+38 -3.4e+38 -3.4e+38 -3.4e+38 -3.4e+38 -3.4e+38 -3.4e+38 -3.4e+38 -3.4e+38 -3.4e+38 -3.4e+38 -3.4e+38 -3.4e+38 -3.4e+38 -3.4e+38 -3.4e+38 -3.4e+38 -3.4e+38 -3.4e+38 -3.4e+38 -3.4e+38 -3.4e+38 -3.4e+38 -3.4e+38 -3.4e+38 -3.4e+38 -3.4e+38 -3.4e+38 -3.4e+38 -3.4e+38 -3.4e+38 -3.4e+38 -3.4e+38 -3.4e+38 -3.4e+38 -3.4e+38 -3.4e+38 -3.4e+38 -3.4e+38 -3.4e+38 -3.4e+38 -3.4e+38 -3.4e+38 -3.4e+38 -3.4e+38 -3.4e+38 -3.4e+38 -3.4e+38 -3.4e+38 -3.4e+38 -3.4e+38 -3.4e+38 -3.4e+38 -3.4e+38
1201 1200 1201 1199 1199 1198 1198 1197 1196 1194 1192 1190 1187 1183 1181 1178 1175 1172 1169 1166 1163 1160 1156 1154 1151 1149 1146 1142 1141 -3.4e+38 -3.4e+38 -3.4e+38 -3.4e+38 -3.4e+38 -3.4e+38 -3.4e+38 -3.4e+38 -3.4e+38 -3.4e+38 -3.4e+38 -3.4e+38 -3.4e+38 -3.4e+38 -3.4e+38 -3.4e+38 -3.4e+38 -3.4e+38 -3.4e+38 -3.4e+38 -3.4e+38 -3.4e+38 -3.4e+38 -3.4e+38 -3.4e+38 -3.4e+38 -3.4e+38 -3.4e+38 -3.4e+38 -3.4e+38 -3.4e+38 -3.4e+38 -3.4e+38 -3.4e+38 -3.4e+38 -3.4e+38 -3.4e+38 -3.4e+38 -3.4e+38 -3.4e+38 -3.4e+38 -3.4e+38 -3.4e+38 -3.4e+38 -3.4e+38 -3.4e+38 -3.4e+38 -3.4e+38 -3.4e+38 -3.4e+38 -3.4e+38 -3.4e+38 -3.4e+38 -3.4e+38 -3.4e+38 -3.4e+38
1199 1199 1198 1197 1196 1197 1195 1195 1192 1190 1190 1186 1184 1181 1179 1176 1171 1169 1166 1164 1161 1158 1154 1152 1149 1146 1143 1140 -3.4e+38 -3.4e+38 -3.4e+38 -3.4e+38 -3.4e+38 -3.4e+38 -3.4e+38 -3.4e+38 -3.4e+38 -3.4e+38 -3.4e+38 -3.4e+38 -3.4e+38 -3.4e+38 -3.4e+38 -3.4e+38 -3.4e+38 -3.4e+38 -3.4e+38 -3.4e+38 -3.4e+38 -3.4e+38 -3.4e+38 -3.4e+38 -3.4e+38 -3.4e+38 -3.4e+38 -3.4e+38 -3.4e+38 -3.4e+38 -3.4e+38 -3.4e+38 -3.4e+38 -3.4e+38 -3.4e+38 -3.4e+38 -3.4e+38 -3.4e+38 -3.4e+38 -3.4e+38 -3.4e+38 -3.4e+38 -3.4e+38 -3.4e+38 -3.4e+38 -3.4e+38 -3.4e+38 -3.4e+38 -3.4e+38 -3.4e+38 -3.4e+38 -3.4e+38 -3.4e+38 -3.4e+38 -3.4e+38 -3.4e+38 -3.4e+38
1198 1197 1196 1195 1195 1194 1192 1192 1191 1188 1186 1184 1182 1179 1177 1174 1170 1167 1163 1161 1158 1154 1152 1149 1146 1144 1141 -3.4e+38 -3.4e+38 -3.4e+38 -3.4e+38 -3.4e+38 -3.4e+38 -3.4e+38 -3.4e+38 -3.4e+38 -3.4e+38 -3.4e+38 -3.4e+38 -3.4e+38 -3.4e+38 -3.4e+38 -3.4e+38 -3.4e+38 -3.4e+38 -3.4e+38 -3.4e+38 -3.4e+38 -3.4e+38 -3.4e+38 -3.4e+38 -3.4e+38 -3.4e+38 -3.4e+38 -3.4e+38 -3.4e+38 -3.4e+38 -3.4e+38 -3.4e+38 -3.4e+38 -3.4e+38 -3.4e+38 -3.4e+38 -3.4e+38 -3.4e+38 -3.4e+38 -3.4e+38 -3.4e+38 -3.4e+38 -3.4e+38 -3.4e+38 -3.4e+38 -3.4e+38 -3.4e+38 -3.4e+38 -3.4e+38 -3.4e+38 -3.4e+38 -3.4e+38 -3.4e+38 -3.4e+38 -3.4e+38 -3.4e+38 -3.4e+38 -3.4e+38
1196 1195 1195 1194 1192 1192 1191 1189 1187 1187 1183 1182 1180 1178 1174 1170 1167 1164 1162 1159 1156 1154 1150 1146 1144 -3.4e+38 -3.4e+38 -3.4e+38 -3.4e+38 -3.4e+38 -3.4e+38 -3.4e+38 -3.4e+38 -3.4e+38 -3.4e+38 -3.4e+38 -3.4e+38 -3.4e+38 -3.4e+38 -3.4e+38 -3.4e+38 -3.4e+38 -3.4e+38 -3.4e+38 -3.4e+38 -3.4e+38 -3.4e+38 -3.4e+38 -3.4e+38 -3.4e+38 -3.4e+38 -3.4e+38 -3.4e+38 -3.4e+38 -3.4e+38 -3.4e+38 -3.4e+38 -3.4e+38 -3.4e+38 -3.4e+38 -3.4e+38 -3.4e+38 -3.4e+38 -3.4e+38 -3.4e+38 -3.4e+38 -3.4e+38 -3.4e+38 -3.4e+38 -3.4e+38 -3.4e+38 -3.4e+38 -3.4e+38 -3.4e+38 -3.4e+38 -3.4e+38 -3.4e+38 -3.4e+38 -3.4e+38 -3.4e+38 -3.4e+38 -3.4e+38 -3.4e+38 -3.4e+38 -3.4e+38
