data/layers/bio16.asc
NCOLS 507 
NROWS 956 
XLLCORNER -77.7833333333333 
YLLCORNER 0 
CELLSIZE 0.00833333333333335 
NODATA_value -3.4e+38 
[rows 777 to 813 of 956, columns 170 to 254 of 507]
734 736 743 754 768 792 819 838 854 858 861 854 852 855 858 872 880 895 894 889 872 866 877 890 882 870 871 892 910 933 948 977 969 930 905 929 896 848 856 854 851 859 852 878 856 859 887 925 981 964 903 959 994 1082 1128 1145 1057 1151 1192 1207 1177 1212 1166 1039 1031 1084 1021 1025 1133 1171 1195 1208 1174 1174 1236 1240 1242 1245 1246 1249 1251 1254 1257 1259 1261
740 742 757 767 794 819 833 854 855 847 852 859 848 850 861 871 885 884 879 871 878 866 869 876 858 857 873 887 910 945 951 927 923 895 864 860 863 860 868 882 890 861 899 862 884 936 972 982 985 1021 977 1044 1076 1075 1112 1085 1067 1092 1155 1147 1215 1206 1208 1083 1057 1143 1067 1037 1164 1227 1214 1225 1235 1234 1238 1240 1241 1244 1245 1247 1249 1250 1253 1255 1255
743 750 771 794 822 841 847 850 859 839 848 844 836 848 858 859 871 874 872 868 873 861 871 886 871 864 880 903 940 957 903 918 881 876 869 861 865 879 887 916 931 869 887 878 934 986 1045 1045 1024 1047 1018 1105 1123 1126 1154 1159 1091 1043 1063 1147 1221 1216 1120 1064 1148 1197 1102 1131 1162 1220 1233 1234 1234 1236 1237 1239 1241 1242 1244 1246 1247 1250 1250 1251 1252
750 761 794 813 840 826 819 851 845 840 824 833 832 849 859 862 868 872 873 869 865 860 867 873 867 868 893 934 963 930 899 883 871 867 868 881 893 875 876 896 940 882 881 879 890 904 978 1070 1110 1063 1085 1153 1177 1171 1168 1131 1069 1056 1066 1180 1218 1226 1149 1134 1133 1224 1212 1185 1220 1232 1232 1233 1235 1235 1237 1238 1240 1241 1242 1243 1245 1247 1247 1249 1250
757 774 799 823 829 821 806 830 838 818 818 826 843 861 860 860 862 872 886 884 867 872 871 878 879 896 930 949 959 947 936 902 884 875 875 881 882 918 912 887 911 961 924 888 890 910 951 1042 1073 1123 1164 1204 1193 1187 1213 1159 1039 1061 1087 1179 1228 1207 1212 1199 1225 1223 1227 1231 1231 1232 1233 1233 1234 1236 1236 1237 1238 1240 1241 1243 1243 1245 1246 1247 1248
778 809 821 804 800 802 799 808 817 822 825 838 875 875 868 870 876 886 880 881 879 860 864 879 902 914 935 960 962 964 935 897 888 883 890 886 912 967 920 892 900 1005 958 902 899 901 949 1020 1077 1133 1184 1191 1214 1208 1227 1172 1094 1133 1131 1231 1234 1205 1217 1219 1232 1231 1232 1232 1233 1233 1232 1233 1235 1235 1236 1236 1238 1237 1239 1241 1241 1243 1244 1245 1245
810 810 793 790 793 798 804 807 812 819 832 843 893 894 889 888 877 890 888 888 880 863 889 898 915 948 977 972 956 956 939 912 914 908 918 925 933 938 898 933 939 957 990 918 905 932 970 963 1099 1152 1189 1164 1189 1150 1234 1197 1101 1179 1219 1237 1235 1235 1234 1234 1233 1234 1233 1233 1232 1233 1234 1234 1233 1234 1235 1235 1236 1237 1237 1238 1239 1241 1241 1242 1243
792 784 788 796 809 814 819 818 822 833 847 869 894 900 905 901 898 883 879 885 868 872 895 908 931 971 963 935 949 958 943 937 942 933 947 940 911 905 906 922 979 1010 962 935 919 977 1045 1073 1057 1138 1096 1155 1172 1221 1229 1128 1130 1204 1241 1241 1239 1237 1237 1237 1236 1235 1233 1233 1232 1233 1233 1233 1232 1233 1233 1235 1234 1236 1235 1236 1237 1237 1238 1239 1240
786 805 803 820 844 838 829 823 833 850 869 880 897 903 920 919 904 895 882 874 880 878 896 958 956 965 942 944 967 990 990 987 973 981 975 943 930 938 915 930 945 991 1075 997 940 987 1043 1085 1130 1191 1174 1119 1165 1208 1247 1201 1239 1245 1244 1243 1241 1240 1239 1237 1237 1236 1235 1234 1234 1233 1232 1231 1233 1232 1232 1233 1232 1234 1234 1234 1235 1235 1236 1236 1237
821 839 822 854 857 839 833 834 848 865 884 895 911 924 934 926 885 883 876 882 885 896 950 954 940 915 926 945 957 988 1005 1027 993 952 924 917 922 920 938 974 1015 1062 1061 999 1025 1012 1024 1076 1094 1228 1225 1202 1229 1181 1200 1246 1248 1250 1248 1246 1244 1243 1240 1239 1238 1236 1235 1235 1234 1233 1232 1231 1230 1231 1231 1232 1231 1232 1231 1232 1232 1233 1234 1234 1234
863 886 862 884 858 832 834 851 868 885 887 911 929 945 956 927 890 890 901 887 895 903 979 948 913 938 947 957 981 1005 1054 1053 1010 946 929 926 949 963 1003 1015 991 1012 1038 1143 1105 1056 1048 1092 1148 1178 1207 1250 1250 1235 1203 1251 1254 1253 1251 1248 1246 1244 1242 1239 1238 1238 1236 1234 1233 1232 1231 1230 1231 1230 1230 1229 1230 1230 1231 1232 1230 1231 1231 1231 1231
906 916 903 890 842 831 844 863 877 885 894 901 917 952 987 967 943 917 893 900 901 909 912 912 910 957 978 989 1009 1009 1032 1051 1018 993 959 934 935 955 973 953 965 995 1053 1119 1181 1116 1124 1121 1080 1167 1190 1211 1180 1180 1239 1253 1258 1257 1254 1252 1249 1244 1243 1240 1239 1238 1234 1233 1232 1232 1231 1230 1229 1229 1229 1228 1228 1230 1229 1229 1230 1230 1231 1229 1229
938 945 923 855 836 839 852 858 877 886 893 910 928 968 1010 978 954 910 899 944 913 907 910 912 928 970 1011 1022 989 973 991 1021 1026 960 941 949 945 944 964 1021 1008 1012 1051 1098 1162 1141 1169 1166 1169 1192 1243 1185 1160 1170 1240 1263 1263 1261 1257 1256 1252 1248 1244 1242 1239 1238 1234 1233 1231 1229 1230 1229 1228 1227 1227 1227 1226 1227 1227 1228 1228 1228 1228 1227 1228
943 905 862 839 841 864 869 875 886 894 902 919 951 965 995 963 912 909 905 912 944 926 919 922 930 956 1018 1042 1003 954 984 970 945 945 947 971 950 982 1010 1070 1105 1087 1106 1127 1178 1172 1196 1216 1218 1192 1263 1258 1233 1262 1271 1268 1267 1264 1260 1257 1255 1251 1247 1244 1241 1238 1234 1232 1230 1228 1228 1226 1228 1226 1225 1224 1225 1224 1225 1225 1226 1226 1225 1226 1226
966 882 846 840 855 869 876 888 891 900 907 928 944 937 940 953 927 907 923 1019 944 923 926 950 944 973 1037 1026 956 944 961 957 952 954 964 959 1057 1074 1108 1112 1137 1146 1145 1233 1232 1206 1178 1201 1243 1226 1261 1255 1279 1274 1274 1272 1268 1265 1264 1260 1256 1253 1248 1244 1243 1239 1236 1231 1230 1227 1225 1224 1224 1224 1223 1223 1223 1223 1223 1223 1223 1223 1223 1224 1224
901 856 843 854 861 862 878 891 905 918 918 943 909 922 924 936 923 929 962 1005 964 940 936 938 940 947 999 972 978 959 954 965 970 961 969 964 992 1071 1138 1171 1149 1159 1234 1217 1257 1245 1187 1183 1253 1236 1246 1289 1284 1285 1279 1275 1270 1267 1263 1262 1258 1254 1250 1246 1243 1239 1236 1232 1228 1226 1224 1223 1222 1224 1223 1222 1222 1221 1222 1222 1221 1221 1221 1220 1222
864 845 853 864 861 870 884 902 907 914 942 916 903 908 911 928 919 958 971 1031 972 938 942 951 950 951 952 957 958 984 962 970 971 981 1011 971 992 1070 1119 1172 1215 1231 1194 1259 1267 1267 1229 1247 1267 1266 1287 1294 1291 1285 1281 1277 1273 1269 1264 1260 1256 1256 1254 1247 1244 1240 1236 1232 1229 1225 1223 1221 1220 1221 1221 1222 1221 1221 1220 1220 1219 1220 1220 1220 1219
847 852 866 862 867 876 881 890 900 928 969 942 926 920 957 1017 977 1074 1062 996 979 948 975 984 967 971 960 965 1034 1015 979 973 973 1045 1010 996 1049 1025 1102 1175 1203 1195 1221 1278 1280 1283 1286 1289 1284 1280 1304 1299 1295 1289 1285 1281 1277 1271 1267 1263 1258 1258 1255 1251 1246 1241 1237 1233 1229 1226 1221 1220 1218 1220 1219 1220 1219 1219 1218 1219 1218 1218 1218 1217 1217
851 858 864 874 878 884 891 894 910 921 911 948 938 921 946 1079 1053 1116 1074 1057 1012 974 989 1009 1004 972 971 1053 1091 1005 981 1003 994 1067 1033 1036 1075 1059 1123 1169 1170 1184 1252 1293 1295 1298 1301 1303 1317 1312 1309 1305 1300 1294 1289 1285 1279 1274 1269 1265 1259 1255 1251 1249 1246 1243 1237 1233 1229 1226 1224 1219 1218 1217 1218 1218 1218 1219 1216 1217 1216 1216 1216 1216 1216
860 870 871 879 882 909 901 907 913 908 914 920 925 936 966 1051 1114 1126 1155 1037 992 1019 1020 1043 1030 1011 1034 1086 1020 983 986 1042 1046 1080 1117 1151 1127 1128 1164 1179 1236 1252 1256 1294 1289 1307 1314 1320 1321 1318 1314 1309 1305 1298 1292 1287 1282 1276 1272 1265 1261 1257 1250 1249 1244 1240 1238 1232 1230 1227 1223 1222 1217 1216 1215 1217 1217 1217 1215 1214 1215 1215 1215 1214 1214
870 874 877 885 892 903 902 907 911 923 935 931 943 997 1039 1088 1157 1182 1150 1033 1023 1071 1043 1013 1008 993 1001 1145 1090 1015 1018 1068 1112 1108 1160 1166 1128 1088 1151 1204 1235 1235 1304 1288 1288 1287 1319 1324 1325 1324 1319 1314 1308 1302 1295 1289 1284 1278 1273 1268 1263 1258 1251 1247 1247 1241 1238 1234 1229 1226 1222 1221 1220 1215 1214 1215 1216 1215 1215 1214 1214 1213 1213 1213 1213
874 879 885 892 902 904 918 938 919 956 974 991 977 1080 1111 1154 1212 1125 1059 1046 1090 1076 1032 1014 1056 1046 1085 1185 1185 1058 1028 1066 1106 1188 1187 1174 1125 1155 1142 1148 1213 1247 1297 1328 1311 1280 1331 1330 1331 1328 1324 1317 1311 1304 1299 1293 1288 1281 1275 1269 1264 1259 1253 1249 1248 1242 1237 1233 1230 1227 1223 1220 1219 1215 1214 1216 1215 1214 1214 1213 1212 1212 1212 1212 1211
882 887 893 899 908 926 961 972 943 951 1023 1101 1164 1112 1215 1238 1188 1131 1063 1113 1088 1080 1052 1042 1074 1053 1069 1161 1199 1089 1107 1105 1195 1219 1222 1211 1213 1178 1161 1174 1208 1252 1308 1330 1346 1343 1338 1341 1336 1332 1327 1322 1315 1310 1303 1297 1289 1283 1276 1270 1265 1260 1255 1249 1244 1247 1238 1234 1230 1227 1223 1221 1218 1215 1214 1215 1214 1213 1213 1212 1211 1211 1209 1210 1210
890 905 917 923 935 968 1008 1009 964 980 968 1147 1193 1195 1238 1179 1077 1014 1070 1143 1096 1080 1071 1071 1101 1093 1177 1242 1259 1201 1151 1149 1191 1238 1245 1246 1243 1222 1217 1218 1252 1262 1282 1304 1329 1356 1348 1336 1342 1336 1330 1323 1318 1311 1305 1300 1293 1285 1279 1273 1266 1261 1255 1250 1245 1248 1242 1238 1231 1227 1223 1222 1219 1216 1214 1214 1213 1212 1212 1211 1209 1209 1209 1209 1209
917 974 965 963 944 971 1026 1047 1006 1025 1007 1058 1257 1256 1242 1062 994 1038 1116 1153 1135 1156 1146 1134 1136 1135 1202 1255 1274 1233 1205 1148 1190 1219 1254 1263 1267 1222 1212 1252 1289 1318 1334 1314 1352 1354 1348 1350 1345 1339 1332 1325 1319 1313 1307 1300 1293 1287 1282 1275 1268 1263 1257 1250 1246 1242 1242 1236 1234 1229 1225 1222 1220 1217 1214 1212 1213 1211 1210 1210 1209 1208 1207 1207 1207
1045 1005 1015 952 951 991 1069 1119 1091 1106 1086 1188 1252 1278 1042 998 1018 1133 1174 1172 1164 1146 1107 1067 1137 1211 1261 1295 1284 1282 1214 1209 1266 1263 1251 1272 1278 1271 1259 1267 1271 1297 1350 1346 1358 1348 1350 1344 1345 1339 1332 1327 1321 1314 1308 1301 1295 1285 1282 1275 1270 1263 1259 1252 1246 1241 1243 1236 1232 1232 1226 1222 1218 1216 1215 1213 1212 1211 1210 1208 1207 1207 1206 1206 1206
956 965 946 981 992 1015 1040 1150 1123 1109 1203 1272 1293 1269 1120 1024 1051 1159 1195 1162 1074 1052 1058 1112 1218 1282 1303 1303 1285 1249 1222 1261 1292 1292 1291 1300 1293 1288 1288 1265 1241 1274 1365 1364 1349 1347 1340 1335 1340 1340 1333 1327 1319 1314 1309 1302 1295 1291 1284 1277 1270 1263 1258 1252 1247 1243 1245 1236 1233 1230 1228 1224 1220 1217 1215 1213 1212 1211 1209 1208 1206 1206 1207 1206 1206
931 929 952 1020 1047 1129 1117 1141 1092 1180 1321 1300 1227 1150 1056 1016 1087 1196 1195 1080 1042 1080 1108 1135 1241 1266 1321 1314 1305 1246 1248 1306 1303 1308 1314 1307 1312 1262 1272 1273 1274 1284 1336 1352 1345 1351 1338 1334 1329 1331 1333 1327 1321 1315 1308 1301 1291 1290 1280 1274 1270 1265 1258 1254 1248 1244 1246 1241 1233 1231 1226 1224 1221 1217 1216 1213 1211 1210 1208 1207 1206 1206 1205 1203 1205
926 939 965 1056 1178 1202 1290 1165 1188 1328 1299 1196 1091 1049 1062 1082 1144 1259 1198 1118 1109 1152 1142 1168 1248 1316 1327 1317 1306 1280 1308 1328 1327 1346 1345 1326 1307 1299 1298 1302 1298 1309 1350 1347 1343 1348 1348 1333 1329 1329 1325 1323 1318 1313 1309 1302 1296 1291 1284 1279 1270 1265 1259 1255 1249 1244 1240 1236 1235 1230 1227 1225 1221 1218 1215 1213 1212 1211 1208 1207 1205 1205 1204 1202 1203
937 959 977 1053 1249 1156 1228 1340 1345 1343 1207 1057 1019 1052 1097 1185 1278 1230 1200 1230 1201 1190 1216 1191 1291 1327 1334 1322 1306 1322 1332 1340 1339 1349 1344 1347 1330 1351 1346 1335 1306 1350 1354 1342 1339 1345 1344 1332 1327 1325 1324 1319 1312 1312 1308 1302 1297 1291 1287 1280 1274 1268 1261 1255 1250 1246 1241 1237 1236 1232 1228 1224 1222 1218 1217 1213 1212 1210 1207 1205 1204 1204 1203 1201 1202
942 954 1034 1307 1316 1280 1320 1355 1356 1297 1143 1049 1059 1105 1170 1269 1337 1295 1247 1326 1331 1266 1235 1249 1307 1332 1338 1331 1318 1328 1347 1341 1350 1323 1353 1341 1316 1358 1356 1349 1360 1349 1340 1337 1338 1349 1343 1337 1326 1328 1329 1322 1314 1306 1307 1302 1294 1289 1288 1279 1275 1269 1264 1257 1250 1246 1242 1237 1236 1234 1229 1224 1221 1219 1216 1214 1212 1209 1207 1205 1204 1203 1202 1201 1202
962 962 1054 1277 1364 1370 1365 1354 1321 1129 1141 1138 1118 1124 1198 1315 1346 1278 1267 1340 1344 1345 1323 1331 1335 1339 1340 1344 1335 1325 1340 1351 1339 1344 1353 1345 1345 1336 1338 1335 1334 1335 1335 1336 1342 1345 1338 1336 1325 1325 1322 1322 1314 1304 1304 1300 1294 1289 1284 1278 1275 1269 1265 1258 1251 1247 1243 1239 1234 1234 1231 1227 1223 1219 1217 1214 1211 1209 1208 1206 1205 1203 1203 1201 1200
958 967 1116 1334 1379 1382 1369 1375 1345 1303 1341 1285 1139 1185 1264 1321 1345 1325 1333 1355 1339 1348 1349 1344 1347 1345 1340 1348 1347 1344 1336 1338 1331 1330 1331 1340 1337 1338 1333 1332 1333 1333 1341 1337 1338 1343 1335 1333 1332 1323 1317 1314 1314 1306 1305 1299 1290 1290 1283 1279 1272 1271 1266 1259 1255 1250 1244 1239 1235 1232 1228 1227 1224 1219 1217 1214 1211 1210 1207 1206 1205 1204 1203 1201 1202
1015 1053 1283 1345 1376 1335 1243 1303 1362 1377 1361 1149 1219 1282 1319 1356 1361 1354 1357 1340 1331 1344 1341 1343 1345 1337 1345 1346 1346 1325 1333 1328 1329 1329 1329 1344 1335 1336 1329 1331 1331 1334 1338 1335 1339 1340 1335 1328 1328 1319 1318 1315 1313 1311 1299 1294 1293 1286 1279 1279 1272 1272 1265 1260 1255 1251 1244 1240 1236 1232 1228 1226 1222 1220 1217 1215 1211 1210 1207 1206 1205 1204 1203 1202 1202
1066 1225 1369 1394 1402 1355 1240 1372 1370 1370 1356 1231 1251 1318 1343 1296 1374 1374 1357 1346 1343 1320 1335 1351 1351 1344 1350 1330 1326 1327 1327 1327 1329 1329 1329 1331 1342 1329 1329 1330 1337 1334 1342 1345 1345 1340 1334 1332 1322 1326 1314 1311 1310 1309 1300 1297 1294 1287 1280 1275 1273 1272 1265 1263 1256 1251 1247 1241 1237 1233 1229 1225 1222 1219 1216 1214 1211 1210 1208 1206 1205 1203 1202 1200 1199
1059 1259 1405 1415 1410 1393 1340 1394 1366 1386 1395 1310 1321 1321 1320 1326 1384 1379 1363 1344 1314 1316 1366 1362 1362 1354 1339 1329 1329 1324 1325 1325 1327 1328 1333 1328 1330 1328 1326 1331 1339 1341 1336 1335 1339 1339 1334 1332 1323 1323 1319 1312 1305 1308 1302 1295 1291 1290 1285 1276 1269 1270 1261 1261 1256 1252 1246 1241 1237 1233 1229 1225 1223 1219 1216 1214 1211 1209 1208 1205 1203 1202 1201 1200 1199
1270 1342 1395 1413 1394 1418 1410 1382 1367 1408 1401 1401 1366 1361 1338 1394 1367 1342 1335 1333 1335 1343 1358 1358 1353 1327 1329 1327 1327 1325 1325 1325 1326 1327 1327 1329 1329 1327 1327 1325 1331 1335 1332 1328 1328 1338 1333 1330 1321 1316 1317 1315 1305 1301 1297 1291 1286 1286 1282 1277 1272 1265 1261 1256 1252 1248 1244 1241 1237 1233 1230 1225 1223 1219 1216 1214 1212 1209 1208 1205 1203 1201 1200 1199 1197
