data/layers/bio14.asc
NCOLS 507 
NROWS 956 
XLLCORNER -77.7833333333333 
YLLCORNER 0 
CELLSIZE 0.00833333333333335 
NODATA_value -3.4e+38 
[rows 41 to 81 of 956, columns 188 to 281 of 507]
-3.4e+38 -3.4e+38 -3.4e+38 -3.4e+38 -3.4e+38 -3.4e+38 -3.4e+38 -3.4e+38 -3.4e+38 -3.4e+38 -3.4e+38 -3.4e+38 -3.4e+38 -3.4e+38 -3.4e+38 -3.4e+38 -3.4e+38 -3.4e+38 -3.4e+38 -3.4e+38 -3.4e+38 -3.4e+38 -3.4e+38 -3.4e+38 -3.4e+38 -3.4e+38 -3.4e+38 -3.4e+38 -3.4e+38 -3.4e+38 -3.4e+38 -3.4e+38 -3.4e+38 -3.4e+38 -3.4e+38 -3.4e+38 -3.4e+38 -3.4e+38 -3.4e+38 -3.4e+38 -3.4e+38 -3.4e+38 -3.4e+38 -3.4e+38 -3.4e+38 -3.4e+38 -3.4e+38 -3.4e+38 -3.4e+38 44 45 46 55 56 56 53 54 48 50 52 51 51 51 52 52 54 54 55 55 56 56 57 57 58 59 59 59 60 59 61 61 59 55 55 60 59 56 56 52 51 50 49 49 48
-3.4e+38 -3.4e+38 -3.4e+38 -3.4e+38 -3.4e+38 -3.4e+38 -3.4e+38 -3.4e+38 -3.4e+38 -3.4e+38 -3.4e+38 -3.4e+38 -3.4e+38 -3.4e+38 -3.4e+38 -3.4e+38 -3.4e+38 -3.4e+38 -3.4e+38 -3.4e+38 -3.4e+38 -3.4e+38 -3.4e+38 -3.4e+38 -3.4e+38 -3.4e+38 -3.4e+38 -3.4e+38 -3.4e+38 -3.4e+38 -3.4e+38 -3.4e+38 -3.4e+38 -3.4e+38 -3.4e+38 -3.4e+38 -3.4e+38 -3.4e+38 -3.4e+38 -3.4e+38 -3.4e+38 -3.4e+38 -3.4e+38 -3.4e+38 -3.4e+38 -3.4e+38 -3.4e+38 57 52 46 45 45 59 64 65 62 62 55 49 51 50 50 51 52 56 53 54 55 55 56 56 57 58 59 59 59 60 60 60 61 61 61 57 59 62 60 61 60 55 52 51 51 50 49
-3.4e+38 -3.4e+38 -3.4e+38 -3.4e+38 -3.4e+38 -3.4e+38 -3.4e+38 -3.4e+38 -3.4e+38 -3.4e+38 -3.4e+38 -3.4e+38 -3.4e+38 -3.4e+38 -3.4e+38 -3.4e+38 -3.4e+38 -3.4e+38 -3.4e+38 -3.4e+38 -3.4e+38 -3.4e+38 -3.4e+38 -3.4e+38 -3.4e+38 -3.4e+38 -3.4e+38 -3.4e+38 -3.4e+38 -3.4e+38 -3.4e+38 -3.4e+38 -3.4e+38 -3.4e+38 -3.4e+38 -3.4e+38 -3.4e+38 -3.4e+38 -3.4e+38 -3.4e+38 -3.4e+38 -3.4e+38 -3.4e+38 -3.4e+38 -3.4e+38 57 59 56 52 48 46 44 51 69 71 67 61 58 48 49 50 50 51 52 54 54 54 54 56 56 57 57 58 59 60 60 60 60 61 61 62 62 59 64 65 63 62 64 54 54 53 52 52 51
-3.4e+38 -3.4e+38 -3.4e+38 -3.4e+38 -3.4e+38 -3.4e+38 -3.4e+38 -3.4e+38 -3.4e+38 -3.4e+38 -3.4e+38 -3.4e+38 -3.4e+38 -3.4e+38 -3.4e+38 -3.4e+38 -3.4e+38 -3.4e+38 -3.4e+38 -3.4e+38 -3.4e+38 -3.4e+38 -3.4e+38 -3.4e+38 -3.4e+38 -3.4e+38 -3.4e+38 -3.4e+38 -3.4e+38 -3.4e+38 -3.4e+38 -3.4e+38 -3.4e+38 -3.4e+38 -3.4e+38 -3.4e+38 -3.4e+38 -3.4e+38 -3.4e+38 -3.4e+38 -3.4e+38 -3.4e+38 45 42 47 53 58 57 54 51 46 45 48 71 72 68 58 53 58 50 50 50 51 52 54 55 54 60 56 56 57 58 58 60 61 60 61 61 61 62 63 61 60 65 66 65 64 61 57 55 54 54 54 53
-3.4e+38 -3.4e+38 -3.4e+38 -3.4e+38 -3.4e+38 -3.4e+38 -3.4e+38 -3.4e+38 -3.4e+38 -3.4e+38 -3.4e+38 -3.4e+38 -3.4e+38 -3.4e+38 -3.4e+38 -3.4e+38 -3.4e+38 -3.4e+38 -3.4e+38 -3.4e+38 -3.4e+38 -3.4e+38 -3.4e+38 -3.4e+38 -3.4e+38 -3.4e+38 -3.4e+38 -3.4e+38 -3.4e+38 -3.4e+38 -3.4e+38 -3.4e+38 -3.4e+38 -3.4e+38 -3.4e+38 -3.4e+38 -3.4e+38 -3.4e+38 -3.4e+38 -3.4e+38 56 51 42 41 42 50 53 57 52 50 46 44 51 58 72 68 57 53 49 56 55 53 51 52 54 53 55 59 57 56 57 58 59 61 61 61 61 62 62 63 62 62 64 66 67 66 67 63 61 57 56 56 55 55
-3.4e+38 -3.4e+38 -3.4e+38 -3.4e+38 -3.4e+38 -3.4e+38 -3.4e+38 -3.4e+38 -3.4e+38 -3.4e+38 -3.4e+38 -3.4e+38 -3.4e+38 -3.4e+38 -3.4e+38 -3.4e+38 -3.4e+38 -3.4e+38 -3.4e+38 -3.4e+38 -3.4e+38 -3.4e+38 -3.4e+38 -3.4e+38 -3.4e+38 -3.4e+38 -3.4e+38 -3.4e+38 -3.4e+38 -3.4e+38 -3.4e+38 -3.4e+38 -3.4e+38 -3.4e+38 -3.4e+38 -3.4e+38 -3.4e+38 -3.4e+38 57 60 54 48 41 41 44 45 52 60 53 49 47 44 44 49 68 64 54 48 48 51 58 53 55 51 52 54 54 56 57 56 57 59 59 60 61 61 62 62 63 64 64 64 65 67 67 67 67 66 63 59 58 58 57 56
-3.4e+38 -3.4e+38 -3.4e+38 -3.4e+38 -3.4e+38 -3.4e+38 -3.4e+38 -3.4e+38 -3.4e+38 -3.4e+38 -3.4e+38 -3.4e+38 -3.4e+38 -3.4e+38 -3.4e+38 -3.4e+38 -3.4e+38 -3.4e+38 -3.4e+38 -3.4e+38 -3.4e+38 -3.4e+38 -3.4e+38 -3.4e+38 -3.4e+38 -3.4e+38 -3.4e+38 -3.4e+38 -3.4e+38 -3.4e+38 -3.4e+38 -3.4e+38 -3.4e+38 -3.4e+38 -3.4e+38 69 61 51 51 58 51 43 40 42 41 41 51 56 57 52 48 45 45 61 63 57 52 47 51 51 49 50 53 52 53 55 56 54 55 57 57 58 59 60 60 62 62 63 64 64 65 65 67 67 67 68 69 69 66 61 60 60 59 68
-3.4e+38 -3.4e+38 -3.4e+38 -3.4e+38 -3.4e+38 -3.4e+38 -3.4e+38 -3.4e+38 -3.4e+38 -3.4e+38 -3.4e+38 -3.4e+38 -3.4e+38 -3.4e+38 -3.4e+38 -3.4e+38 -3.4e+38 -3.4e+38 -3.4e+38 -3.4e+38 -3.4e+38 -3.4e+38 -3.4e+38 -3.4e+38 -3.4e+38 -3.4e+38 -3.4e+38 -3.4e+38 -3.4e+38 -3.4e+38 -3.4e+38 -3.4e+38 -3.4e+38 67 68 69 60 47 49 54 51 46 40 49 47 41 51 56 53 46 46 48 43 59 50 45 47 46 47 52 52 51 50 51 54 57 57 55 57 59 58 58 59 60 61 62 63 63 64 65 66 66 68 67 68 69 69 69 66 64 63 62 67 72
-3.4e+38 -3.4e+38 -3.4e+38 -3.4e+38 -3.4e+38 -3.4e+38 -3.4e+38 -3.4e+38 -3.4e+38 -3.4e+38 -3.4e+38 -3.4e+38 -3.4e+38 -3.4e+38 -3.4e+38 -3.4e+38 -3.4e+38 -3.4e+38 -3.4e+38 -3.4e+38 -3.4e+38 -3.4e+38 -3.4e+38 -3.4e+38 -3.4e+38 -3.4e+38 -3.4e+38 -3.4e+38 -3.4e+38 -3.4e+38 -3.4e+38 42 58 67 70 66 47 43 52 48 41 44 40 56 49 44 48 54 51 45 42 45 44 45 44 47 47 46 47 49 54 57 55 56 58 59 57 59 59 61 61 58 59 61 62 63 63 63 64 66 67 66 68 69 69 70 70 71 71 70 70 65 75 74
-3.4e+38 -3.4e+38 -3.4e+38 -3.4e+38 -3.4e+38 -3.4e+38 -3.4e+38 -3.4e+38 -3.4e+38 -3.4e+38 -3.4e+38 -3.4e+38 -3.4e+38 -3.4e+38 -3.4e+38 -3.4e+38 -3.4e+38 -3.4e+38 -3.4e+38 -3.4e+38 -3.4e+38 -3.4e+38 -3.4e+38 -3.4e+38 -3.4e+38 -3.4e+38 -3.4e+38 -3.4e+38 54 48 55 59 67 71 71 60 39 42 48 48 43 39 48 59 43 41 46 56 50 46 43 42 52 51 44 45 50 47 50 53 50 49 53 55 54 54 54 56 56 58 62 61 62 63 65 65 63 64 65 66 66 67 68 69 70 70 71 71 72 73 72 74 76 76
-3.4e+38 -3.4e+38 -3.4e+38 -3.4e+38 -3.4e+38 -3.4e+38 -3.4e+38 -3.4e+38 -3.4e+38 -3.4e+38 -3.4e+38 -3.4e+38 -3.4e+38 -3.4e+38 -3.4e+38 -3.4e+38 -3.4e+38 -3.4e+38 -3.4e+38 -3.4e+38 -3.4e+38 -3.4e+38 -3.4e+38 -3.4e+38 -3.4e+38 -3.4e+38 69 60 49 58 68 67 72 70 67 60 41 38 42 39 41 39 41 56 57 46 46 53 54 50 43 43 45 58 45 44 48 53 50 50 49 49 50 54 52 52 55 55 55 57 58 62 61 62 62 67 64 64 65 66 67 68 69 69 70 71 71 72 74 72 75 76 77 77
-3.4e+38 -3.4e+38 -3.4e+38 -3.4e+38 -3.4e+38 -3.4e+38 -3.4e+38 -3.4e+38 -3.4e+38 -3.4e+38 -3.4e+38 -3.4e+38 -3.4e+38 -3.4e+38 -3.4e+38 -3.4e+38 -3.4e+38 -3.4e+38 -3.4e+38 -3.4e+38 -3.4e+38 -3.4e+38 -3.4e+38 -3.4e+38 75 71 65 53 44 49 65 73 71 68 65 58 48 40 38 42 40 39 41 51 59 42 45 53 55 47 45 42 45 60 50 44 47 49 50 47 61 65 57 53 51 53 53 57 56 56 57 58 59 61 62 68 68 64 65 68 69 68 69 69 70 71 72 73 75 76 75 78 77 78
-3.4e+38 -3.4e+38 -3.4e+38 -3.4e+38 -3.4e+38 -3.4e+38 -3.4e+38 -3.4e+38 -3.4e+38 -3.4e+38 -3.4e+38 -3.4e+38 -3.4e+38 -3.4e+38 -3.4e+38 -3.4e+38 -3.4e+38 -3.4e+38 -3.4e+38 -3.4e+38 -3.4e+38 -3.4e+38 72 74 73 72 68 61 54 48 65 73 68 68 64 55 49 43 39 54 44 38 44 63 62 46 45 53 50 44 40 44 60 52 43 44 48 47 47 48 66 65 50 52 54 54 56 54 61 60 60 62 60 61 62 66 67 66 67 70 68 68 70 70 71 72 72 74 77 76 77 77 78 79
-3.4e+38 -3.4e+38 -3.4e+38 -3.4e+38 -3.4e+38 -3.4e+38 -3.4e+38 -3.4e+38 -3.4e+38 -3.4e+38 -3.4e+38 -3.4e+38 -3.4e+38 -3.4e+38 -3.4e+38 -3.4e+38 -3.4e+38 -3.4e+38 -3.4e+38 73 61 61 65 66 65 68 73 72 67 62 72 72 67 61 60 56 49 45 41 38 46 52 58 67 61 39 49 53 48 41 45 63 57 50 52 43 49 46 46 54 53 47 50 51 51 51 58 56 56 56 58 61 60 61 62 63 66 70 66 68 68 69 72 71 71 72 73 76 78 75 80 78 78 79
-3.4e+38 -3.4e+38 -3.4e+38 -3.4e+38 -3.4e+38 -3.4e+38 -3.4e+38 -3.4e+38 -3.4e+38 -3.4e+38 -3.4e+38 -3.4e+38 -3.4e+38 -3.4e+38 -3.4e+38 -3.4e+38 -3.4e+38 68 61 67 62 51 55 66 69 71 71 73 71 68 74 74 69 67 65 56 49 40 37 42 40 53 67 65 55 40 52 44 48 41 40 58 69 69 53 42 51 43 47 61 54 49 51 52 52 57 58 59 58 57 57 58 60 61 62 64 69 71 66 67 70 72 75 75 73 73 75 79 76 76 80 80 79 80
-3.4e+38 -3.4e+38 -3.4e+38 -3.4e+38 -3.4e+38 -3.4e+38 -3.4e+38 -3.4e+38 -3.4e+38 -3.4e+38 -3.4e+38 -3.4e+38 -3.4e+38 -3.4e+38 -3.4e+38 57 65 61 63 68 62 59 59 62 68 72 72 73 75 74 71 74 66 58 59 50 46 39 37 46 46 60 67 55 40 38 47 40 40 41 39 40 69 64 45 42 48 43 56 50 46 49 51 53 53 53 54 58 62 61 58 61 67 62 63 63 65 73 74 68 72 75 72 74 76 79 80 77 76 82 79 79 79 80
-3.4e+38 -3.4e+38 -3.4e+38 -3.4e+38 -3.4e+38 -3.4e+38 -3.4e+38 -3.4e+38 -3.4e+38 -3.4e+38 -3.4e+38 -3.4e+38 -3.4e+38 -3.4e+38 72 67 62 66 69 68 64 60 52 57 66 70 73 75 72 72 72 74 69 60 52 57 45 43 36 38 40 52 70 65 38 43 41 37 39 52 56 62 68 45 40 46 45 44 57 55 45 48 50 49 57 58 56 60 61 66 61 67 69 68 71 68 65 68 75 74 74 74 70 71 72 75 80 77 81 81 82 82 81 81
-3.4e+38 -3.4e+38 -3.4e+38 -3.4e+38 -3.4e+38 -3.4e+38 -3.4e+38 -3.4e+38 -3.4e+38 -3.4e+38 -3.4e+38 -3.4e+38 68 72 76 71 71 73 68 68 63 57 50 59 66 69 74 72 72 71 73 71 66 55 44 50 46 49 36 36 36 49 65 44 42 41 39 41 40 40 65 69 55 60 44 42 46 44 58 46 45 49 53 55 56 58 55 57 57 63 65 68 62 64 67 71 72 73 72 68 69 72 74 73 73 80 83 76 84 87 89 83 80 81
-3.4e+38 -3.4e+38 -3.4e+38 -3.4e+38 -3.4e+38 -3.4e+38 -3.4e+38 -3.4e+38 -3.4e+38 -3.4e+38 52 59 68 70 72 76 64 69 63 64 60 52 52 60 62 73 73 71 72 72 71 68 66 54 39 42 37 41 35 37 37 54 63 39 40 36 39 36 36 44 64 74 66 66 39 43 43 57 56 43 48 52 53 56 51 55 51 52 56 59 68 67 63 61 62 65 67 75 67 68 69 70 74 73 74 78 76 76 87 89 91 80 81 82
-3.4e+38 -3.4e+38 -3.4e+38 -3.4e+38 -3.4e+38 -3.4e+38 -3.4e+38 -3.4e+38 -3.4e+38 59 50 52 58 66 71 73 61 59 69 62 60 45 46 53 62 72 70 69 72 69 68 65 58 45 35 37 35 36 37 35 49 50 37 39 36 39 51 46 46 44 59 74 66 46 39 47 42 55 71 46 49 54 48 50 53 50 50 52 58 62 65 66 61 61 62 63 66 71 69 68 74 71 74 72 79 74 76 76 90 89 88 84 83 83
-3.4e+38 -3.4e+38 -3.4e+38 -3.4e+38 -3.4e+38 -3.4e+38 -3.4e+38 81 73 66 57 48 53 60 60 76 70 59 57 65 57 50 52 58 62 68 71 68 69 67 62 63 56 45 34 37 37 52 50 41 65 36 35 36 34 49 62 60 70 51 67 70 50 38 40 39 42 43 54 46 49 44 49 46 58 68 65 55 55 56 62 64 60 61 64 68 71 70 67 72 79 76 71 73 76 75 80 82 90 89 93 90 87 86
-3.4e+38 -3.4e+38 -3.4e+38 -3.4e+38 -3.4e+38 71 70 74 80 72 63 59 44 51 56 68 67 64 64 52 55 49 56 62 68 69 68 70 67 62 53 57 49 37 35 40 51 52 63 52 59 34 34 34 34 58 72 73 73 74 71 47 39 37 38 44 39 41 51 41 42 43 44 68 76 73 73 68 64 55 67 69 59 62 64 66 66 72 68 74 81 75 73 73 76 79 85 89 88 89 95 88 89 88
-3.4e+38 -3.4e+38 -3.4e+38 -3.4e+38 57 73 62 65 70 77 61 52 47 51 61 61 60 66 60 57 52 44 61 63 66 62 64 65 64 59 44 47 52 49 34 36 45 59 70 65 56 33 41 46 35 54 69 73 68 67 72 40 36 40 37 53 68 51 67 47 56 45 55 51 71 60 64 51 52 54 63 61 59 63 62 63 67 70 67 76 84 79 74 73 75 80 86 87 88 93 95 92 90 89
-3.4e+38 -3.4e+38 -3.4e+38 49 60 71 61 53 63 72 77 67 55 43 56 66 52 53 56 49 44 50 62 67 56 62 55 62 63 49 40 39 40 42 38 35 34 38 70 70 64 40 44 44 36 45 73 74 69 63 40 50 35 39 36 52 77 75 70 64 70 68 64 44 51 57 49 56 58 58 61 57 61 63 62 63 66 68 69 77 82 77 75 73 78 87 88 89 88 94 92 88 88 86
-3.4e+38 45 45 47 66 59 62 45 54 72 76 59 49 44 52 66 51 42 49 47 42 57 64 58 56 58 51 50 63 47 37 34 33 39 33 33 35 50 58 70 70 37 43 49 64 59 73 70 72 73 60 38 50 54 36 44 74 79 79 78 53 56 56 44 48 51 53 59 57 60 56 59 59 61 62 63 65 67 69 81 76 75 73 74 79 86 91 90 89 90 95 96 97 91
48 45 45 45 56 51 59 48 53 57 69 64 44 42 47 74 55 40 43 37 48 59 62 57 47 42 40 50 61 51 36 34 35 33 33 32 42 65 70 70 57 41 60 56 68 73 71 70 73 74 67 37 56 55 44 63 77 79 56 53 40 43 42 52 51 50 55 50 57 55 57 72 58 60 62 67 65 67 71 85 80 77 77 76 85 88 91 90 89 90 96 100 96 96
46 45 46 47 52 48 53 47 43 53 68 66 50 41 41 53 65 54 49 39 38 57 49 58 46 35 37 44 63 52 41 35 33 34 32 36 38 57 70 70 70 46 65 71 73 72 70 74 63 60 67 41 50 77 38 69 79 78 49 38 42 47 43 43 50 48 51 53 56 55 55 64 73 69 61 75 78 73 84 87 78 78 80 83 85 92 92 90 89 90 95 97 98 95
47 45 46 45 44 43 48 44 42 51 67 66 46 42 52 52 67 43 39 37 42 63 44 45 40 36 35 42 50 58 38 35 38 35 34 32 46 69 68 71 71 61 63 73 70 69 69 74 74 50 42 76 70 77 44 77 79 80 55 37 39 54 44 54 57 49 46 48 55 52 60 56 79 73 81 86 87 89 90 87 81 81 82 85 92 90 93 92 90 91 96 102 89 92
48 45 44 45 45 44 46 42 43 56 67 76 47 39 47 53 69 50 41 37 44 47 51 38 35 34 34 36 46 55 40 32 45 52 44 43 57 67 70 70 70 67 55 72 69 71 69 75 66 54 48 75 76 77 65 63 79 72 40 38 39 77 67 79 54 48 63 48 55 53 67 61 74 87 87 87 86 82 85 91 92 90 92 92 87 88 92 93 90 93 97 99 99 102
47 47 52 48 47 43 43 42 42 46 65 64 44 41 44 42 53 57 41 44 53 44 39 37 43 43 55 39 45 52 42 33 38 47 54 59 70 68 68 68 68 72 62 73 70 76 70 70 75 75 52 67 74 78 74 78 79 74 54 37 66 83 83 79 60 44 59 53 49 66 83 79 82 76 77 82 85 81 85 91 90 89 83 83 82 90 93 93 93 91 101 101 101 102
51 56 58 58 56 53 46 42 45 51 59 63 44 39 38 38 44 59 45 38 45 37 36 35 34 60 40 34 40 43 46 37 36 31 37 60 69 70 70 68 68 71 72 70 68 81 70 75 73 68 73 76 75 73 78 77 80 70 55 73 82 84 68 62 52 56 47 49 50 70 82 89 89 78 82 85 82 83 85 84 84 83 83 85 82 88 94 92 90 91 92 100 98 95
61 57 63 60 47 44 46 42 49 60 72 55 40 43 39 39 44 65 45 36 40 39 35 41 47 59 45 33 32 35 43 33 41 37 31 33 62 70 68 70 68 72 73 68 71 80 69 73 75 77 68 77 72 70 70 71 78 82 56 72 81 80 77 79 74 64 48 61 56 76 87 84 78 77 89 91 90 87 85 84 83 83 85 83 83 91 94 95 93 91 95 102 99 97
62 65 64 62 51 43 42 43 49 59 57 46 40 46 41 44 57 51 37 36 37 36 47 44 61 62 50 37 32 40 37 32 33 31 30 31 47 54 64 69 68 72 69 68 80 73 74 69 70 77 74 78 70 84 75 71 76 78 82 79 75 84 85 82 83 48 44 78 79 75 90 77 75 76 86 91 77 93 87 84 84 85 84 82 82 87 95 95 92 92 96 97 85 87
64 61 59 51 49 44 42 48 53 61 47 41 45 46 38 42 49 48 37 44 40 35 36 44 61 66 47 42 34 39 31 53 44 31 38 48 40 47 71 67 67 71 68 85 86 81 78 72 68 76 77 73 69 88 82 72 70 71 77 83 74 77 74 84 83 49 51 86 85 83 90 75 77 77 89 91 79 90 90 85 88 86 84 81 84 87 92 95 93 91 93 101 94 86
63 57 48 46 43 48 50 52 55 57 50 40 58 48 38 40 48 51 38 39 45 48 38 47 63 67 56 33 33 42 33 38 56 44 32 67 70 55 58 72 67 68 70 90 87 79 71 69 71 70 69 72 75 83 83 80 71 70 79 80 71 72 75 87 68 53 47 75 81 76 74 75 77 75 85 93 76 78 80 95 85 83 81 80 84 87 88 96 97 93 100 88 84 85
64 59 51 44 43 43 42 42 54 51 40 40 46 57 39 38 45 48 39 35 35 37 47 48 63 65 45 32 31 42 38 32 51 59 63 61 71 68 61 69 67 67 80 90 91 83 75 69 71 68 71 86 87 78 71 74 73 71 80 80 73 76 75 87 87 82 51 84 81 74 75 76 76 76 92 90 72 81 93 83 85 81 80 79 85 87 90 97 94 91 98 102 99 100
63 56 48 50 50 59 49 46 54 44 40 54 53 49 38 40 37 44 42 38 35 38 53 64 67 62 37 35 31 31 32 31 39 67 70 70 68 70 68 68 67 66 84 91 89 76 70 67 77 71 81 91 86 78 69 72 71 72 79 76 70 72 73 77 84 83 56 64 88 75 75 77 77 79 94 85 68 84 96 84 81 81 78 79 84 90 92 98 92 92 99 94 103 105
64 60 61 61 56 61 48 42 54 44 40 47 60 54 46 51 37 46 36 38 40 44 65 59 66 63 48 35 31 36 46 30 33 52 69 66 68 71 72 72 72 66 76 93 87 73 67 67 70 78 90 91 80 72 70 69 71 83 84 77 82 71 71 77 88 81 65 88 90 75 88 90 84 83 95 78 66 79 94 85 78 79 78 79 82 95 97 97 98 98 96 93 103 93
67 66 66 63 55 51 44 44 48 46 40 48 65 61 54 53 41 50 50 35 35 41 47 51 64 67 55 45 31 32 51 30 32 44 67 70 70 72 66 66 67 66 79 86 84 74 68 68 70 69 80 84 85 77 78 79 69 78 84 83 85 74 70 82 89 80 82 86 76 84 92 92 91 95 94 85 65 72 93 92 78 78 79 78 80 89 97 99 96 98 98 93 96 101
62 63 65 61 50 43 42 48 46 45 41 45 59 64 57 41 37 43 37 41 38 36 33 40 54 67 64 43 31 31 56 39 35 39 40 52 63 66 69 66 68 68 82 79 72 70 72 71 68 67 67 76 88 89 82 76 73 76 85 85 80 70 71 86 89 90 88 73 76 89 81 73 72 83 66 62 64 75 79 92 78 77 78 78 81 90 93 100 99 98 99 93 93 100
53 56 61 54 45 43 46 45 41 42 40 44 58 64 50 40 37 39 39 36 40 37 34 39 53 67 66 40 31 37 62 50 68 68 50 71 62 71 71 65 77 74 80 73 66 67 76 78 70 73 67 77 86 88 77 69 69 80 85 74 78 70 72 84 75 83 81 75 88 94 71 59 55 57 60 61 80 94 94 89 80 78 78 78 81 87 96 100 96 97 99 97 97 97
