data/layers/bio15.asc
NCOLS 507 
NROWS 956 
XLLCORNER -77.7833333333333 
YLLCORNER 0 
CELLSIZE 0.00833333333333335 
NODATA_value -3.4e+38 
[rows 630 to 671 of 956, columns 285 to 379 of 507]
53 53 53 53 53 53 53 53 53 53 52 52 51 51 50 48 46 42 37 33 32 31 32 28 28 29 29 23 22 21 20 20 20 23 25 26 27 27 27 27 27 27 27 26 25 24 25 26 27 27 27 25 26 27 26 26 26 26 26 26 26 26 26 26 26 26 26 26 26 27 27 27 27 27 27 27 27 27 28 28 28 28 28 28 28 30 30 30 30 30 31 31 31 31 32
52 53 52 52 52 53 53 52 52 52 52 52 51 50 49 48 46 44 34 32 31 29 28 30 25 27 23 20 20 20 20 20 22 24 25 26 27 27 27 27 27 26 26 25 23 23 25 26 25 23 23 24 26 26 27 27 27 26 26 26 26 26 26 26 27 26 26 26 26 26 27 27 27 27 27 27 27 27 27 28 28 28 28 28 29 29 30 30 30 30 31 31 31 31 32
52 52 52 52 52 52 52 52 52 52 51 51 50 49 47 45 45 39 33 32 31 30 24 24 23 21 21 20 20 21 20 22 22 23 25 27 27 27 27 27 26 25 26 24 22 21 23 23 21 21 21 22 25 25 26 25 24 26 26 26 26 26 26 26 26 26 26 26 26 26 26 27 27 27 27 27 27 28 27 27 28 28 28 28 29 29 29 30 30 30 30 30 30 31 31
52 51 52 52 51 52 51 51 51 51 51 51 50 49 46 43 41 36 33 31 28 25 24 23 24 23 22 20 19 20 22 24 22 25 26 27 27 27 27 26 25 23 24 24 22 21 22 21 23 22 22 22 26 26 26 26 26 26 26 26 26 26 26 26 27 26 26 26 26 26 26 27 27 27 27 27 27 28 28 28 28 28 28 28 29 29 29 29 30 30 31 31 31 31 31
51 51 51 51 51 51 51 51 51 51 51 50 49 49 45 40 39 33 32 31 30 28 29 28 26 24 22 21 20 22 25 25 23 25 26 27 27 26 26 26 25 24 22 22 21 21 22 23 24 24 24 26 26 26 26 26 26 26 25 26 26 26 26 26 27 27 27 27 27 27 26 27 27 27 27 27 27 28 28 28 28 28 28 28 29 29 29 29 30 30 31 31 31 31 30
51 51 51 50 51 51 50 50 50 50 50 50 49 47 42 37 35 35 32 31 31 31 29 26 26 24 21 22 22 24 27 25 24 27 26 25 24 26 26 24 23 23 22 22 22 22 22 24 26 26 26 26 26 26 26 26 25 25 25 26 26 26 26 26 26 26 27 27 28 28 27 26 26 27 27 27 27 27 28 28 28 28 28 28 28 28 29 29 29 30 31 31 31 31 31
50 50 50 50 50 50 50 50 50 50 50 50 48 46 40 34 32 32 32 31 30 28 25 23 21 22 23 25 23 26 27 26 26 26 26 25 24 25 26 24 22 22 21 22 23 24 25 26 26 26 26 26 25 26 26 26 26 26 26 26 26 26 26 26 26 26 26 26 26 27 28 28 27 27 27 27 27 27 27 28 28 29 28 28 28 28 29 29 30 30 31 30 31 31 32
50 50 50 50 50 50 50 50 50 49 49 48 46 44 38 36 32 31 31 31 30 29 27 23 21 26 25 27 27 28 26 26 26 26 26 24 23 24 25 25 23 21 20 20 21 22 22 23 25 25 24 24 23 25 25 26 26 26 26 26 26 26 26 25 26 26 26 26 26 26 27 28 28 29 28 29 28 27 27 27 28 28 28 29 28 28 29 29 29 30 30 31 31 31 31
49 50 50 50 50 49 49 49 49 49 49 47 44 37 32 33 32 31 30 31 28 26 23 23 24 27 28 28 28 27 25 26 26 26 24 24 22 23 23 22 23 22 20 20 20 21 22 21 21 23 21 21 21 22 22 23 25 25 25 26 26 26 26 25 26 26 26 26 26 26 26 27 28 28 29 29 29 28 28 27 28 28 29 28 28 28 28 29 30 30 30 31 31 31 31
49 49 50 49 49 49 49 49 49 49 47 47 41 34 31 31 31 31 29 28 27 24 24 28 29 29 29 29 27 26 25 26 26 25 24 22 21 21 21 22 22 21 20 20 20 20 20 20 20 20 21 21 21 22 22 24 24 24 23 25 25 26 25 25 25 25 26 26 26 26 26 26 27 27 27 28 28 29 27 27 28 28 29 28 28 28 28 29 30 30 30 30 30 31 32
49 49 49 49 49 49 49 48 48 48 45 42 41 34 31 31 31 31 29 26 24 26 28 28 29 29 29 28 27 25 24 24 25 24 23 21 20 20 20 20 20 20 20 20 20 21 21 21 21 21 20 21 21 23 25 25 24 25 24 24 25 26 26 26 26 26 26 26 26 26 26 26 26 27 27 27 28 29 28 28 28 28 29 28 28 28 28 29 29 30 29 30 30 31 31
49 49 49 49 49 49 48 48 48 46 43 38 36 33 31 31 30 29 28 28 28 29 29 29 29 29 28 26 26 25 24 24 24 23 22 21 20 20 20 20 20 20 20 20 21 21 23 23 24 23 22 21 22 24 25 25 25 25 24 24 25 25 25 26 26 25 26 26 26 26 26 26 26 26 27 28 28 29 29 28 27 28 29 28 28 28 28 29 29 29 29 30 31 31 31
49 49 48 48 48 48 48 48 47 43 39 39 34 31 31 30 29 28 29 29 29 29 29 29 29 28 26 25 26 25 24 23 22 22 21 20 20 20 20 20 21 20 20 20 20 21 22 24 24 25 24 21 24 25 25 25 25 24 23 25 25 25 25 25 25 25 25 26 26 26 26 26 26 26 27 28 28 28 29 29 28 28 29 29 28 28 29 28 29 30 30 31 31 31 31
48 48 48 48 48 48 48 47 46 43 37 35 33 31 30 29 28 29 29 30 29 29 29 29 29 27 25 24 25 24 24 22 22 20 20 21 21 20 21 20 21 21 20 20 20 20 21 21 22 24 25 24 25 25 25 25 25 25 25 25 25 25 25 25 25 25 26 26 26 27 28 26 26 27 27 27 27 27 28 29 29 29 29 29 28 28 29 29 29 30 30 31 30 30 31
48 48 47 47 46 47 46 45 44 43 40 36 31 30 30 29 29 30 30 29 29 29 29 28 26 27 26 24 23 24 23 22 21 21 21 21 20 20 21 22 21 21 21 20 21 21 21 21 22 22 25 25 25 25 25 25 25 25 25 25 25 25 25 25 25 25 25 26 26 26 27 28 27 28 28 27 27 27 27 28 28 29 29 29 28 29 28 29 30 30 30 31 30 30 30
46 46 46 45 47 47 45 43 40 40 35 32 31 30 30 30 30 30 29 29 29 29 29 26 25 24 25 23 22 21 21 20 21 22 22 21 20 21 22 22 22 22 21 21 20 22 21 20 21 20 22 24 25 25 25 25 25 25 25 25 25 25 24 25 25 26 26 26 26 26 26 27 28 28 28 27 27 27 27 28 28 28 29 29 29 29 29 29 29 30 30 31 31 30 30
42 44 44 44 46 44 43 40 33 36 35 32 30 30 30 30 30 30 30 29 29 29 28 26 22 22 23 23 21 20 19 20 20 22 22 21 20 22 22 23 23 21 20 20 20 20 20 21 22 21 21 24 24 24 24 25 25 25 25 25 25 25 25 25 25 25 26 27 26 26 26 26 27 29 28 27 27 27 28 28 28 28 29 29 28 28 28 29 29 30 30 31 31 30 30
38 39 41 45 45 41 37 33 31 31 31 31 30 30 30 30 30 30 29 29 29 28 27 24 21 21 22 22 21 20 19 20 20 21 22 22 21 21 22 23 22 22 21 20 21 20 20 21 23 22 22 23 23 24 24 25 25 25 25 25 25 25 25 25 25 26 26 27 27 26 26 27 26 28 29 28 28 29 29 29 28 30 29 29 29 28 29 29 30 30 29 30 30 30 30
44 37 40 43 44 41 32 32 31 31 31 30 31 30 31 31 31 29 29 29 28 26 25 22 19 20 21 21 20 19 19 19 20 21 22 23 21 22 23 23 23 22 21 20 22 21 21 22 23 24 23 24 24 24 24 24 24 23 24 25 25 25 25 25 25 25 26 27 28 27 27 27 26 27 28 28 27 29 30 29 28 29 28 29 28 29 29 29 29 29 29 29 30 30 30
38 37 34 33 41 41 41 36 34 31 30 31 32 33 33 31 29 29 28 28 28 26 23 21 20 20 20 20 19 19 20 19 20 21 22 22 22 21 23 23 23 21 22 22 24 23 22 22 23 24 24 24 24 24 24 23 24 24 24 24 25 25 26 25 25 26 27 27 28 27 27 27 26 27 28 29 28 29 30 29 28 28 28 28 28 28 29 29 29 29 29 29 30 30 30
32 32 31 32 38 42 40 39 35 32 33 33 36 34 33 30 29 29 28 27 28 26 23 21 20 20 19 20 19 19 20 20 20 21 21 22 23 22 22 24 23 21 22 23 24 24 24 24 24 24 23 24 24 24 24 24 24 25 24 25 24 25 26 25 25 26 27 28 28 28 27 27 26 27 28 30 29 30 30 29 29 30 29 29 28 28 29 29 29 29 30 30 30 30 30
32 32 31 33 38 35 33 39 39 36 38 37 35 33 30 29 28 28 25 24 25 25 23 21 20 19 19 19 19 19 19 19 19 20 20 20 23 23 22 24 23 22 21 22 24 24 24 24 24 24 24 24 24 24 24 24 24 24 24 24 25 25 25 26 26 27 28 28 28 29 27 26 26 28 29 30 30 30 30 29 29 30 29 29 29 29 29 29 29 29 30 30 30 30 31
35 32 30 31 36 30 30 35 37 36 37 36 34 31 29 29 28 28 26 23 22 22 22 21 20 20 19 19 19 19 19 19 20 20 20 21 22 23 23 24 24 23 21 21 23 24 24 24 24 24 24 24 24 24 24 24 24 24 24 24 24 25 25 26 26 27 28 28 28 28 28 28 27 27 28 29 30 30 30 29 29 29 28 28 28 29 29 29 29 29 30 30 30 30 31
30 32 30 30 31 30 30 32 38 36 35 34 33 30 29 28 28 28 25 22 20 21 21 20 20 20 19 19 19 19 19 20 20 21 21 22 23 23 24 24 24 22 22 21 22 24 24 24 24 24 24 24 24 24 24 25 24 24 24 24 25 25 25 26 27 29 28 28 28 28 29 27 27 26 27 29 30 30 30 29 29 29 29 28 28 28 29 29 29 29 30 30 30 31 31
30 31 30 30 30 29 30 37 37 34 34 32 30 29 29 28 28 27 23 21 20 19 20 19 19 19 19 20 19 19 20 20 20 21 22 22 23 23 24 24 24 23 23 24 23 24 24 24 24 24 24 24 25 25 25 25 24 24 24 24 25 25 25 25 27 28 28 28 28 28 27 28 27 26 27 28 30 30 30 29 29 30 29 28 28 29 29 29 29 29 29 30 31 31 31
30 30 30 29 29 30 34 35 32 31 31 29 28 28 28 28 27 26 25 22 21 19 20 19 19 19 21 20 20 19 20 20 21 20 21 22 22 23 24 24 24 24 24 24 23 24 24 24 24 24 24 25 26 26 26 24 24 24 24 24 25 25 25 26 27 29 28 29 29 28 27 28 27 27 28 29 30 30 30 30 29 29 29 29 29 29 29 29 29 29 30 30 30 31 31
30 30 28 29 29 32 34 34 31 30 29 28 28 28 27 27 27 25 23 22 20 19 20 19 19 19 19 19 20 19 20 20 20 20 21 21 22 22 22 24 24 24 24 24 24 24 24 23 24 24 24 25 26 27 26 25 24 24 24 24 24 25 26 27 27 30 29 29 29 28 28 28 28 27 29 30 30 30 31 30 29 30 29 29 29 29 29 30 30 30 30 30 31 31 31
28 27 28 29 30 33 31 29 29 29 29 28 28 27 26 27 26 23 22 21 20 19 19 20 20 19 19 19 19 19 19 20 20 20 20 20 21 21 21 22 23 22 23 24 24 24 24 24 24 24 24 25 26 27 27 24 24 24 24 24 24 24 25 26 27 30 29 29 29 27 28 28 27 27 28 30 31 31 31 30 30 30 29 29 30 29 30 30 30 30 30 30 31 31 31
25 26 29 29 31 30 29 29 29 28 28 28 27 26 24 27 25 22 21 20 20 19 20 20 20 19 19 20 19 19 20 21 22 20 20 22 23 23 22 22 22 22 22 23 24 24 24 24 24 23 24 23 24 26 26 24 24 24 24 24 24 25 25 26 28 30 29 29 29 28 29 28 27 27 28 29 31 31 30 30 30 30 29 30 30 30 30 30 30 29 30 31 31 31 31
23 29 29 30 29 29 28 29 28 27 27 27 27 24 22 26 25 24 20 20 19 19 20 21 20 19 20 20 19 20 20 20 21 22 21 22 23 24 23 22 21 21 22 23 24 23 24 24 24 24 24 24 26 26 27 24 24 24 24 24 25 26 28 26 28 30 30 29 29 28 28 29 27 27 28 29 31 31 31 31 31 31 31 30 30 30 29 29 29 29 31 31 31 31 31
26 29 29 30 29 29 28 28 28 26 26 26 25 24 22 24 23 21 20 19 20 20 20 21 21 20 21 20 19 20 20 21 20 21 23 24 24 24 23 21 22 22 23 23 24 24 23 23 23 24 24 25 27 27 27 24 24 24 24 27 27 28 29 30 30 30 30 29 29 28 29 29 27 27 28 29 30 31 31 31 31 31 30 30 30 30 29 29 29 29 31 31 31 31 31
27 28 29 28 28 28 28 28 27 27 24 23 23 21 22 22 22 20 19 19 19 20 21 21 21 20 21 20 20 21 21 21 20 21 22 22 23 24 23 22 22 23 23 23 24 23 23 23 23 23 23 24 25 27 28 25 24 25 25 27 29 30 31 31 31 30 29 28 29 28 29 28 27 27 27 28 30 31 31 31 31 31 30 30 30 29 29 29 29 30 31 31 31 31 31
28 29 28 28 28 28 27 26 27 26 25 23 21 21 20 21 21 20 19 19 19 19 20 21 21 21 21 20 20 20 21 21 21 21 21 21 23 24 23 23 23 23 23 23 23 23 23 23 23 23 23 24 24 25 29 27 24 24 26 28 30 31 31 30 30 29 29 28 28 28 29 28 27 28 27 27 29 30 31 31 31 31 30 30 30 30 29 29 29 31 31 31 31 31 31
28 28 28 28 27 27 25 24 26 27 27 25 22 20 20 20 20 19 19 19 19 19 20 21 22 22 21 20 20 20 20 21 21 22 23 22 23 23 24 23 23 23 23 23 23 23 23 23 23 23 23 23 24 27 29 29 25 25 26 29 31 31 31 30 30 30 29 27 28 28 29 28 28 28 27 27 29 30 32 31 31 31 31 30 30 30 29 30 30 31 31 31 31 31 31
28 27 27 27 24 23 24 22 23 25 25 25 23 22 21 19 20 19 19 19 19 20 20 21 22 22 20 21 21 20 20 20 21 21 21 23 23 23 23 23 23 23 23 23 23 23 23 23 23 23 23 23 23 26 28 29 28 27 29 30 31 31 31 30 30 30 29 27 28 28 28 28 28 28 27 28 30 30 31 31 31 31 31 30 30 30 30 30 30 31 31 31 31 31 31
28 27 25 26 23 21 22 22 21 22 23 24 21 21 20 19 19 19 19 19 20 20 20 20 22 22 20 21 22 21 20 20 21 22 23 23 23 23 23 23 23 23 23 23 23 23 23 23 23 23 23 24 23 25 27 29 30 28 30 31 31 31 30 30 30 29 28 27 28 27 28 29 29 27 28 29 29 31 31 32 31 31 31 31 30 30 30 29 30 31 31 31 31 31 31
27 27 23 20 21 21 20 20 19 20 22 22 20 20 19 19 19 19 19 19 19 20 20 20 22 23 21 21 22 22 20 21 22 22 23 23 23 23 23 23 23 23 23 23 23 23 23 23 23 23 23 24 26 27 27 30 30 31 31 31 31 31 30 29 29 29 28 28 28 27 29 29 28 28 29 29 29 31 31 32 31 31 31 31 30 30 30 30 31 31 31 31 31 31 31
27 26 24 21 20 20 19 19 19 19 20 21 20 19 19 19 19 20 20 19 20 21 21 21 23 23 22 22 22 23 21 22 22 22 22 23 23 23 23 23 23 23 23 23 23 23 23 23 23 23 23 24 26 28 28 30 30 31 31 31 31 31 31 29 28 28 28 29 29 30 30 28 29 30 30 29 31 31 31 31 32 31 31 30 30 30 30 31 31 31 31 31 31 31 31
23 24 25 22 20 19 19 19 19 19 20 20 20 20 19 19 19 20 20 20 20 21 22 22 22 22 23 23 23 23 22 23 22 22 22 23 23 23 22 23 23 23 23 22 23 23 23 23 23 23 23 25 27 28 28 27 27 31 31 31 31 31 30 29 27 28 28 29 29 28 30 30 30 30 30 31 32 31 31 31 31 31 30 30 30 30 31 31 31 31 31 31 31 31 31
20 21 21 23 20 19 19 19 20 19 19 20 19 19 19 19 19 19 20 20 20 21 21 21 22 21 22 22 23 23 23 23 22 22 22 23 23 23 23 23 23 23 23 22 23 23 23 23 23 23 23 25 26 28 28 27 28 31 31 31 31 31 29 29 28 27 28 29 28 28 30 31 30 32 32 32 32 31 31 31 31 31 30 30 30 31 31 31 31 31 31 31 31 31 31
20 20 20 21 21 19 19 19 20 20 19 19 20 20 19 19 19 19 20 20 20 21 21 20 20 21 21 22 23 23 23 23 23 23 23 23 23 23 23 23 23 23 23 23 23 23 23 23 23 23 23 24 26 28 28 28 29 31 31 31 31 31 29 28 28 27 29 31 29 30 31 31 31 32 32 32 32 32 32 31 31 31 31 30 30 32 31 31 31 31 31 31 31 31 31
19 19 19 20 20 20 19 19 19 21 19 19 20 20 19 19 20 20 20 20 20 20 20 20 20 21 21 22 23 23 23 23 23 23 23 23 23 23 23 23 23 23 23 23 23 23 23 23 23 23 23 25 26 28 29 30 30 31 31 31 31 29 29 28 28 29 30 30 29 31 32 31 31 32 32 32 32 32 32 32 31 31 31 30 31 31 31 31 31 31 31 31 31 31 31
