data/layers/bio11.asc
NCOLS 507 
NROWS 956 
XLLCORNER -77.7833333333333 
YLLCORNER 0 
CELLSIZE 0.00833333333333335 
NODATA_value -3.4e+38 
[rows 156 to 194 of 956, columns 176 to 263 of 507]
205 210 212 212 197 193 193 186 184 185 175 161 143 139 122 117 115 127 141 132 136 154 164 168 172 172 179 178 183 180 163 160 124 125 161 168 155 147 124 126 134 157 155 153 181 187 207 205 198 199 198 185 204 218 229 233 240 256 240 247 240 236 224 202 190 171 175 175 181 170 162 120 107 119 123 118 105 96 104 115 128 133 140 144 147 148 149 149
192 189 197 203 209 202 198 204 195 190 181 156 146 150 136 138 117 107 129 143 149 139 153 163 162 167 173 179 184 173 168 161 143 130 150 139 134 127 114 131 135 147 147 147 173 189 199 210 214 211 209 193 189 216 227 225 231 247 252 250 242 236 224 203 203 190 171 166 166 143 134 105 104 123 127 114 104 99 110 124 124 121 123 140 147 147 146 147
202 195 190 191 202 209 203 194 197 187 180 173 158 170 161 154 127 106 119 112 128 139 151 151 156 166 176 181 186 176 168 167 149 146 157 136 106 118 131 146 151 159 160 152 162 186 203 214 207 218 214 193 196 210 220 222 229 240 253 253 247 233 233 222 215 206 190 163 157 138 130 102 103 120 133 132 110 101 112 118 114 113 127 142 140 146 146 148
208 205 195 187 191 199 200 186 192 190 190 181 180 175 154 143 112 97 97 99 119 128 144 153 158 168 176 176 181 184 177 174 159 149 164 140 102 113 132 148 167 167 174 163 166 184 203 203 203 214 220 206 199 203 215 219 218 229 248 256 254 240 237 215 204 186 168 170 168 162 143 104 111 123 132 136 124 112 118 115 107 103 118 140 145 146 146 149
213 209 201 198 187 200 191 181 181 180 186 185 169 141 138 125 113 113 102 98 125 130 140 148 153 161 173 182 174 177 180 175 171 167 153 139 114 116 125 139 152 162 169 182 178 187 203 191 201 215 223 213 200 208 213 218 228 235 238 254 253 243 233 222 201 190 178 182 185 184 160 124 112 115 130 140 136 121 111 110 103 111 126 141 139 145 151 145
208 204 203 196 183 192 174 173 168 167 175 168 170 157 150 146 129 124 87 95 112 127 140 149 159 166 175 181 167 165 174 177 170 168 156 137 103 115 135 148 163 161 160 164 184 188 201 189 202 217 225 222 203 212 218 226 234 243 251 254 256 247 241 232 219 207 194 190 196 194 180 168 122 116 129 139 144 135 126 123 104 106 123 129 139 143 155 153
203 197 192 196 181 184 164 160 162 153 169 139 147 164 157 139 126 106 93 114 127 148 159 161 165 156 171 173 166 161 168 181 171 158 146 144 114 134 143 139 151 165 177 176 189 196 189 187 208 212 225 221 212 212 219 218 225 235 249 254 255 250 244 238 230 212 201 200 200 188 179 155 145 128 127 134 137 146 126 124 118 110 115 131 136 143 151 160
202 191 184 190 181 188 166 161 157 147 147 145 136 157 140 151 131 112 107 122 137 150 146 154 146 150 172 165 163 158 159 170 174 161 151 141 122 129 149 165 161 169 181 182 183 176 176 195 207 212 231 221 222 216 211 213 222 237 250 252 255 253 251 244 237 219 212 210 196 179 169 168 173 164 130 138 143 149 152 132 125 121 117 121 129 141 147 155
202 197 181 181 196 195 188 175 187 170 165 155 137 135 123 136 117 104 102 121 141 141 133 139 144 157 167 164 151 145 156 168 172 167 144 127 124 149 148 162 171 176 168 164 156 170 187 192 194 211 227 228 224 215 209 220 233 241 250 254 255 256 254 249 243 229 216 203 187 182 188 172 190 173 135 137 142 145 153 149 143 123 123 126 120 136 155 159
205 202 188 188 199 201 196 196 189 187 178 168 162 120 102 110 106 114 116 121 135 119 112 129 139 154 159 160 143 142 160 165 169 157 151 141 129 147 161 165 166 176 157 145 167 161 189 208 197 208 225 232 230 220 210 218 225 241 251 253 255 254 257 246 242 226 221 205 190 188 198 197 193 171 135 135 138 146 151 154 147 136 132 129 120 130 147 158
206 201 191 194 201 207 198 187 184 162 165 162 152 120 96 112 118 127 124 115 115 94 108 119 140 146 159 156 135 140 153 166 153 130 133 130 128 135 153 152 152 161 150 149 171 167 191 212 203 209 220 238 234 222 216 222 236 241 253 253 250 256 257 252 248 229 223 215 201 204 199 208 190 172 142 141 141 137 143 151 154 144 129 126 126 126 139 153
202 200 192 197 199 209 201 189 180 167 147 138 123 98 111 125 121 135 132 130 117 92 102 119 137 149 152 150 131 132 157 166 161 142 120 118 122 142 149 129 140 164 154 173 190 183 197 214 221 222 235 234 236 230 225 227 241 246 250 252 252 254 257 255 253 235 224 219 211 211 213 202 193 177 154 151 145 134 145 143 151 153 139 123 124 121 129 141
216 210 208 210 209 214 202 199 195 183 164 157 149 121 133 138 132 138 141 136 129 104 100 117 132 143 147 150 139 132 152 162 149 138 115 116 133 144 130 142 160 174 170 187 197 201 211 220 227 220 220 233 240 232 230 236 246 249 249 249 252 257 257 256 253 250 235 229 220 220 215 209 191 183 176 181 163 135 138 139 153 156 151 142 131 120 122 125
218 215 216 219 215 209 207 203 180 173 169 172 159 156 154 139 123 132 147 141 135 130 118 124 118 125 134 145 134 124 139 158 141 118 103 108 125 134 146 161 175 180 184 185 190 189 215 214 215 211 218 227 231 245 244 246 244 250 251 253 255 257 257 256 255 252 233 236 229 223 211 203 202 203 196 181 158 132 136 144 149 146 157 154 143 135 129 129
225 224 221 215 207 200 203 200 185 188 182 181 173 163 146 123 147 150 153 147 145 135 133 132 129 140 126 132 115 134 144 155 148 124 100 105 111 141 157 162 163 178 169 171 178 196 213 198 202 203 218 221 231 237 242 239 246 248 253 253 250 257 257 255 254 248 242 238 230 220 212 219 211 201 196 177 162 145 132 144 136 144 150 160 155 141 131 126
228 221 215 193 195 193 195 190 189 194 186 175 155 131 125 132 135 145 155 150 142 144 144 139 144 141 125 127 119 129 145 143 145 121 99 107 122 142 157 162 153 170 163 184 196 206 208 190 192 195 207 227 231 237 238 243 251 252 254 254 254 257 257 255 253 251 237 239 229 225 224 216 199 188 183 180 175 166 144 125 128 133 139 154 160 150 142 135
224 220 206 192 200 201 200 197 198 198 186 173 159 153 154 129 132 147 158 164 149 160 149 156 159 140 149 136 120 121 140 127 137 115 116 120 146 145 137 139 147 154 166 186 202 204 194 180 192 201 209 224 231 225 231 244 250 253 254 255 254 257 256 256 253 249 243 241 239 232 219 210 200 196 196 193 189 178 155 120 127 129 143 152 157 160 156 143
220 220 206 206 212 213 208 208 202 201 192 189 182 172 147 135 148 151 169 166 165 165 163 159 141 137 134 139 131 107 122 118 129 102 116 140 160 142 146 156 146 169 167 190 196 184 177 187 197 204 214 226 225 223 230 238 245 249 255 255 256 257 257 255 254 252 251 247 242 236 220 212 223 207 210 196 197 184 160 141 119 123 140 149 148 158 162 155
218 216 215 216 211 208 205 199 195 196 195 183 178 153 137 154 158 162 170 171 161 151 155 147 141 123 116 130 126 105 109 104 115 93 102 128 150 163 162 168 159 182 188 188 187 177 187 201 209 214 220 222 226 215 231 238 248 248 254 256 257 257 255 255 254 252 248 247 245 239 229 226 217 212 204 187 182 185 168 143 121 130 140 143 136 147 160 161
215 219 215 210 206 199 199 190 187 176 179 169 154 144 150 163 169 169 175 163 156 140 146 127 132 119 102 118 126 112 90 97 101 87 102 138 158 154 169 175 176 174 171 164 175 179 191 199 203 212 212 211 217 224 234 237 245 249 257 257 255 256 256 255 254 252 250 247 244 237 230 218 209 204 194 184 175 167 141 125 117 120 128 141 147 146 153 160
211 218 217 216 215 206 199 194 194 186 183 146 136 146 161 170 180 176 168 161 157 144 112 99 114 117 92 103 118 113 95 123 114 95 108 137 150 142 151 160 159 154 145 151 159 169 183 194 206 200 204 206 222 229 232 236 247 248 256 257 253 255 256 256 254 252 248 244 239 238 231 227 217 203 195 201 185 177 172 146 114 114 129 142 153 154 157 161
222 222 220 211 206 204 199 200 192 187 176 153 143 158 172 174 181 176 169 151 140 135 107 79 72 86 76 103 100 107 120 131 123 96 109 146 126 148 167 151 148 126 148 161 170 181 192 200 196 183 193 207 223 229 240 240 248 247 254 257 247 252 253 255 254 252 249 245 244 246 238 228 213 202 211 205 187 189 187 167 137 117 127 136 151 152 155 155
225 224 219 208 194 194 188 183 180 177 173 164 159 157 170 177 184 181 153 138 118 100 89 85 76 70 79 85 93 108 117 134 139 127 122 147 138 165 162 156 157 148 154 170 176 179 181 189 173 181 198 215 223 234 245 249 248 247 255 256 253 247 252 254 255 253 251 249 251 249 240 231 218 219 218 211 207 200 182 172 150 141 123 126 141 141 152 155
225 221 220 193 196 191 194 192 187 180 168 166 171 173 178 184 180 173 164 153 133 104 72 58 74 74 74 72 88 116 121 121 137 149 132 152 139 159 162 174 168 144 152 165 166 166 177 175 180 194 201 218 228 235 240 246 247 249 255 249 255 250 253 251 250 253 250 250 250 246 240 232 229 226 220 214 204 192 169 152 149 149 146 136 129 139 144 148
226 219 214 202 197 200 200 197 194 188 172 172 176 185 190 182 177 171 171 156 131 93 64 60 63 63 65 72 78 96 92 103 128 149 160 158 155 154 160 174 172 154 146 155 153 162 173 169 190 203 206 221 227 235 243 244 244 251 253 250 248 239 253 252 249 251 251 250 245 242 239 235 231 226 223 215 192 182 166 153 153 153 152 150 142 141 138 150
227 220 208 201 196 202 199 194 188 178 172 182 184 190 185 186 181 175 174 145 109 84 67 56 62 68 70 72 77 79 78 97 121 137 157 166 167 170 166 177 182 151 157 156 150 157 159 169 188 204 213 222 229 236 243 240 244 241 250 256 242 233 250 253 249 250 244 244 244 243 242 241 237 230 225 212 199 168 158 157 161 156 154 152 150 150 139 143
233 227 217 202 203 208 200 197 193 180 186 187 188 192 189 185 178 171 164 134 113 101 85 69 75 75 70 74 73 91 78 75 104 128 142 159 159 172 177 180 177 158 173 169 161 151 158 172 190 204 214 216 223 229 240 238 238 237 250 250 234 231 242 252 251 247 238 233 240 245 244 243 238 230 226 218 207 193 171 162 156 156 154 154 155 150 148 141
236 224 216 208 211 203 201 196 193 185 192 193 195 193 191 183 174 157 159 131 112 123 97 91 82 75 83 79 84 100 90 87 87 103 137 150 161 159 171 185 187 171 178 173 168 161 170 176 192 202 213 223 230 234 237 235 239 242 248 253 244 233 238 250 250 244 236 227 231 244 242 240 236 224 223 205 198 181 166 164 155 156 153 153 152 151 154 151
237 225 218 214 214 204 200 205 194 193 194 195 194 193 188 184 178 172 161 143 132 138 122 74 70 71 89 108 96 119 101 96 105 120 136 148 158 164 174 180 189 186 186 179 165 167 186 188 197 205 215 218 223 226 235 240 245 247 247 256 246 237 234 249 245 236 235 225 226 230 238 237 233 218 216 198 181 175 161 163 160 156 157 155 152 152 153 152
236 225 222 227 221 216 209 205 195 198 200 197 190 185 186 177 179 166 159 138 160 148 126 90 75 77 92 109 124 126 104 96 115 124 138 160 166 174 162 168 184 198 190 187 174 177 193 201 213 214 220 226 230 226 227 239 243 244 241 252 248 230 241 250 247 247 232 225 220 222 236 235 234 217 205 196 184 173 160 157 158 158 153 152 152 153 152 153
230 231 230 232 205 209 217 207 195 196 203 196 195 194 179 181 183 171 156 145 163 149 131 93 83 90 106 125 137 119 111 116 126 117 128 141 157 166 183 189 184 191 197 193 176 183 193 194 206 216 224 233 241 239 245 239 240 243 241 253 247 228 239 244 249 240 240 231 220 219 234 232 232 219 206 197 177 166 152 153 157 153 152 152 152 152 152 155
223 224 222 223 202 207 218 208 202 208 203 196 193 185 180 185 183 173 156 167 170 163 129 114 108 114 129 129 143 130 131 136 133 119 139 155 166 171 173 189 194 193 205 204 193 199 207 206 211 225 228 226 229 229 237 249 246 250 253 255 239 233 227 242 243 229 227 236 225 220 231 228 226 220 213 196 199 175 150 153 156 154 150 151 151 154 150 155
224 220 210 219 199 202 212 211 212 202 199 192 192 185 184 188 182 176 166 174 173 156 134 136 129 130 139 145 147 142 145 143 134 127 140 159 165 173 183 182 174 184 194 203 204 209 215 220 223 223 215 225 234 237 239 245 249 255 255 245 236 224 227 243 243 240 223 232 233 225 225 227 221 213 204 202 190 178 148 149 149 151 151 151 150 152 152 154
221 218 214 211 185 192 205 213 212 208 206 197 192 191 186 189 178 183 175 178 176 171 159 143 139 143 146 149 153 153 150 142 130 138 157 165 169 177 181 172 158 169 185 197 188 199 202 207 216 209 206 220 233 243 243 249 250 254 249 240 234 221 228 238 242 234 224 224 222 230 220 222 219 210 199 188 177 146 131 140 146 149 150 151 156 155 155 153
220 216 213 202 187 190 200 203 205 210 207 204 203 195 190 191 183 185 179 181 176 167 156 159 156 158 153 160 159 155 145 134 121 134 146 157 164 166 173 165 150 166 186 183 181 183 189 200 209 201 199 219 235 238 247 252 254 248 236 241 232 224 220 235 239 230 214 219 212 224 228 221 207 200 196 186 166 133 113 128 143 148 149 152 156 156 163 171
220 214 208 201 183 185 195 188 192 197 205 196 203 204 197 189 195 191 183 184 180 168 174 172 160 159 154 162 162 158 148 146 136 136 143 135 143 157 169 153 141 159 175 174 162 168 175 184 206 195 195 213 228 236 244 254 255 247 234 227 227 216 220 232 239 232 221 216 204 216 218 219 208 199 191 163 146 121 119 135 144 148 150 154 158 158 163 184
221 211 202 198 184 171 179 192 197 196 201 202 189 193 201 195 192 191 184 186 182 177 179 173 168 167 157 166 166 158 156 151 131 144 149 137 134 142 158 140 142 160 158 151 142 153 169 178 186 199 205 212 226 235 246 252 250 243 231 225 219 212 204 228 236 231 228 224 211 214 211 220 216 204 194 172 153 125 113 121 143 148 152 155 158 159 165 187
220 216 209 201 168 176 187 186 189 184 191 203 192 184 190 186 185 187 190 187 187 183 181 175 166 169 167 169 166 156 162 144 139 155 151 147 140 121 109 129 139 145 140 140 134 147 156 162 185 206 211 215 222 236 245 247 255 242 238 230 225 219 206 225 232 228 222 220 212 209 199 210 221 198 192 172 149 131 111 112 133 145 150 151 157 158 170 191
217 208 208 205 181 179 178 175 177 172 189 203 198 183 185 178 181 178 184 190 187 184 178 176 176 177 173 171 161 159 165 154 151 157 154 139 142 137 112 115 133 134 149 153 132 136 149 165 186 203 212 219 226 242 237 247 256 249 238 240 227 224 212 226 230 225 217 213 211 202 198 209 214 198 186 175 176 167 143 112 122 127 142 153 154 156 168 192
