data/layers/bio13.asc
NCOLS 507 
NROWS 956 
XLLCORNER -77.7833333333333 
YLLCORNER 0 
CELLSIZE 0.00833333333333335 
NODATA_value -3.4e+38 
[rows 380 to 417 of 956, columns 344 to 429 of 507]
220 218 217 215 215 215 213 212 211 211 210 210 210 210 209 209 209 208 208 207 207 206 204 204 209 216 212 220 232 216 223 263 265 236 214 216 230 259 266 236 226 194 190 232 221 251 214 227 247 232 266 265 263 264 249 235 216 215 163 144 132 122 141 143 140 128 115 114 114 113 112 112 111 111 111 111 111 111 112 112 112 112 113 114 114 114
218 217 215 214 213 212 211 211 210 210 209 209 208 209 208 208 207 206 206 206 206 203 203 202 210 229 218 230 245 258 261 261 251 217 207 210 237 268 252 212 202 196 187 199 226 223 238 263 250 252 263 256 253 259 261 238 204 212 164 148 140 128 132 138 134 127 125 115 112 111 111 110 110 110 109 109 109 110 110 110 111 111 112 112 113 113
214 214 213 212 211 210 210 209 209 208 208 208 207 207 207 207 206 205 205 205 204 201 205 209 207 229 220 222 231 271 267 264 231 210 203 209 228 258 266 240 192 202 189 220 232 223 255 258 262 255 254 244 249 257 256 210 226 212 202 162 150 125 131 134 124 118 120 116 118 110 109 109 108 108 108 108 108 108 108 109 109 110 110 111 112 112
214 213 211 210 209 209 208 208 207 207 207 206 206 206 206 205 205 205 204 200 201 204 213 224 223 217 230 251 260 271 255 249 210 202 201 209 234 261 259 220 191 208 192 203 238 250 249 254 243 241 237 245 259 257 218 206 214 204 207 184 149 137 132 130 116 112 120 116 119 108 108 107 107 107 106 106 106 106 107 107 108 108 109 110 111 112
215 213 211 210 208 207 207 206 206 206 205 205 205 204 204 204 204 203 201 200 211 213 217 236 251 242 254 272 272 268 254 236 207 200 204 223 228 258 257 232 223 218 190 207 236 250 254 255 245 231 246 257 243 240 220 205 205 201 214 220 165 147 121 123 113 114 118 117 114 107 107 106 106 105 105 105 105 105 105 106 106 107 108 109 110 111
213 212 210 209 208 206 205 205 205 204 204 204 203 203 203 203 202 202 199 197 209 215 222 253 243 255 271 268 270 264 252 227 202 198 198 200 223 251 262 243 219 208 183 217 249 253 258 239 228 237 253 255 244 231 226 222 214 201 200 220 166 123 114 113 115 117 112 121 109 106 106 105 104 104 104 103 103 103 104 104 105 106 107 108 109 111
209 208 208 207 205 204 204 204 203 203 203 202 202 201 201 201 200 197 197 199 208 213 230 245 236 256 270 268 264 249 240 213 204 196 199 204 230 258 241 213 194 197 191 219 248 256 249 234 213 254 252 247 246 244 246 233 228 222 197 222 172 134 122 114 114 119 115 116 105 105 105 104 104 103 103 102 102 102 102 103 104 105 106 108 109 110
209 206 205 204 204 203 203 202 202 201 201 201 200 200 200 199 196 195 196 200 210 212 222 212 240 263 262 258 250 234 220 202 198 196 207 211 230 260 239 231 207 202 184 222 250 255 242 223 214 240 241 240 239 251 250 249 241 223 203 188 184 152 144 141 126 131 115 107 104 104 104 104 103 102 102 101 101 101 101 102 103 104 105 107 108 110
207 207 203 203 202 201 201 200 200 200 200 199 199 198 198 197 196 194 193 200 210 213 213 207 248 258 249 247 242 221 211 202 196 194 195 204 230 255 226 257 234 215 194 233 253 250 243 232 207 232 234 230 228 249 248 248 244 231 213 199 193 154 158 156 147 128 108 104 103 102 103 103 102 102 101 101 100 100 100 101 102 104 105 106 108 109
204 205 202 201 201 200 200 199 199 198 198 198 197 196 196 195 194 194 191 191 207 208 206 214 241 256 247 240 236 223 200 195 193 194 194 199 210 242 254 255 250 222 217 239 252 243 243 223 204 234 216 213 238 247 245 241 243 240 224 214 192 186 197 176 154 135 105 108 102 101 101 101 102 101 101 100 100 101 101 101 102 103 105 106 108 109
202 202 201 200 199 199 198 198 197 197 196 196 195 195 194 194 191 190 190 206 210 211 209 231 246 258 250 247 220 200 194 192 191 196 205 221 233 248 254 254 243 228 249 249 252 246 250 235 208 200 202 199 229 244 237 239 244 239 240 233 213 191 183 157 133 116 120 117 107 105 100 99 100 100 101 100 100 102 105 101 102 103 104 106 107 109
201 200 199 198 198 197 197 196 196 195 194 194 194 193 193 192 190 189 200 205 212 224 224 247 265 248 245 246 226 199 192 189 193 197 194 201 220 252 244 216 213 230 251 248 245 243 248 237 221 196 197 212 223 229 234 244 240 235 241 238 210 180 170 143 125 106 108 117 113 108 101 101 99 100 100 100 100 100 101 101 102 103 104 106 107 108
200 199 198 197 196 196 195 194 194 193 193 192 192 192 191 191 187 190 199 202 202 209 228 233 253 249 243 232 213 193 191 189 190 190 190 190 209 250 254 215 233 240 249 248 243 246 238 243 206 189 193 208 221 235 245 243 230 230 239 234 200 186 146 137 141 145 110 107 105 105 107 105 99 99 99 100 100 100 101 101 102 103 105 106 107 108
199 198 197 196 195 194 193 193 192 191 191 191 191 190 190 189 187 185 193 200 201 201 202 220 248 246 248 235 197 191 189 187 190 191 194 204 208 251 241 242 241 249 248 243 243 247 240 230 189 188 197 219 229 239 239 234 227 227 237 238 212 182 175 161 153 144 118 120 103 101 105 104 99 99 99 100 100 100 101 101 102 103 105 106 107 108
198 197 195 195 194 193 192 191 191 190 189 189 189 189 188 187 186 185 185 199 198 204 202 242 252 236 226 218 199 193 190 183 190 194 193 202 211 249 246 252 251 248 244 238 244 246 231 192 187 188 194 213 218 240 234 231 214 228 231 236 231 197 172 164 170 168 165 139 132 123 106 106 100 99 103 110 99 99 100 101 102 103 104 105 106 108
197 195 194 193 192 192 191 190 189 189 188 188 188 187 187 186 184 184 191 202 198 201 226 250 244 233 221 191 200 190 186 187 189 193 189 188 208 250 254 251 250 244 238 243 244 242 200 191 187 187 189 191 197 211 218 224 206 224 230 233 232 214 190 178 179 176 162 158 135 130 108 102 103 99 105 112 110 102 100 101 102 103 104 105 106 107
195 194 193 192 191 190 190 189 188 187 187 186 186 186 185 185 182 181 187 196 201 203 229 247 227 207 206 189 192 188 184 186 188 189 187 187 211 249 248 249 250 233 246 245 245 223 188 185 188 188 188 187 188 191 192 199 202 219 224 230 235 232 228 229 210 168 168 157 127 122 104 115 99 99 106 109 110 110 106 101 102 103 103 104 105 106
194 193 192 191 190 189 189 187 187 186 185 185 184 183 183 183 182 179 189 198 209 204 220 243 234 213 195 187 189 186 181 184 187 187 188 186 191 236 245 248 243 234 247 246 233 210 190 186 187 186 186 187 191 195 200 220 233 232 231 230 231 231 230 230 228 191 179 166 136 117 101 115 114 101 101 108 115 113 111 101 101 102 103 104 105 106
193 192 191 190 189 188 187 186 185 185 184 183 182 182 182 181 180 178 180 187 189 192 205 239 236 212 189 185 189 187 175 181 184 183 185 186 217 202 234 248 222 238 248 223 190 188 184 188 185 187 192 199 213 212 221 221 239 236 232 231 229 227 227 226 228 223 214 183 159 108 101 107 106 107 110 103 100 107 111 100 101 101 102 103 104 105
191 190 189 189 188 187 186 186 184 184 183 183 182 181 181 180 178 177 175 176 176 192 216 238 212 193 185 185 189 183 176 174 183 185 185 194 239 250 249 249 229 249 247 204 183 183 185 188 186 184 190 208 211 231 236 236 239 232 230 229 226 211 222 220 224 223 220 200 168 141 129 103 106 102 103 104 99 100 98 103 101 101 102 102 103 104
190 189 188 188 187 186 185 185 183 183 182 182 181 180 180 177 177 175 175 183 192 202 230 238 215 194 182 186 187 180 172 173 184 186 185 230 243 253 253 250 238 249 250 196 183 184 188 188 184 189 206 221 237 237 237 239 239 227 215 202 204 199 207 204 210 222 224 214 202 165 150 131 101 102 100 100 98 98 99 100 100 100 101 101 102 103
189 188 188 187 186 185 184 184 183 182 181 181 180 179 178 177 176 174 177 184 209 233 247 231 200 188 181 170 184 179 172 179 185 185 188 208 249 252 249 236 199 250 227 182 185 186 188 188 186 184 196 201 238 238 234 222 227 210 202 194 196 200 202 208 214 222 224 216 184 163 148 134 117 103 100 99 98 98 99 100 100 100 100 100 101 102
189 188 187 186 185 184 183 183 182 181 180 180 179 178 177 176 174 173 174 186 195 232 244 216 196 187 179 174 183 168 171 177 185 185 191 213 254 255 251 209 184 202 201 182 187 187 184 182 185 191 184 191 218 226 209 199 202 199 194 194 203 220 226 227 226 225 224 222 209 184 147 139 125 100 101 99 98 98 99 99 99 99 100 100 100 101
188 187 186 185 184 183 182 182 181 180 179 177 178 176 176 175 174 174 177 191 206 234 217 204 188 180 166 179 174 166 168 180 182 185 186 250 249 251 244 195 182 181 197 185 187 186 183 181 201 221 187 189 199 195 189 190 191 192 193 197 224 229 230 228 227 226 224 222 215 200 167 151 128 108 107 100 98 98 98 99 99 98 99 99 100 100
187 186 185 184 183 182 181 181 180 179 178 177 176 175 175 174 172 171 185 201 231 217 203 192 185 173 164 173 164 165 179 183 185 185 209 251 251 249 208 191 185 181 187 181 187 183 185 181 227 232 196 198 191 187 190 191 191 192 193 218 221 230 230 223 220 210 209 206 206 182 157 145 135 111 103 102 98 98 98 98 98 98 98 99 99 99
187 186 185 183 183 182 181 180 179 178 177 177 176 175 174 173 171 171 189 209 224 198 189 181 179 168 162 162 163 173 177 183 186 206 228 242 246 250 194 188 183 184 185 186 187 186 187 181 226 204 203 197 188 190 193 189 197 218 206 234 233 232 223 213 202 183 159 172 175 153 151 141 133 125 120 102 99 98 98 99 99 98 96 98 98 98
186 185 184 183 182 181 180 179 178 177 177 176 176 173 172 171 172 177 200 210 199 189 186 172 166 165 161 161 167 171 175 184 185 212 212 234 252 233 184 184 185 185 185 186 187 183 181 180 193 186 201 185 192 193 188 195 212 226 235 235 232 215 199 192 173 162 140 146 158 139 138 139 134 122 114 100 110 100 98 98 97 97 97 96 96 97
186 185 184 183 182 181 180 179 178 177 177 176 174 174 172 171 184 186 185 197 189 180 172 169 161 161 161 162 165 165 177 178 185 185 223 215 252 195 182 185 184 183 184 186 187 186 183 183 183 182 184 192 193 187 201 218 231 236 237 235 221 192 183 170 153 139 136 137 131 130 127 128 124 101 105 103 98 105 98 98 98 97 97 94 94 96
186 185 184 182 182 181 180 179 178 178 175 174 173 173 171 170 174 180 184 184 173 166 164 163 162 162 161 162 166 173 179 179 185 201 202 185 249 183 185 185 183 184 181 184 184 185 184 183 183 185 192 186 187 201 222 236 239 235 237 227 205 193 165 150 138 129 115 118 117 108 106 120 116 106 101 106 101 107 99 98 98 97 96 99 93 109
186 185 184 182 182 181 180 178 177 176 175 174 173 172 172 174 182 178 171 167 165 165 164 175 173 169 162 167 175 166 174 184 207 198 185 189 186 184 185 183 183 186 186 180 181 185 185 191 191 192 186 186 200 232 240 241 240 234 222 201 174 172 152 140 128 112 118 107 108 108 108 104 102 117 102 101 99 98 98 99 98 97 96 101 105 102
186 185 183 184 182 181 179 178 182 175 174 174 173 173 172 170 172 169 168 169 175 168 177 183 187 177 166 175 174 170 179 187 197 186 186 204 222 184 185 185 183 187 187 182 184 187 190 189 188 187 186 192 218 241 243 241 239 226 211 190 170 154 139 130 119 120 116 108 110 107 108 106 118 118 123 100 103 99 98 99 97 95 96 109 119 100
188 186 185 184 183 183 182 184 181 175 174 174 173 173 171 171 170 169 167 179 184 175 185 209 191 175 167 173 174 176 184 189 189 185 186 206 186 185 186 182 187 185 186 185 188 190 190 185 189 189 186 193 225 238 244 242 237 227 213 189 167 151 140 130 114 125 115 107 107 106 105 105 118 120 120 102 100 103 98 98 97 96 102 113 122 103
192 188 186 184 186 186 184 188 181 175 174 174 173 173 171 171 170 172 178 178 185 189 191 201 184 170 166 173 183 188 188 187 183 184 185 208 186 187 186 182 188 186 184 187 190 191 189 190 192 188 192 203 216 242 242 240 231 223 193 174 153 140 136 131 111 112 109 111 110 107 105 105 121 123 124 108 100 107 99 98 97 96 98 105 121 106
190 188 186 186 186 194 193 189 179 184 175 174 173 172 172 171 169 173 190 189 193 207 208 188 177 169 172 181 191 216 188 182 180 183 187 211 187 182 181 187 187 189 188 186 191 191 191 193 192 188 207 223 216 243 244 239 239 226 195 178 149 138 129 118 114 112 116 120 117 109 106 105 126 126 124 113 108 109 99 99 98 97 100 104 112 121
189 187 188 189 191 194 194 184 184 185 180 180 175 172 171 170 182 184 190 197 218 205 183 180 172 173 180 192 224 192 183 180 179 181 188 206 188 182 183 185 186 189 190 190 191 192 193 194 191 190 210 207 203 222 243 244 242 232 215 193 173 134 126 118 112 118 122 124 119 113 106 110 126 126 125 111 114 101 100 99 99 100 111 119 121 122
188 188 187 189 192 203 191 191 189 182 186 178 177 177 173 171 181 194 197 203 214 192 185 178 174 179 191 209 220 189 182 177 178 185 189 219 187 180 184 188 190 187 190 191 192 193 194 195 193 191 199 193 194 209 214 238 243 239 227 215 168 136 117 115 116 122 126 123 119 113 107 108 127 126 126 113 117 101 101 100 99 114 121 123 121 128
188 188 193 200 199 201 193 196 188 182 186 190 192 172 172 172 173 185 192 199 197 195 186 180 185 196 218 199 192 186 180 177 179 188 193 220 186 183 187 191 190 189 191 192 193 193 194 195 195 193 193 197 196 199 211 241 241 233 226 205 160 133 115 116 124 126 128 125 120 112 107 111 128 126 126 115 118 108 101 101 102 118 124 124 126 130
189 198 195 192 198 206 200 199 195 194 196 186 178 173 173 181 187 178 194 195 195 191 185 186 194 210 200 195 186 185 180 178 177 188 190 191 184 181 191 191 192 191 193 192 194 195 196 196 197 198 198 196 200 206 204 243 241 225 216 164 146 118 117 127 130 130 130 125 119 112 108 108 128 127 126 117 125 103 102 106 111 120 124 124 123 127
