data/layers/bio1.asc
NCOLS 507 
NROWS 956 
XLLCORNER -77.7833333333333 
YLLCORNER 0 
CELLSIZE 0.00833333333333335 
NODATA_value -3.4e+38 
[rows 624 to 662 of 956, columns 88 to 175 of 507]
260 252 243 248 244 245 237 220 200 194 195 174 169 183 180 193 195 197 192 178 171 154 137 116 112 123 125 131 144 146 164 177 182 187 185 181 192 205 204 217 220 216 202 189 189 192 190 190 190 189 191 190 190 192 190 192 193 198 195 193 195 192 190 188 185 182 185 190 188 176 177 178 177 173 168 164 158 143 126 111 113 104 118 124 139 154 152 137
237 228 228 225 232 225 236 229 212 214 194 174 188 189 189 197 194 199 191 180 168 160 136 116 121 145 139 135 154 153 172 179 184 194 190 190 194 193 205 209 214 216 210 205 197 189 189 189 190 188 189 189 189 190 190 191 191 194 194 193 193 191 189 188 181 177 174 187 180 178 174 172 174 172 167 164 158 147 132 107 102 106 120 134 140 157 142 121
246 230 219 210 214 208 214 224 226 210 192 172 173 195 197 202 198 195 187 178 167 149 131 123 131 149 159 152 160 163 172 180 190 202 196 199 201 192 200 209 217 210 202 203 205 189 189 189 189 187 188 187 188 189 189 189 190 192 196 193 192 188 187 184 180 174 172 184 183 174 173 170 171 167 154 151 147 149 123 103 110 121 126 128 146 148 131 117
245 238 231 217 205 192 201 208 206 202 186 175 190 187 195 206 202 190 181 171 153 140 123 126 147 160 164 162 169 171 181 186 194 208 207 211 209 201 201 212 216 216 210 206 190 193 190 188 188 188 187 188 186 188 189 187 190 190 190 192 191 189 188 179 176 170 168 180 173 176 174 173 168 166 161 158 146 129 118 119 131 130 119 135 140 144 134 122
235 224 226 205 209 187 181 182 184 187 178 188 195 208 204 203 193 185 175 160 149 129 117 135 149 155 160 176 181 179 183 194 203 203 201 211 217 218 212 218 210 207 212 211 204 197 200 197 195 189 188 187 187 186 188 188 188 190 194 192 192 188 187 176 172 169 166 177 167 172 170 170 169 166 165 159 146 139 128 140 141 133 120 130 132 136 132 125
224 207 210 201 208 187 178 191 206 189 187 203 196 202 207 195 181 182 174 163 131 109 107 128 136 146 162 175 186 188 190 197 206 193 189 209 217 209 210 212 212 196 198 209 212 209 207 206 189 188 187 189 186 186 185 187 186 188 190 190 190 188 184 177 171 167 173 170 167 169 169 164 151 159 159 163 156 150 148 146 142 129 121 124 132 123 116 125
209 206 190 187 180 186 182 200 212 204 203 202 206 212 200 188 180 170 161 150 126 112 123 131 145 153 160 174 178 191 188 198 196 185 203 211 205 196 202 205 210 205 196 199 203 205 204 207 205 194 190 187 187 187 186 187 186 188 188 192 188 188 181 178 171 165 173 164 161 166 166 163 156 147 146 142 144 145 141 139 147 136 128 121 118 108 114 118
196 190 187 178 195 202 211 202 212 206 210 200 204 201 189 192 188 180 171 156 135 113 129 136 144 155 172 179 182 190 185 191 187 181 196 212 206 190 195 192 198 208 200 190 199 200 194 190 203 204 187 186 186 185 184 185 186 186 187 188 186 187 182 177 169 161 166 169 159 163 155 153 153 145 129 130 123 119 132 127 130 134 126 116 112 108 110 113
201 203 204 202 219 226 218 199 207 214 210 202 212 204 202 203 174 166 168 150 113 111 120 131 142 161 171 177 185 182 184 184 179 184 200 210 201 191 184 186 185 194 202 194 186 186 187 187 190 201 202 198 186 188 186 184 184 184 185 186 188 186 185 176 171 159 156 166 163 157 153 152 148 144 136 124 116 117 123 121 130 135 131 123 115 107 108 107
216 218 221 204 235 223 209 205 211 213 214 211 210 207 201 181 167 153 152 139 116 130 135 142 154 164 173 180 177 181 182 182 181 197 205 215 192 191 184 184 185 184 185 197 190 186 185 186 187 189 201 194 187 185 184 183 183 183 183 184 185 185 183 175 168 167 154 153 164 158 155 157 154 151 145 138 128 126 132 114 121 117 121 120 111 94 103 102
241 217 230 229 238 217 219 222 214 220 210 195 199 201 192 191 178 161 139 121 122 124 139 155 161 169 172 175 178 181 183 181 187 198 211 208 199 189 185 183 184 184 184 194 195 189 186 184 185 187 194 199 188 184 183 182 182 183 182 182 183 186 182 175 164 159 152 151 158 159 157 152 152 151 147 144 136 137 134 118 111 102 108 106 108 101 94 92
244 237 241 241 239 238 234 225 218 226 201 180 185 195 188 189 175 147 123 133 133 130 138 148 161 168 174 174 176 179 181 176 182 194 214 211 195 184 187 184 183 183 184 194 184 184 184 184 184 182 182 183 187 181 181 181 181 182 181 181 182 184 182 176 164 156 152 148 155 153 152 152 149 139 139 140 139 138 131 111 104 106 111 116 110 102 99 92
250 237 243 227 232 234 233 226 225 216 197 175 176 189 176 181 166 135 126 131 142 142 153 157 163 172 174 173 177 183 177 175 188 195 211 206 188 186 184 184 185 183 182 190 193 190 190 190 188 188 186 186 191 191 181 184 179 180 180 180 181 182 182 175 155 155 151 147 152 145 150 151 143 134 127 139 134 138 130 114 108 111 117 114 101 99 108 102
243 231 225 218 224 233 232 226 218 200 187 173 173 180 172 167 152 124 128 139 149 146 155 162 170 176 177 179 181 177 175 178 194 208 213 203 188 187 185 185 182 184 183 184 184 193 184 188 185 182 183 182 184 187 186 187 186 179 179 178 178 179 179 173 168 163 150 146 148 149 151 146 135 126 118 128 129 131 130 122 109 100 123 115 104 102 115 100
248 233 216 214 218 223 221 213 201 181 165 164 174 167 165 153 131 135 134 140 146 154 159 168 175 177 176 183 187 178 174 185 196 207 208 188 181 183 184 184 182 183 183 183 183 184 192 191 184 181 180 182 180 179 179 179 179 183 183 181 179 178 178 174 171 159 151 147 142 146 151 149 141 131 128 123 127 126 119 118 114 124 128 104 111 109 121 109
247 242 223 226 232 220 207 198 194 183 179 189 192 184 170 150 130 140 148 153 148 156 163 169 177 180 182 177 184 179 170 178 193 213 212 197 188 181 182 182 182 183 182 182 182 182 184 186 183 182 183 180 180 181 180 180 180 179 178 178 177 179 177 176 172 168 155 145 142 147 149 148 141 138 137 139 138 133 120 114 124 130 131 123 122 127 119 107
257 253 241 238 235 225 212 199 185 191 192 206 183 170 171 152 134 137 151 157 160 164 162 165 174 181 174 189 184 177 171 183 195 209 205 199 195 192 185 181 181 182 182 182 182 181 182 182 182 184 182 182 181 180 178 178 178 179 178 177 176 176 181 175 170 165 164 154 147 146 147 146 145 144 140 138 138 131 128 119 131 136 129 127 128 123 123 123
244 252 247 241 234 221 207 195 196 212 212 212 197 187 183 161 142 141 147 154 162 171 166 165 173 185 182 190 183 179 171 185 198 210 194 194 194 189 191 187 184 182 184 186 181 182 181 181 180 182 180 180 180 179 179 179 178 178 177 176 176 175 174 174 173 168 163 153 150 148 146 143 143 141 139 139 135 128 122 126 135 138 137 134 132 115 111 101
228 240 253 244 234 226 208 216 215 221 220 209 200 185 160 145 138 145 154 162 168 172 174 171 173 177 182 187 186 177 178 187 202 210 186 182 189 185 184 189 188 187 184 184 183 184 184 183 182 182 181 180 180 180 180 180 180 180 179 178 179 175 175 176 175 176 172 154 151 154 146 143 141 141 133 139 139 133 135 137 141 140 135 122 124 118 109 97
224 241 246 247 236 220 224 233 223 215 202 200 189 188 167 144 135 147 152 155 159 157 171 181 177 169 180 183 189 190 185 191 197 203 182 184 185 182 182 182 182 183 185 185 182 181 182 181 181 180 181 181 180 181 180 180 179 179 178 178 177 176 176 176 173 170 171 172 166 166 159 151 142 139 135 146 143 142 140 145 137 133 125 117 101 113 100 97
217 223 232 246 248 239 242 221 213 200 184 187 185 174 157 134 136 143 148 151 153 157 169 178 180 183 182 185 190 191 196 201 204 204 189 189 184 185 184 183 183 182 182 184 183 182 180 181 181 180 180 179 179 180 179 180 179 178 177 177 177 176 175 174 172 169 164 162 158 155 153 162 142 146 144 147 145 144 143 142 131 124 126 117 91 101 82 79
197 194 230 242 235 235 238 220 211 202 198 181 178 161 136 126 135 148 155 161 159 165 176 179 179 186 185 186 180 178 184 197 206 203 192 190 190 185 184 185 183 181 182 183 184 183 182 182 180 180 180 179 179 180 178 178 178 178 177 176 174 174 175 174 170 167 163 158 152 149 148 145 148 151 151 153 151 147 147 144 138 133 122 119 112 100 86 69
206 211 221 230 218 229 234 229 218 216 208 196 169 156 134 123 141 150 160 165 161 162 174 179 180 185 178 174 174 178 191 203 190 207 191 191 195 192 184 185 184 185 185 184 183 185 182 181 180 180 180 180 180 178 180 178 177 177 177 177 178 176 176 174 171 167 165 159 154 154 151 144 137 139 138 153 151 149 145 140 133 130 109 110 100 103 89 72
220 217 212 220 215 223 219 228 200 200 181 174 160 147 147 136 142 156 162 166 159 165 165 168 176 177 178 178 179 186 197 190 187 205 204 198 201 198 194 191 187 187 187 186 186 185 182 182 180 181 180 181 180 180 180 180 179 178 177 177 178 177 177 176 168 167 166 161 161 157 157 153 151 148 146 147 144 146 141 132 132 121 113 94 95 93 95 85
227 210 207 207 207 213 198 230 222 209 176 166 147 147 155 151 153 162 168 168 162 161 162 166 175 176 182 182 185 193 190 186 189 191 200 195 191 195 201 193 194 191 189 193 190 193 187 187 181 182 186 183 180 181 180 180 180 178 178 179 178 179 177 173 167 164 163 159 155 151 150 156 155 154 150 145 138 134 140 137 127 118 116 106 93 89 90 80
206 206 213 202 194 198 191 214 218 199 191 168 150 153 163 162 162 166 170 169 167 169 171 168 180 181 180 184 191 186 184 182 187 191 201 190 189 188 194 193 190 188 195 189 186 182 180 183 183 187 186 188 183 183 183 181 181 180 180 179 178 178 177 174 169 165 162 161 158 151 150 148 151 153 150 148 143 141 131 125 123 105 109 102 99 86 87 82
195 212 217 204 189 176 180 206 199 176 178 165 144 148 158 163 168 167 172 173 170 173 178 176 182 182 180 185 190 185 185 186 187 195 190 198 192 190 188 186 187 184 180 181 181 177 177 182 181 183 181 181 184 184 180 180 179 180 178 178 178 179 177 172 166 165 163 161 158 157 154 149 143 143 152 147 142 142 135 112 103 101 93 86 92 98 90 83
213 230 217 210 193 167 159 184 187 176 152 137 140 151 157 163 170 170 171 175 175 175 180 176 179 186 186 192 188 186 187 186 187 193 191 191 195 191 191 189 187 186 184 180 176 177 178 180 179 180 181 180 180 185 182 182 179 179 179 177 177 178 177 172 167 167 164 161 159 159 155 147 146 144 139 146 132 134 134 121 121 111 94 88 99 99 91 92
233 228 212 198 196 173 152 155 169 162 138 134 143 151 156 167 169 174 173 171 177 175 181 177 180 182 188 189 185 185 184 184 185 194 190 190 190 194 193 192 190 184 181 180 177 178 180 179 179 180 181 180 179 179 179 181 178 178 177 177 177 176 176 171 165 165 163 165 162 160 157 146 139 141 131 144 130 127 121 124 109 105 105 104 100 91 94 94
239 228 211 198 211 190 167 170 146 141 132 125 136 149 157 164 167 171 174 177 175 181 182 185 186 182 188 187 186 186 185 184 186 192 192 190 188 190 188 186 186 180 177 178 179 178 178 178 178 178 179 179 178 178 178 179 179 177 177 176 176 175 174 170 166 165 164 163 162 160 154 148 146 136 128 142 134 126 124 120 111 117 108 99 85 89 92 92
222 231 219 214 214 201 189 184 155 132 127 122 136 149 163 166 171 174 176 178 178 180 177 181 185 188 188 186 188 188 186 186 184 189 193 191 188 185 190 191 184 180 178 181 181 179 180 178 178 178 178 178 178 177 177 177 177 178 177 176 174 175 175 170 168 167 163 161 161 158 155 153 148 135 132 137 138 136 122 122 121 117 101 94 81 84 92 95
211 228 224 216 210 187 191 177 156 137 137 139 138 148 159 166 170 173 174 178 179 176 178 183 188 186 187 185 188 186 185 185 184 188 188 193 190 183 182 186 189 184 185 184 181 184 180 179 178 178 178 178 178 177 177 176 176 177 176 175 175 175 171 170 169 166 163 156 156 156 152 148 146 139 137 129 135 128 124 123 118 115 110 92 87 87 94 98
206 214 222 207 191 175 169 171 157 134 141 148 153 154 163 168 171 171 175 180 178 176 178 177 187 183 183 182 183 184 185 185 183 184 185 188 191 186 180 181 185 187 182 186 183 180 179 180 179 180 179 178 177 177 176 176 176 176 175 175 175 173 170 169 167 164 163 160 163 154 152 149 146 143 135 127 119 116 110 103 108 100 93 95 92 96 98 102
201 206 215 216 201 180 153 143 142 129 135 144 155 159 165 169 170 173 176 176 175 180 181 182 186 186 182 183 182 183 184 184 183 184 184 184 188 188 187 183 184 183 181 180 179 182 179 179 181 180 179 178 177 177 177 176 176 175 174 175 175 174 168 166 166 162 159 163 164 160 160 156 147 138 137 140 137 140 120 116 97 93 94 94 96 98 97 102
196 196 202 207 198 174 157 122 125 123 137 145 155 168 168 171 173 172 174 175 178 180 182 185 183 183 182 183 182 183 184 184 183 184 185 184 184 186 189 186 186 185 184 179 179 179 180 179 179 180 179 178 178 177 177 176 175 176 174 173 174 174 173 169 164 161 157 157 157 155 153 154 153 150 145 136 125 133 128 114 114 115 111 105 97 102 102 105
197 193 200 208 197 165 149 121 134 141 145 149 159 169 173 173 173 174 175 175 178 180 184 182 179 182 179 181 183 183 185 185 184 184 185 184 185 185 186 186 189 188 180 179 178 178 179 181 179 179 179 179 179 178 178 177 177 175 175 174 172 172 171 167 162 160 156 153 152 151 148 143 140 146 142 135 125 119 125 121 116 110 111 101 97 102 106 104
204 192 183 188 196 173 134 135 143 146 152 149 157 162 171 175 175 174 176 176 179 181 183 183 181 178 180 182 183 182 183 183 183 185 184 184 183 185 186 183 181 189 180 179 180 178 178 178 180 182 181 180 179 179 178 177 177 173 172 173 173 171 170 166 162 157 156 150 149 146 146 143 134 132 135 125 122 118 106 104 101 97 98 105 103 103 103 101
200 193 179 185 185 180 144 140 150 151 156 154 156 157 166 172 180 177 181 178 176 177 181 184 182 181 178 182 182 183 182 184 183 184 184 185 184 184 185 185 182 180 188 181 178 178 178 179 180 180 179 179 179 178 177 177 175 174 171 170 171 171 170 167 164 158 155 153 155 151 146 140 133 131 125 120 111 108 95 86 90 85 89 92 98 96 97 98
198 192 187 167 161 156 138 146 155 162 162 161 166 165 171 177 182 178 180 177 178 179 181 182 183 181 179 178 180 182 182 183 182 183 182 184 184 184 183 183 185 179 180 180 180 177 178 178 178 179 179 179 179 178 178 177 175 171 169 167 169 169 166 168 165 160 161 159 153 148 144 146 139 130 128 115 109 95 82 77 82 75 80 85 90 91 94 92
