data/layers/bio13.asc
NCOLS 507 
NROWS 956 
XLLCORNER -77.7833333333333 
YLLCORNER 0 
CELLSIZE 0.00833333333333335 
NODATA_value -3.4e+38 
[rows 228 to 265 of 956, columns 86 to 171 of 507]
-3.4e+38 -3.4e+38 -3.4e+38 -3.4e+38 -3.4e+38 -3.4e+38 -3.4e+38 -3.4e+38 -3.4e+38 -3.4e+38 -3.4e+38 -3.4e+38 -3.4e+38 -3.4e+38 -3.4e+38 692 685 698 703 705 712 721 723 732 742 754 756 768 771 780 787 790 792 797 797 797 796 794 791 788 784 780 776 771 766 761 756 752 748 744 740 735 731 727 723 718 714 709 705 700 696 692 687 678 671 661 639 621 641 643 637 611 630 627 600 601 611 613 612 601 586 581 582 574 565 576
-3.4e+38 -3.4e+38 -3.4e+38 -3.4e+38 -3.4e+38 -3.4e+38 -3.4e+38 -3.4e+38 -3.4e+38 -3.4e+38 -3.4e+38 -3.4e+38 -3.4e+38 -3.4e+38 -3.4e+38 689 691 701 697 703 720 718 732 729 740 756 767 772 775 782 789 793 796 798 800 799 798 796 793 789 785 781 777 772 767 763 759 755 751 748 743 739 734 729 725 721 717 712 707 701 697 693 689 684 676 667 650 631 626 625 640 614 633 631 621 612 605 604 597 608 594 584 582 582 569 579
-3.4e+38 -3.4e+38 -3.4e+38 -3.4e+38 -3.4e+38 -3.4e+38 -3.4e+38 -3.4e+38 -3.4e+38 -3.4e+38 -3.4e+38 -3.4e+38 -3.4e+38 -3.4e+38 -3.4e+38 697 696 689 695 692 713 715 715 733 746 755 763 761 780 772 786 794 798 801 802 802 800 798 794 790 787 782 777 774 770 767 762 759 754 750 746 741 737 732 729 724 719 714 709 704 699 695 691 687 676 675 671 657 648 626 632 635 644 631 606 608 601 601 619 603 592 589 581 579 587 589
-3.4e+38 -3.4e+38 -3.4e+38 -3.4e+38 -3.4e+38 -3.4e+38 -3.4e+38 -3.4e+38 -3.4e+38 -3.4e+38 -3.4e+38 -3.4e+38 -3.4e+38 -3.4e+38 -3.4e+38 698 703 693 702 706 701 709 728 734 738 748 758 757 760 778 787 794 799 802 804 804 802 799 796 792 788 785 782 778 774 770 765 761 757 752 748 743 738 735 731 726 722 716 711 706 702 698 694 690 686 681 673 666 648 636 657 647 647 621 612 631 623 635 629 602 593 593 584 586 599 582
-3.4e+38 -3.4e+38 -3.4e+38 -3.4e+38 -3.4e+38 -3.4e+38 -3.4e+38 -3.4e+38 -3.4e+38 -3.4e+38 -3.4e+38 -3.4e+38 -3.4e+38 -3.4e+38 688 695 702 704 707 709 700 725 728 723 735 745 759 765 772 781 788 795 801 804 806 806 805 803 800 797 794 790 786 781 777 773 769 764 759 754 749 745 740 736 732 728 723 717 713 709 705 701 697 693 689 678 674 674 669 664 656 634 630 616 632 611 608 624 623 600 596 588 597 591 594 587
-3.4e+38 -3.4e+38 -3.4e+38 -3.4e+38 -3.4e+38 -3.4e+38 -3.4e+38 -3.4e+38 -3.4e+38 -3.4e+38 -3.4e+38 -3.4e+38 -3.4e+38 -3.4e+38 695 700 704 709 706 715 706 721 732 737 744 755 761 769 768 772 787 798 802 811 814 815 813 810 806 801 798 793 788 785 780 775 771 766 762 757 751 746 742 738 733 728 724 720 715 712 707 704 700 695 691 687 683 678 670 662 658 643 633 641 617 619 610 627 607 600 596 607 602 597 596 597
-3.4e+38 -3.4e+38 -3.4e+38 -3.4e+38 -3.4e+38 -3.4e+38 -3.4e+38 -3.4e+38 -3.4e+38 -3.4e+38 -3.4e+38 -3.4e+38 -3.4e+38 -3.4e+38 686 696 705 712 715 721 716 703 722 730 744 748 752 751 760 772 788 796 806 823 828 826 822 817 812 806 801 796 792 787 783 778 773 769 764 760 755 750 745 740 735 730 726 722 718 715 710 706 702 698 693 689 677 660 658 655 645 642 630 633 629 622 614 608 609 600 596 625 621 616 622 619
-3.4e+38 -3.4e+38 -3.4e+38 -3.4e+38 -3.4e+38 -3.4e+38 -3.4e+38 -3.4e+38 -3.4e+38 -3.4e+38 -3.4e+38 -3.4e+38 -3.4e+38 -3.4e+38 693 690 705 711 710 715 720 715 710 727 736 748 743 753 766 770 793 800 813 832 840 835 829 823 816 810 804 798 793 788 785 780 776 771 767 762 758 753 749 743 738 733 729 726 722 718 713 709 704 700 695 691 678 656 643 641 637 637 630 629 632 625 621 614 608 603 635 625 620 635 629 617
-3.4e+38 -3.4e+38 -3.4e+38 -3.4e+38 -3.4e+38 -3.4e+38 -3.4e+38 -3.4e+38 -3.4e+38 -3.4e+38 -3.4e+38 -3.4e+38 -3.4e+38 -3.4e+38 685 696 702 710 714 718 725 733 730 726 738 754 751 750 773 777 794 804 816 829 843 838 832 825 818 812 806 800 795 790 786 781 777 772 768 763 759 753 748 743 739 735 731 727 723 718 714 711 707 702 697 694 681 655 650 661 657 652 647 638 636 629 623 617 610 613 603 609 619 637 638 622
-3.4e+38 -3.4e+38 -3.4e+38 -3.4e+38 -3.4e+38 -3.4e+38 -3.4e+38 -3.4e+38 -3.4e+38 -3.4e+38 -3.4e+38 -3.4e+38 -3.4e+38 -3.4e+38 690 691 694 703 711 715 724 733 735 737 741 751 759 762 763 775 793 806 815 828 832 833 829 823 817 811 806 800 795 790 786 781 777 773 768 764 759 754 748 745 741 737 732 728 723 720 716 712 709 703 699 694 688 660 666 669 665 659 654 645 644 631 624 629 653 646 645 614 615 610 643 635
-3.4e+38 -3.4e+38 -3.4e+38 -3.4e+38 -3.4e+38 -3.4e+38 -3.4e+38 -3.4e+38 -3.4e+38 -3.4e+38 -3.4e+38 -3.4e+38 -3.4e+38 -3.4e+38 675 686 698 706 713 719 716 728 720 722 746 752 761 768 771 778 792 802 813 819 825 826 822 819 815 810 805 799 795 790 786 781 777 771 766 762 758 754 750 746 742 738 734 730 726 722 718 714 710 706 700 694 689 684 675 676 667 654 657 651 644 634 629 625 657 649 666 628 622 630 650 645
-3.4e+38 -3.4e+38 -3.4e+38 -3.4e+38 -3.4e+38 -3.4e+38 -3.4e+38 -3.4e+38 -3.4e+38 -3.4e+38 -3.4e+38 -3.4e+38 -3.4e+38 678 683 690 696 703 707 713 709 723 726 738 736 751 759 769 773 780 788 799 806 812 816 817 816 814 810 806 802 798 793 789 785 781 777 773 766 763 759 754 750 747 743 740 736 732 728 724 720 715 710 708 703 697 693 686 683 680 669 648 651 641 637 639 646 636 650 677 656 634 646 632 644 628
-3.4e+38 -3.4e+38 -3.4e+38 -3.4e+38 -3.4e+38 -3.4e+38 -3.4e+38 -3.4e+38 -3.4e+38 -3.4e+38 -3.4e+38 -3.4e+38 -3.4e+38 681 680 691 696 699 703 702 715 711 717 728 738 748 756 766 773 780 787 792 798 803 807 809 809 808 805 802 798 795 792 788 782 778 775 773 769 763 758 755 751 748 745 741 737 734 729 724 721 717 713 709 706 701 697 682 675 669 660 659 665 679 696 683 664 655 687 679 671 660 653 663 641 654
-3.4e+38 -3.4e+38 -3.4e+38 -3.4e+38 -3.4e+38 -3.4e+38 -3.4e+38 -3.4e+38 -3.4e+38 -3.4e+38 -3.4e+38 -3.4e+38 -3.4e+38 677 683 691 687 694 704 691 701 696 715 724 736 740 752 761 765 770 779 784 790 795 798 801 801 801 799 797 795 792 789 784 780 776 773 770 768 764 759 756 752 749 746 742 739 735 731 727 723 719 716 713 710 705 700 685 680 670 659 674 708 709 703 692 652 636 628 661 687 669 672 647 659 650
-3.4e+38 -3.4e+38 -3.4e+38 -3.4e+38 -3.4e+38 -3.4e+38 -3.4e+38 -3.4e+38 -3.4e+38 -3.4e+38 -3.4e+38 -3.4e+38 -3.4e+38 672 675 687 685 687 688 694 696 711 706 720 729 734 746 753 758 766 771 778 780 786 792 794 795 795 794 793 791 789 786 783 780 775 772 769 766 764 760 757 753 750 747 744 740 736 732 729 725 721 718 715 712 707 703 690 682 678 672 667 700 715 712 685 639 639 635 649 631 645 636 655 662 643
-3.4e+38 -3.4e+38 -3.4e+38 -3.4e+38 -3.4e+38 -3.4e+38 -3.4e+38 -3.4e+38 -3.4e+38 -3.4e+38 -3.4e+38 -3.4e+38 -3.4e+38 674 676 677 680 685 690 698 702 704 709 709 719 729 736 744 742 755 762 770 777 779 784 787 788 789 789 788 786 785 783 780 778 775 771 767 765 762 760 757 753 751 748 744 741 737 734 731 727 724 720 717 713 709 705 701 691 683 667 669 710 721 698 660 647 646 643 629 630 621 615 657 636 643
-3.4e+38 -3.4e+38 -3.4e+38 -3.4e+38 -3.4e+38 -3.4e+38 -3.4e+38 -3.4e+38 -3.4e+38 -3.4e+38 -3.4e+38 -3.4e+38 -3.4e+38 673 674 676 680 684 685 695 693 700 711 716 709 718 734 741 747 752 760 766 771 775 778 780 782 783 783 783 782 781 779 777 775 772 768 766 764 761 758 756 753 751 748 745 742 739 735 732 729 725 722 719 715 711 707 702 687 675 678 713 727 701 681 649 655 645 643 638 630 626 621 632 626 647
-3.4e+38 -3.4e+38 -3.4e+38 -3.4e+38 -3.4e+38 -3.4e+38 -3.4e+38 -3.4e+38 -3.4e+38 -3.4e+38 -3.4e+38 -3.4e+38 674 675 670 676 679 680 683 687 691 696 697 711 710 718 728 736 740 748 754 758 763 767 771 774 776 777 778 777 777 776 775 774 772 770 767 764 762 760 758 755 753 751 748 746 742 740 736 734 730 727 724 720 717 713 708 705 699 690 677 670 698 686 670 661 647 663 642 645 632 626 622 637 637 648
-3.4e+38 -3.4e+38 -3.4e+38 -3.4e+38 -3.4e+38 -3.4e+38 -3.4e+38 -3.4e+38 -3.4e+38 -3.4e+38 -3.4e+38 -3.4e+38 674 674 669 673 680 680 684 686 688 691 698 708 711 714 722 729 736 737 743 750 756 760 765 768 770 771 772 772 773 772 771 770 769 767 765 763 761 759 757 755 753 751 748 746 743 741 737 734 731 729 725 722 716 714 710 706 701 691 677 692 689 664 675 665 651 676 670 694 653 661 630 642 647 660
-3.4e+38 -3.4e+38 -3.4e+38 -3.4e+38 -3.4e+38 -3.4e+38 -3.4e+38 -3.4e+38 -3.4e+38 -3.4e+38 -3.4e+38 -3.4e+38 668 666 667 673 678 677 678 683 689 690 699 697 708 713 718 728 731 737 738 746 749 753 758 761 763 765 767 767 767 768 767 767 766 764 763 762 759 757 756 754 752 751 749 746 744 739 738 736 733 730 727 722 720 716 712 708 703 686 685 678 670 674 670 665 682 657 663 729 707 709 671 694 672 656
-3.4e+38 -3.4e+38 -3.4e+38 -3.4e+38 -3.4e+38 -3.4e+38 -3.4e+38 -3.4e+38 -3.4e+38 -3.4e+38 -3.4e+38 -3.4e+38 675 666 663 669 672 676 677 681 685 686 693 699 695 703 717 720 725 729 737 741 744 747 751 755 757 759 761 762 763 763 763 763 763 762 759 759 758 756 755 753 752 750 748 747 741 741 739 737 732 729 725 724 721 718 714 710 706 694 682 685 686 678 672 662 656 654 652 721 735 731 723 721 704 692
-3.4e+38 -3.4e+38 -3.4e+38 -3.4e+38 -3.4e+38 -3.4e+38 -3.4e+38 -3.4e+38 -3.4e+38 -3.4e+38 -3.4e+38 -3.4e+38 662 657 660 664 669 672 674 676 683 683 686 694 697 700 707 714 719 723 730 734 738 742 745 748 751 754 755 757 758 759 759 759 759 758 757 756 755 754 753 752 751 750 748 746 741 741 739 736 733 731 728 726 723 720 716 712 708 703 699 693 688 679 673 664 704 695 673 688 690 734 685 676 715 719
-3.4e+38 -3.4e+38 -3.4e+38 -3.4e+38 -3.4e+38 -3.4e+38 -3.4e+38 -3.4e+38 -3.4e+38 -3.4e+38 -3.4e+38 -3.4e+38 657 658 666 660 667 666 677 674 679 680 683 686 690 698 702 709 714 717 721 727 731 734 739 742 745 748 750 752 753 754 755 756 756 756 755 755 753 752 752 752 751 750 748 744 744 742 739 736 734 732 730 728 724 721 718 714 710 705 701 695 687 677 669 664 678 698 660 674 682 740 714 719 732 722
-3.4e+38 -3.4e+38 -3.4e+38 -3.4e+38 -3.4e+38 -3.4e+38 -3.4e+38 -3.4e+38 -3.4e+38 -3.4e+38 -3.4e+38 -3.4e+38 668 658 663 657 660 663 673 669 681 677 679 685 689 694 697 702 707 711 714 720 724 727 732 736 739 742 745 747 749 750 751 752 753 753 753 752 752 750 751 751 750 748 748 744 742 739 738 737 736 733 731 729 726 723 719 716 712 708 704 700 695 690 680 669 666 753 721 702 699 713 750 683 736 715
-3.4e+38 -3.4e+38 -3.4e+38 -3.4e+38 -3.4e+38 -3.4e+38 -3.4e+38 -3.4e+38 -3.4e+38 -3.4e+38 -3.4e+38 656 671 667 670 661 656 659 663 666 676 672 676 680 684 687 690 695 699 703 708 712 717 721 726 730 733 736 739 742 744 746 747 748 749 750 750 749 749 749 749 750 750 745 745 744 744 743 740 737 735 732 732 730 727 724 721 717 713 709 706 701 694 693 674 677 668 701 745 762 741 706 713 727 725 737
-3.4e+38 -3.4e+38 -3.4e+38 -3.4e+38 -3.4e+38 -3.4e+38 -3.4e+38 -3.4e+38 -3.4e+38 -3.4e+38 -3.4e+38 664 679 662 649 653 660 655 658 661 665 674 671 675 678 682 686 689 694 698 702 707 710 715 720 724 728 731 734 737 739 742 743 745 746 747 748 747 747 748 748 749 749 744 747 745 745 744 742 739 738 736 734 732 729 726 722 719 714 711 708 702 690 694 690 685 675 665 700 754 763 766 761 761 741 741
-3.4e+38 -3.4e+38 -3.4e+38 -3.4e+38 -3.4e+38 -3.4e+38 -3.4e+38 -3.4e+38 -3.4e+38 -3.4e+38 -3.4e+38 674 676 661 657 645 658 651 653 656 661 669 687 670 674 677 681 684 688 692 696 701 705 710 714 718 722 726 729 732 735 737 740 741 742 743 745 746 745 746 747 748 748 744 747 746 745 743 743 740 738 738 736 732 730 727 723 720 716 713 709 705 697 684 692 686 675 669 705 737 743 700 732 736 764 759
-3.4e+38 -3.4e+38 -3.4e+38 -3.4e+38 -3.4e+38 -3.4e+38 -3.4e+38 -3.4e+38 -3.4e+38 -3.4e+38 -3.4e+38 684 684 658 664 660 668 653 650 652 661 659 662 666 670 673 674 678 681 686 690 694 699 703 708 713 717 721 724 728 731 733 736 738 740 741 743 744 744 745 747 748 748 742 745 743 745 744 742 740 741 739 737 734 732 728 723 721 718 713 709 707 699 698 684 687 678 670 703 777 764 713 763 775 746 707
-3.4e+38 -3.4e+38 -3.4e+38 -3.4e+38 -3.4e+38 -3.4e+38 -3.4e+38 -3.4e+38 -3.4e+38 -3.4e+38 -3.4e+38 658 652 654 658 653 656 656 646 646 650 656 655 661 666 668 669 671 676 681 684 688 693 698 702 707 711 716 720 723 726 730 732 735 737 738 740 742 743 744 745 747 747 742 744 746 746 743 743 742 741 740 737 735 732 728 723 722 718 714 710 708 705 700 695 685 687 728 753 796 794 707 786 783 763 755
-3.4e+38 -3.4e+38 -3.4e+38 -3.4e+38 -3.4e+38 -3.4e+38 -3.4e+38 -3.4e+38 -3.4e+38 -3.4e+38 -3.4e+38 688 678 675 672 672 638 644 652 643 647 657 654 655 661 665 666 665 675 677 680 684 687 692 697 702 706 711 715 719 723 726 729 732 734 736 738 740 741 742 743 746 741 741 747 747 744 743 745 743 743 741 738 737 732 730 728 724 720 716 714 711 704 701 694 696 740 776 778 767 802 719 754 776 773 782
-3.4e+38 -3.4e+38 -3.4e+38 -3.4e+38 -3.4e+38 -3.4e+38 -3.4e+38 -3.4e+38 -3.4e+38 -3.4e+38 674 677 657 667 647 663 643 638 634 638 638 644 642 648 650 657 662 665 669 673 677 677 682 687 691 696 701 706 711 715 719 723 726 729 732 734 736 737 738 740 740 740 743 744 745 743 745 746 744 744 745 742 739 738 732 730 727 723 721 718 717 713 709 704 698 689 763 755 743 737 801 729 790 745 796 790
-3.4e+38 -3.4e+38 -3.4e+38 -3.4e+38 -3.4e+38 -3.4e+38 -3.4e+38 -3.4e+38 -3.4e+38 -3.4e+38 655 652 643 646 631 651 655 640 632 636 637 636 643 644 650 654 654 656 660 662 669 674 677 682 686 692 697 702 707 711 715 719 723 726 729 732 734 736 737 738 739 740 743 741 743 748 744 747 746 746 742 741 739 733 734 732 728 723 724 719 717 712 711 705 701 688 739 727 692 700 779 814 732 746 766 799
-3.4e+38 -3.4e+38 -3.4e+38 -3.4e+38 -3.4e+38 -3.4e+38 -3.4e+38 -3.4e+38 -3.4e+38 -3.4e+38 656 679 657 648 636 636 645 651 633 633 629 636 634 635 639 650 652 652 657 661 664 669 672 677 682 687 692 698 703 708 712 716 720 724 727 730 732 734 736 739 739 739 739 742 746 747 747 745 747 743 745 745 741 739 736 735 731 729 722 721 720 713 710 705 696 747 751 735 694 704 718 741 731 780 810 807
-3.4e+38 -3.4e+38 -3.4e+38 -3.4e+38 -3.4e+38 -3.4e+38 -3.4e+38 -3.4e+38 -3.4e+38 -3.4e+38 699 661 659 674 642 624 631 623 624 625 628 636 628 626 631 637 644 650 653 658 657 663 668 674 678 683 689 694 699 704 709 714 718 721 725 727 730 733 736 736 741 746 740 747 749 750 749 747 746 743 744 742 743 741 737 736 734 729 726 721 720 715 714 708 702 736 692 694 697 724 739 773 785 769 806 756
-3.4e+38 -3.4e+38 -3.4e+38 -3.4e+38 -3.4e+38 -3.4e+38 -3.4e+38 -3.4e+38 -3.4e+38 -3.4e+38 695 684 654 667 628 640 618 648 638 637 626 626 626 627 622 631 637 644 644 645 652 656 661 667 674 680 685 691 696 701 706 711 715 719 722 726 729 731 735 739 745 747 747 747 750 753 754 749 744 745 743 742 742 742 740 738 736 732 730 723 723 716 714 711 707 698 704 769 748 761 759 805 803 754 807 786
-3.4e+38 -3.4e+38 -3.4e+38 -3.4e+38 -3.4e+38 -3.4e+38 -3.4e+38 -3.4e+38 -3.4e+38 -3.4e+38 678 686 673 667 661 649 650 650 632 618 622 623 627 631 627 617 623 638 646 646 652 658 659 665 669 676 682 688 693 699 704 708 713 717 720 725 727 730 736 742 746 749 751 753 754 755 755 753 751 750 745 746 743 741 741 738 737 736 734 730 726 722 718 714 701 726 698 735 743 810 785 785 793 762 794 792
-3.4e+38 -3.4e+38 -3.4e+38 -3.4e+38 -3.4e+38 -3.4e+38 -3.4e+38 -3.4e+38 -3.4e+38 -3.4e+38 662 647 652 637 636 634 616 633 612 616 617 628 622 628 624 616 614 629 636 637 653 655 654 662 667 674 679 685 690 696 701 706 711 715 719 723 727 729 736 743 747 750 752 755 756 757 758 755 751 757 749 746 744 744 743 741 740 737 736 732 728 724 719 713 710 707 713 728 757 790 753 777 768 750 794 765
-3.4e+38 -3.4e+38 -3.4e+38 -3.4e+38 -3.4e+38 -3.4e+38 -3.4e+38 -3.4e+38 -3.4e+38 694 697 675 690 659 664 635 652 625 645 624 618 643 647 630 627 613 610 620 626 631 644 651 656 661 666 672 676 682 688 694 699 704 709 713 717 721 725 728 733 738 746 751 752 753 753 760 760 760 759 757 757 747 745 750 748 743 742 741 738 733 730 724 722 716 707 727 725 720 775 758 770 778 752 744 732 737
