data/layers/bio10.asc
NCOLS 507 
NROWS 956 
XLLCORNER -77.7833333333333 
YLLCORNER 0 
CELLSIZE 0.00833333333333335 
NODATA_value -3.4e+38 
[rows 39 to 77 of 956, columns 352 to 439 of 507]
294 294 293 293 294 294 294 294 295 294 293 292 290 292 291 292 292 293 287 286 292 290 289 289 289 286 275 270 262 259 258 260 262 256 254 255 254 257 258 258 258 256 248 246 246 252 257 257 255 254 -3.4e+38 -3.4e+38 -3.4e+38 -3.4e+38 -3.4e+38 -3.4e+38 -3.4e+38 -3.4e+38 -3.4e+38 -3.4e+38 -3.4e+38 -3.4e+38 -3.4e+38 -3.4e+38 -3.4e+38 -3.4e+38 -3.4e+38 -3.4e+38 -3.4e+38 -3.4e+38 -3.4e+38 -3.4e+38 -3.4e+38 -3.4e+38 -3.4e+38 -3.4e+38 -3.4e+38 -3.4e+38 -3.4e+38 -3.4e+38 -3.4e+38 -3.4e+38 -3.4e+38 -3.4e+38 -3.4e+38 -3.4e+38 -3.4e+38 -3.4e+38
293 293 294 294 294 294 294 294 294 292 292 292 293 294 294 293 293 293 293 289 292 292 292 290 288 283 273 271 261 258 261 264 261 254 256 259 258 259 258 261 256 253 249 250 248 255 259 257 254 253 -3.4e+38 -3.4e+38 -3.4e+38 -3.4e+38 -3.4e+38 -3.4e+38 -3.4e+38 -3.4e+38 -3.4e+38 -3.4e+38 -3.4e+38 -3.4e+38 -3.4e+38 -3.4e+38 -3.4e+38 -3.4e+38 -3.4e+38 -3.4e+38 -3.4e+38 -3.4e+38 -3.4e+38 -3.4e+38 -3.4e+38 -3.4e+38 -3.4e+38 -3.4e+38 -3.4e+38 -3.4e+38 -3.4e+38 -3.4e+38 -3.4e+38 -3.4e+38 -3.4e+38 -3.4e+38 -3.4e+38 -3.4e+38 -3.4e+38 -3.4e+38
294 294 294 294 294 294 294 294 294 292 291 291 293 292 291 292 294 294 290 286 292 292 288 288 284 275 271 268 271 263 268 263 262 256 256 258 258 260 261 261 257 256 251 254 252 258 257 256 256 254 245 -3.4e+38 -3.4e+38 -3.4e+38 -3.4e+38 -3.4e+38 -3.4e+38 -3.4e+38 -3.4e+38 -3.4e+38 -3.4e+38 -3.4e+38 -3.4e+38 -3.4e+38 -3.4e+38 -3.4e+38 -3.4e+38 -3.4e+38 -3.4e+38 -3.4e+38 -3.4e+38 -3.4e+38 -3.4e+38 -3.4e+38 -3.4e+38 -3.4e+38 -3.4e+38 -3.4e+38 -3.4e+38 -3.4e+38 -3.4e+38 -3.4e+38 -3.4e+38 -3.4e+38 -3.4e+38 -3.4e+38 -3.4e+38 -3.4e+38
293 293 294 294 294 294 294 294 294 292 292 292 292 293 291 289 291 291 290 285 292 291 290 291 275 273 270 265 260 268 268 263 254 254 252 252 256 258 258 261 256 255 254 250 254 258 255 255 258 252 247 -3.4e+38 -3.4e+38 -3.4e+38 -3.4e+38 -3.4e+38 -3.4e+38 -3.4e+38 -3.4e+38 -3.4e+38 -3.4e+38 -3.4e+38 -3.4e+38 -3.4e+38 -3.4e+38 -3.4e+38 -3.4e+38 -3.4e+38 -3.4e+38 -3.4e+38 -3.4e+38 -3.4e+38 -3.4e+38 -3.4e+38 -3.4e+38 -3.4e+38 -3.4e+38 -3.4e+38 -3.4e+38 -3.4e+38 -3.4e+38 -3.4e+38 -3.4e+38 -3.4e+38 -3.4e+38 -3.4e+38 -3.4e+38 -3.4e+38
293 294 293 294 294 294 294 294 293 291 292 293 292 292 291 291 290 290 289 286 291 289 289 286 278 275 270 264 259 257 261 256 255 253 253 253 255 257 258 259 260 258 256 255 255 259 252 257 255 254 242 237 -3.4e+38 -3.4e+38 -3.4e+38 -3.4e+38 -3.4e+38 -3.4e+38 -3.4e+38 -3.4e+38 -3.4e+38 -3.4e+38 -3.4e+38 -3.4e+38 -3.4e+38 -3.4e+38 -3.4e+38 -3.4e+38 -3.4e+38 -3.4e+38 -3.4e+38 -3.4e+38 -3.4e+38 -3.4e+38 -3.4e+38 -3.4e+38 -3.4e+38 -3.4e+38 -3.4e+38 -3.4e+38 -3.4e+38 -3.4e+38 -3.4e+38 -3.4e+38 -3.4e+38 -3.4e+38 -3.4e+38 -3.4e+38
294 294 294 294 294 294 293 293 293 291 291 291 290 290 293 292 291 291 289 286 289 290 291 281 274 273 267 261 258 255 258 258 254 252 255 254 255 255 258 261 262 259 254 251 255 261 257 258 257 250 227 226 -3.4e+38 -3.4e+38 -3.4e+38 -3.4e+38 -3.4e+38 -3.4e+38 -3.4e+38 -3.4e+38 -3.4e+38 -3.4e+38 -3.4e+38 -3.4e+38 -3.4e+38 -3.4e+38 -3.4e+38 -3.4e+38 -3.4e+38 -3.4e+38 -3.4e+38 -3.4e+38 -3.4e+38 -3.4e+38 -3.4e+38 -3.4e+38 -3.4e+38 -3.4e+38 -3.4e+38 -3.4e+38 -3.4e+38 -3.4e+38 -3.4e+38 -3.4e+38 -3.4e+38 -3.4e+38 -3.4e+38 -3.4e+38
293 294 294 294 294 292 292 292 292 293 293 293 289 290 291 290 291 291 289 288 292 289 288 280 274 269 262 261 258 255 257 255 249 251 255 255 257 257 256 258 261 259 256 251 256 261 259 258 256 248 237 228 -3.4e+38 -3.4e+38 -3.4e+38 -3.4e+38 -3.4e+38 -3.4e+38 -3.4e+38 -3.4e+38 -3.4e+38 -3.4e+38 -3.4e+38 -3.4e+38 -3.4e+38 -3.4e+38 -3.4e+38 -3.4e+38 -3.4e+38 -3.4e+38 -3.4e+38 -3.4e+38 -3.4e+38 -3.4e+38 -3.4e+38 -3.4e+38 -3.4e+38 -3.4e+38 -3.4e+38 -3.4e+38 -3.4e+38 -3.4e+38 -3.4e+38 -3.4e+38 -3.4e+38 -3.4e+38 -3.4e+38 -3.4e+38
292 294 294 294 294 294 293 291 292 293 291 292 293 292 292 291 292 292 288 291 292 292 287 276 274 266 264 260 260 258 261 257 249 251 254 256 257 261 257 257 260 260 259 252 254 261 260 257 253 247 243 232 210 -3.4e+38 -3.4e+38 -3.4e+38 -3.4e+38 -3.4e+38 -3.4e+38 -3.4e+38 -3.4e+38 -3.4e+38 -3.4e+38 -3.4e+38 -3.4e+38 -3.4e+38 -3.4e+38 -3.4e+38 -3.4e+38 -3.4e+38 -3.4e+38 -3.4e+38 -3.4e+38 -3.4e+38 -3.4e+38 -3.4e+38 -3.4e+38 -3.4e+38 -3.4e+38 -3.4e+38 -3.4e+38 -3.4e+38 -3.4e+38 -3.4e+38 -3.4e+38 -3.4e+38 -3.4e+38 -3.4e+38
292 294 293 293 294 294 294 291 290 291 291 292 293 292 293 292 292 292 292 292 289 290 284 274 275 270 268 260 260 259 257 259 247 251 252 257 259 259 259 256 258 262 258 252 253 259 259 255 253 246 237 226 212 -3.4e+38 -3.4e+38 -3.4e+38 -3.4e+38 -3.4e+38 -3.4e+38 -3.4e+38 -3.4e+38 -3.4e+38 -3.4e+38 -3.4e+38 -3.4e+38 -3.4e+38 -3.4e+38 -3.4e+38 -3.4e+38 -3.4e+38 -3.4e+38 -3.4e+38 -3.4e+38 -3.4e+38 -3.4e+38 -3.4e+38 -3.4e+38 -3.4e+38 -3.4e+38 -3.4e+38 -3.4e+38 -3.4e+38 -3.4e+38 -3.4e+38 -3.4e+38 -3.4e+38 -3.4e+38 -3.4e+38
293 291 292 293 294 293 293 293 293 289 287 293 291 291 293 292 289 288 292 288 289 289 280 278 278 271 262 261 259 264 261 261 252 252 253 256 259 260 261 256 253 262 259 256 257 258 259 258 256 248 242 228 219 -3.4e+38 -3.4e+38 -3.4e+38 -3.4e+38 -3.4e+38 -3.4e+38 -3.4e+38 -3.4e+38 -3.4e+38 -3.4e+38 -3.4e+38 -3.4e+38 -3.4e+38 -3.4e+38 -3.4e+38 -3.4e+38 -3.4e+38 -3.4e+38 -3.4e+38 -3.4e+38 -3.4e+38 -3.4e+38 -3.4e+38 -3.4e+38 -3.4e+38 -3.4e+38 -3.4e+38 -3.4e+38 -3.4e+38 -3.4e+38 -3.4e+38 -3.4e+38 -3.4e+38 -3.4e+38 -3.4e+38
293 292 292 292 291 291 291 291 293 291 286 293 289 289 293 292 291 287 288 288 288 288 278 277 271 271 266 262 264 262 259 261 243 252 252 256 256 263 260 256 252 260 262 258 256 255 258 255 255 252 245 230 213 210 -3.4e+38 -3.4e+38 -3.4e+38 -3.4e+38 -3.4e+38 -3.4e+38 -3.4e+38 -3.4e+38 -3.4e+38 -3.4e+38 -3.4e+38 -3.4e+38 -3.4e+38 -3.4e+38 -3.4e+38 -3.4e+38 -3.4e+38 -3.4e+38 -3.4e+38 -3.4e+38 -3.4e+38 -3.4e+38 -3.4e+38 -3.4e+38 -3.4e+38 -3.4e+38 -3.4e+38 -3.4e+38 -3.4e+38 -3.4e+38 -3.4e+38 -3.4e+38 -3.4e+38 -3.4e+38
293 291 291 292 291 291 291 290 291 291 291 293 291 291 291 291 289 288 286 287 289 288 281 277 276 271 268 267 265 262 263 263 259 249 252 256 255 263 261 251 252 250 262 256 255 255 258 255 253 249 247 233 210 215 -3.4e+38 -3.4e+38 -3.4e+38 -3.4e+38 -3.4e+38 -3.4e+38 -3.4e+38 -3.4e+38 -3.4e+38 -3.4e+38 -3.4e+38 -3.4e+38 -3.4e+38 -3.4e+38 -3.4e+38 -3.4e+38 -3.4e+38 -3.4e+38 -3.4e+38 -3.4e+38 -3.4e+38 -3.4e+38 -3.4e+38 -3.4e+38 -3.4e+38 -3.4e+38 -3.4e+38 -3.4e+38 -3.4e+38 -3.4e+38 -3.4e+38 -3.4e+38 -3.4e+38 -3.4e+38
293 290 290 290 290 290 290 291 293 290 291 290 292 291 291 291 291 291 290 287 291 290 281 277 271 269 267 266 266 262 261 262 258 253 253 256 257 260 263 256 254 253 262 255 255 255 257 256 254 253 243 231 219 223 -3.4e+38 -3.4e+38 -3.4e+38 -3.4e+38 -3.4e+38 -3.4e+38 -3.4e+38 -3.4e+38 -3.4e+38 -3.4e+38 -3.4e+38 -3.4e+38 -3.4e+38 -3.4e+38 -3.4e+38 -3.4e+38 -3.4e+38 -3.4e+38 -3.4e+38 -3.4e+38 -3.4e+38 -3.4e+38 -3.4e+38 -3.4e+38 -3.4e+38 -3.4e+38 -3.4e+38 -3.4e+38 -3.4e+38 -3.4e+38 -3.4e+38 -3.4e+38 -3.4e+38 -3.4e+38
293 289 289 289 289 289 290 290 291 291 290 290 290 292 292 292 291 291 290 291 290 290 287 283 283 274 264 264 265 266 259 259 257 252 255 253 260 260 261 254 252 250 262 257 253 254 255 254 254 252 241 226 219 229 -3.4e+38 -3.4e+38 -3.4e+38 -3.4e+38 -3.4e+38 -3.4e+38 -3.4e+38 -3.4e+38 -3.4e+38 -3.4e+38 -3.4e+38 -3.4e+38 -3.4e+38 -3.4e+38 -3.4e+38 -3.4e+38 -3.4e+38 -3.4e+38 -3.4e+38 -3.4e+38 -3.4e+38 -3.4e+38 -3.4e+38 -3.4e+38 -3.4e+38 -3.4e+38 -3.4e+38 -3.4e+38 -3.4e+38 -3.4e+38 -3.4e+38 -3.4e+38 -3.4e+38 -3.4e+38
290 289 288 291 289 289 289 291 293 288 289 289 288 292 291 291 289 291 290 287 290 282 275 274 280 269 264 260 267 262 258 259 258 253 254 254 257 261 263 257 256 254 262 256 255 255 256 254 253 250 239 218 225 238 241 -3.4e+38 -3.4e+38 -3.4e+38 -3.4e+38 -3.4e+38 -3.4e+38 -3.4e+38 -3.4e+38 -3.4e+38 -3.4e+38 -3.4e+38 -3.4e+38 -3.4e+38 -3.4e+38 -3.4e+38 -3.4e+38 -3.4e+38 -3.4e+38 -3.4e+38 -3.4e+38 -3.4e+38 -3.4e+38 -3.4e+38 -3.4e+38 -3.4e+38 -3.4e+38 -3.4e+38 -3.4e+38 -3.4e+38 -3.4e+38 -3.4e+38 -3.4e+38 -3.4e+38
289 288 289 289 289 289 289 290 292 291 290 288 289 289 291 291 289 289 291 290 291 287 276 274 272 272 271 272 268 262 257 259 257 256 254 252 258 261 263 258 256 253 262 255 255 255 255 254 252 247 235 226 239 243 247 -3.4e+38 -3.4e+38 -3.4e+38 -3.4e+38 -3.4e+38 -3.4e+38 -3.4e+38 -3.4e+38 -3.4e+38 -3.4e+38 -3.4e+38 -3.4e+38 -3.4e+38 -3.4e+38 -3.4e+38 -3.4e+38 -3.4e+38 -3.4e+38 -3.4e+38 -3.4e+38 -3.4e+38 -3.4e+38 -3.4e+38 -3.4e+38 -3.4e+38 -3.4e+38 -3.4e+38 -3.4e+38 -3.4e+38 -3.4e+38 -3.4e+38 -3.4e+38 -3.4e+38
288 289 289 290 288 289 289 291 292 291 289 288 288 289 291 290 288 288 289 289 290 290 280 277 274 276 273 275 271 263 257 259 256 255 255 253 258 261 264 258 257 255 259 256 255 255 255 254 254 249 237 242 246 250 243 -3.4e+38 -3.4e+38 -3.4e+38 -3.4e+38 -3.4e+38 -3.4e+38 -3.4e+38 -3.4e+38 -3.4e+38 -3.4e+38 -3.4e+38 -3.4e+38 -3.4e+38 -3.4e+38 -3.4e+38 -3.4e+38 -3.4e+38 -3.4e+38 -3.4e+38 -3.4e+38 -3.4e+38 -3.4e+38 -3.4e+38 -3.4e+38 -3.4e+38 -3.4e+38 -3.4e+38 -3.4e+38 -3.4e+38 -3.4e+38 -3.4e+38 -3.4e+38 -3.4e+38
285 286 287 289 288 289 289 290 290 288 288 288 288 288 289 287 287 290 291 289 289 284 277 276 277 274 268 269 275 261 256 258 260 257 257 254 260 261 264 261 261 256 262 257 256 255 253 254 252 255 249 251 254 253 236 225 -3.4e+38 -3.4e+38 -3.4e+38 -3.4e+38 -3.4e+38 -3.4e+38 -3.4e+38 -3.4e+38 -3.4e+38 -3.4e+38 -3.4e+38 -3.4e+38 -3.4e+38 -3.4e+38 -3.4e+38 -3.4e+38 -3.4e+38 -3.4e+38 -3.4e+38 -3.4e+38 -3.4e+38 -3.4e+38 -3.4e+38 -3.4e+38 -3.4e+38 -3.4e+38 -3.4e+38 -3.4e+38 -3.4e+38 -3.4e+38 -3.4e+38 -3.4e+38
287 286 285 289 286 286 288 290 291 289 290 289 288 287 286 286 288 290 291 291 289 282 275 275 274 270 268 268 269 263 259 257 261 255 255 255 261 263 262 261 256 257 262 255 256 255 253 254 253 257 251 255 251 242 231 217 -3.4e+38 -3.4e+38 -3.4e+38 -3.4e+38 -3.4e+38 -3.4e+38 -3.4e+38 -3.4e+38 -3.4e+38 -3.4e+38 -3.4e+38 -3.4e+38 -3.4e+38 -3.4e+38 -3.4e+38 -3.4e+38 -3.4e+38 -3.4e+38 -3.4e+38 -3.4e+38 -3.4e+38 -3.4e+38 -3.4e+38 -3.4e+38 -3.4e+38 -3.4e+38 -3.4e+38 -3.4e+38 -3.4e+38 -3.4e+38 -3.4e+38 -3.4e+38
286 283 288 288 285 287 289 289 289 284 288 287 287 288 289 288 286 290 291 289 289 279 276 273 271 269 266 261 264 257 256 258 263 262 256 257 260 260 257 258 256 259 258 255 255 255 254 254 257 258 257 251 252 237 226 214 -3.4e+38 -3.4e+38 -3.4e+38 -3.4e+38 -3.4e+38 -3.4e+38 -3.4e+38 -3.4e+38 -3.4e+38 -3.4e+38 -3.4e+38 -3.4e+38 -3.4e+38 -3.4e+38 -3.4e+38 -3.4e+38 -3.4e+38 -3.4e+38 -3.4e+38 -3.4e+38 -3.4e+38 -3.4e+38 -3.4e+38 -3.4e+38 -3.4e+38 -3.4e+38 -3.4e+38 -3.4e+38 -3.4e+38 -3.4e+38 -3.4e+38 -3.4e+38
289 286 288 288 285 286 288 289 287 287 292 288 286 290 288 286 291 291 290 290 287 275 275 270 266 263 264 262 255 257 257 260 263 262 258 260 262 260 258 255 254 255 257 255 255 254 255 253 258 259 253 252 251 240 234 214 212 -3.4e+38 -3.4e+38 -3.4e+38 -3.4e+38 -3.4e+38 -3.4e+38 -3.4e+38 -3.4e+38 -3.4e+38 -3.4e+38 -3.4e+38 -3.4e+38 -3.4e+38 -3.4e+38 -3.4e+38 -3.4e+38 -3.4e+38 -3.4e+38 -3.4e+38 -3.4e+38 -3.4e+38 -3.4e+38 -3.4e+38 -3.4e+38 -3.4e+38 -3.4e+38 -3.4e+38 -3.4e+38 -3.4e+38 -3.4e+38 -3.4e+38
289 289 289 289 286 286 287 284 286 288 289 289 289 289 291 290 291 290 291 290 287 279 275 270 268 251 261 261 262 258 256 265 264 264 261 254 254 260 259 256 256 254 257 257 255 257 258 258 256 253 252 250 245 243 229 214 213 -3.4e+38 -3.4e+38 -3.4e+38 -3.4e+38 -3.4e+38 -3.4e+38 -3.4e+38 -3.4e+38 -3.4e+38 -3.4e+38 -3.4e+38 -3.4e+38 -3.4e+38 -3.4e+38 -3.4e+38 -3.4e+38 -3.4e+38 -3.4e+38 -3.4e+38 -3.4e+38 -3.4e+38 -3.4e+38 -3.4e+38 -3.4e+38 -3.4e+38 -3.4e+38 -3.4e+38 -3.4e+38 -3.4e+38 -3.4e+38 -3.4e+38
287 289 289 288 288 288 287 283 286 289 291 290 292 291 291 291 291 291 291 290 289 276 274 273 268 258 262 259 265 262 258 261 264 265 262 255 255 257 256 256 256 257 258 257 256 257 259 256 256 252 251 251 249 245 236 220 232 -3.4e+38 -3.4e+38 -3.4e+38 -3.4e+38 -3.4e+38 -3.4e+38 -3.4e+38 -3.4e+38 -3.4e+38 -3.4e+38 -3.4e+38 -3.4e+38 -3.4e+38 -3.4e+38 -3.4e+38 -3.4e+38 -3.4e+38 -3.4e+38 -3.4e+38 -3.4e+38 -3.4e+38 -3.4e+38 -3.4e+38 -3.4e+38 -3.4e+38 -3.4e+38 -3.4e+38 -3.4e+38 -3.4e+38 -3.4e+38 -3.4e+38
287 289 289 289 288 287 288 286 287 289 291 287 289 291 291 290 291 291 291 290 287 282 280 275 267 260 263 260 257 262 259 258 257 267 261 257 256 257 257 257 257 256 258 258 257 258 257 256 256 252 252 252 252 254 240 224 239 242 -3.4e+38 -3.4e+38 -3.4e+38 -3.4e+38 -3.4e+38 -3.4e+38 -3.4e+38 -3.4e+38 -3.4e+38 -3.4e+38 -3.4e+38 -3.4e+38 -3.4e+38 -3.4e+38 -3.4e+38 -3.4e+38 -3.4e+38 -3.4e+38 -3.4e+38 -3.4e+38 -3.4e+38 -3.4e+38 -3.4e+38 -3.4e+38 -3.4e+38 -3.4e+38 -3.4e+38 -3.4e+38 -3.4e+38 -3.4e+38
288 288 287 286 286 287 286 286 287 290 288 287 289 290 291 291 291 290 291 290 289 277 277 277 272 264 271 273 265 263 265 259 258 265 263 254 256 257 258 258 258 258 259 261 256 260 257 256 256 253 253 253 252 254 249 237 246 250 -3.4e+38 -3.4e+38 -3.4e+38 -3.4e+38 -3.4e+38 -3.4e+38 -3.4e+38 -3.4e+38 -3.4e+38 -3.4e+38 -3.4e+38 -3.4e+38 -3.4e+38 -3.4e+38 -3.4e+38 -3.4e+38 -3.4e+38 -3.4e+38 -3.4e+38 -3.4e+38 -3.4e+38 -3.4e+38 -3.4e+38 -3.4e+38 -3.4e+38 -3.4e+38 -3.4e+38 -3.4e+38 -3.4e+38 -3.4e+38
288 284 286 288 283 285 286 286 287 287 288 287 288 290 290 291 288 289 290 290 287 285 287 281 278 276 267 266 264 257 258 265 268 264 267 262 260 258 259 259 260 257 258 256 253 258 258 254 255 254 252 251 251 248 252 250 250 253 -3.4e+38 -3.4e+38 -3.4e+38 -3.4e+38 -3.4e+38 -3.4e+38 -3.4e+38 -3.4e+38 -3.4e+38 -3.4e+38 -3.4e+38 -3.4e+38 -3.4e+38 -3.4e+38 -3.4e+38 -3.4e+38 -3.4e+38 -3.4e+38 -3.4e+38 -3.4e+38 -3.4e+38 -3.4e+38 -3.4e+38 -3.4e+38 -3.4e+38 -3.4e+38 -3.4e+38 -3.4e+38 -3.4e+38 -3.4e+38
286 283 284 286 286 285 286 285 288 289 288 288 288 289 290 289 289 288 290 290 288 286 289 280 282 277 260 267 264 261 257 268 269 268 268 265 265 264 264 260 258 256 255 256 253 255 255 255 254 252 252 251 250 243 254 255 252 252 -3.4e+38 -3.4e+38 -3.4e+38 -3.4e+38 -3.4e+38 -3.4e+38 -3.4e+38 -3.4e+38 -3.4e+38 -3.4e+38 -3.4e+38 -3.4e+38 -3.4e+38 -3.4e+38 -3.4e+38 -3.4e+38 -3.4e+38 -3.4e+38 -3.4e+38 -3.4e+38 -3.4e+38 -3.4e+38 -3.4e+38 -3.4e+38 -3.4e+38 -3.4e+38 -3.4e+38 -3.4e+38 -3.4e+38 -3.4e+38
284 283 284 285 285 286 286 288 286 288 287 287 287 290 290 290 289 289 288 290 290 289 282 280 284 278 259 265 268 264 260 259 266 265 265 258 256 261 262 262 261 261 256 254 251 252 253 254 254 252 252 251 251 250 246 254 254 255 253 -3.4e+38 -3.4e+38 -3.4e+38 -3.4e+38 -3.4e+38 -3.4e+38 -3.4e+38 -3.4e+38 -3.4e+38 -3.4e+38 -3.4e+38 -3.4e+38 -3.4e+38 -3.4e+38 -3.4e+38 -3.4e+38 -3.4e+38 -3.4e+38 -3.4e+38 -3.4e+38 -3.4e+38 -3.4e+38 -3.4e+38 -3.4e+38 -3.4e+38 -3.4e+38 -3.4e+38 -3.4e+38 -3.4e+38
280 282 283 284 284 286 286 289 289 285 286 289 287 287 289 288 289 288 286 287 290 286 277 271 273 281 266 265 272 267 265 267 265 268 259 256 254 260 261 262 264 261 259 257 253 253 252 257 254 251 252 251 248 255 253 254 257 259 254 -3.4e+38 -3.4e+38 -3.4e+38 -3.4e+38 -3.4e+38 -3.4e+38 -3.4e+38 -3.4e+38 -3.4e+38 -3.4e+38 -3.4e+38 -3.4e+38 -3.4e+38 -3.4e+38 -3.4e+38 -3.4e+38 -3.4e+38 -3.4e+38 -3.4e+38 -3.4e+38 -3.4e+38 -3.4e+38 -3.4e+38 -3.4e+38 -3.4e+38 -3.4e+38 -3.4e+38 -3.4e+38 -3.4e+38
278 281 280 282 284 284 284 285 289 283 282 287 286 287 287 287 287 289 286 285 290 286 281 271 276 281 269 266 273 268 270 267 265 267 263 257 256 257 259 262 262 263 261 255 256 253 252 255 253 254 251 251 249 255 255 257 259 256 259 -3.4e+38 -3.4e+38 -3.4e+38 -3.4e+38 -3.4e+38 -3.4e+38 -3.4e+38 -3.4e+38 -3.4e+38 -3.4e+38 -3.4e+38 -3.4e+38 -3.4e+38 -3.4e+38 -3.4e+38 -3.4e+38 -3.4e+38 -3.4e+38 -3.4e+38 -3.4e+38 -3.4e+38 -3.4e+38 -3.4e+38 -3.4e+38 -3.4e+38 -3.4e+38 -3.4e+38 -3.4e+38 -3.4e+38
279 279 280 282 282 285 283 279 285 282 282 286 286 287 284 290 288 288 282 286 289 289 284 275 272 273 279 280 276 274 269 263 259 264 267 260 263 261 260 258 261 261 260 256 255 252 252 253 253 254 253 250 246 254 256 257 260 258 260 257 -3.4e+38 -3.4e+38 -3.4e+38 -3.4e+38 -3.4e+38 -3.4e+38 -3.4e+38 -3.4e+38 -3.4e+38 -3.4e+38 -3.4e+38 -3.4e+38 -3.4e+38 -3.4e+38 -3.4e+38 -3.4e+38 -3.4e+38 -3.4e+38 -3.4e+38 -3.4e+38 -3.4e+38 -3.4e+38 -3.4e+38 -3.4e+38 -3.4e+38 -3.4e+38 -3.4e+38 -3.4e+38
279 279 278 281 281 283 283 281 285 285 282 286 286 284 285 287 289 287 286 286 287 288 285 269 262 267 268 266 274 274 271 267 263 264 266 266 260 261 259 257 256 254 263 255 255 253 254 252 253 253 251 250 250 256 256 260 258 261 258 258 -3.4e+38 -3.4e+38 -3.4e+38 -3.4e+38 -3.4e+38 -3.4e+38 -3.4e+38 -3.4e+38 -3.4e+38 -3.4e+38 -3.4e+38 -3.4e+38 -3.4e+38 -3.4e+38 -3.4e+38 -3.4e+38 -3.4e+38 -3.4e+38 -3.4e+38 -3.4e+38 -3.4e+38 -3.4e+38 -3.4e+38 -3.4e+38 -3.4e+38 -3.4e+38 -3.4e+38 -3.4e+38
280 277 275 283 283 285 282 282 285 283 283 287 284 283 286 286 287 287 287 284 286 288 287 276 269 270 271 264 269 271 271 270 265 262 261 258 256 257 256 256 255 254 262 255 254 254 254 252 253 254 252 252 253 257 257 261 261 263 260 259 -3.4e+38 -3.4e+38 -3.4e+38 -3.4e+38 -3.4e+38 -3.4e+38 -3.4e+38 -3.4e+38 -3.4e+38 -3.4e+38 -3.4e+38 -3.4e+38 -3.4e+38 -3.4e+38 -3.4e+38 -3.4e+38 -3.4e+38 -3.4e+38 -3.4e+38 -3.4e+38 -3.4e+38 -3.4e+38 -3.4e+38 -3.4e+38 -3.4e+38 -3.4e+38 -3.4e+38 -3.4e+38
279 271 274 281 280 284 281 281 282 282 284 286 284 284 284 285 288 287 288 284 285 287 288 282 276 271 264 263 263 271 270 268 262 259 257 258 260 258 260 257 256 256 260 256 254 250 253 251 254 253 253 253 255 253 261 264 263 257 259 257 256 -3.4e+38 -3.4e+38 -3.4e+38 -3.4e+38 -3.4e+38 -3.4e+38 -3.4e+38 -3.4e+38 -3.4e+38 -3.4e+38 -3.4e+38 -3.4e+38 -3.4e+38 -3.4e+38 -3.4e+38 -3.4e+38 -3.4e+38 -3.4e+38 -3.4e+38 -3.4e+38 -3.4e+38 -3.4e+38 -3.4e+38 -3.4e+38 -3.4e+38 -3.4e+38 -3.4e+38
280 270 273 279 280 284 281 279 284 282 285 284 284 283 283 286 287 286 281 283 284 288 286 282 267 267 262 261 259 263 265 260 261 259 258 257 259 258 258 258 257 256 254 255 254 251 252 252 254 254 253 255 255 256 262 262 260 257 260 258 255 -3.4e+38 -3.4e+38 -3.4e+38 -3.4e+38 -3.4e+38 -3.4e+38 -3.4e+38 -3.4e+38 -3.4e+38 -3.4e+38 -3.4e+38 -3.4e+38 -3.4e+38 -3.4e+38 -3.4e+38 -3.4e+38 -3.4e+38 -3.4e+38 -3.4e+38 -3.4e+38 -3.4e+38 -3.4e+38 -3.4e+38 -3.4e+38 -3.4e+38 -3.4e+38 -3.4e+38
281 274 272 272 286 282 280 279 282 283 284 282 282 282 284 289 286 285 283 283 281 285 282 279 265 263 261 262 261 261 260 263 260 260 257 256 258 256 260 259 256 256 253 255 251 248 253 253 254 254 253 253 253 258 262 261 257 259 259 256 255 -3.4e+38 -3.4e+38 -3.4e+38 -3.4e+38 -3.4e+38 -3.4e+38 -3.4e+38 -3.4e+38 -3.4e+38 -3.4e+38 -3.4e+38 -3.4e+38 -3.4e+38 -3.4e+38 -3.4e+38 -3.4e+38 -3.4e+38 -3.4e+38 -3.4e+38 -3.4e+38 -3.4e+38 -3.4e+38 -3.4e+38 -3.4e+38 -3.4e+38 -3.4e+38 -3.4e+38
280 277 271 278 283 280 280 282 282 281 284 282 282 282 281 287 285 283 283 283 280 282 281 282 271 263 262 261 263 261 261 260 262 260 260 257 255 255 259 257 256 256 254 254 253 252 254 254 252 253 254 253 254 264 262 260 256 261 259 258 254 -3.4e+38 -3.4e+38 -3.4e+38 -3.4e+38 -3.4e+38 -3.4e+38 -3.4e+38 -3.4e+38 -3.4e+38 -3.4e+38 -3.4e+38 -3.4e+38 -3.4e+38 -3.4e+38 -3.4e+38 -3.4e+38 -3.4e+38 -3.4e+38 -3.4e+38 -3.4e+38 -3.4e+38 -3.4e+38 -3.4e+38 -3.4e+38 -3.4e+38 -3.4e+38 -3.4e+38
283 281 270 274 281 281 283 281 281 282 283 281 281 278 277 285 287 286 284 285 285 281 283 278 273 270 269 266 264 260 260 260 261 260 260 258 257 258 258 257 256 255 253 255 253 251 254 253 253 252 255 254 255 263 261 261 255 257 256 255 255 258 -3.4e+38 -3.4e+38 -3.4e+38 -3.4e+38 -3.4e+38 -3.4e+38 -3.4e+38 -3.4e+38 -3.4e+38 -3.4e+38 -3.4e+38 -3.4e+38 -3.4e+38 -3.4e+38 -3.4e+38 -3.4e+38 -3.4e+38 -3.4e+38 -3.4e+38 -3.4e+38 -3.4e+38 -3.4e+38 -3.4e+38 -3.4e+38 -3.4e+38 -3.4e+38
281 280 269 274 281 282 279 281 280 281 282 280 279 279 279 284 286 286 288 285 286 280 282 285 278 274 276 265 261 259 260 258 261 261 261 259 259 256 257 255 256 256 255 254 254 252 253 253 253 253 254 255 255 263 263 262 257 260 256 255 250 254 -3.4e+38 -3.4e+38 -3.4e+38 -3.4e+38 -3.4e+38 -3.4e+38 -3.4e+38 -3.4e+38 -3.4e+38 -3.4e+38 -3.4e+38 -3.4e+38 -3.4e+38 -3.4e+38 -3.4e+38 -3.4e+38 -3.4e+38 -3.4e+38 -3.4e+38 -3.4e+38 -3.4e+38 -3.4e+38 -3.4e+38 -3.4e+38 -3.4e+38 -3.4e+38
