data/layers/bio14.asc
NCOLS 507 
NROWS 956 
XLLCORNER -77.7833333333333 
YLLCORNER 0 
CELLSIZE 0.00833333333333335 
NODATA_value -3.4e+38 
[rows 41 to 81 of 956, columns 282 to 375 of 507]
47 47 46 46 46 47 47 48 49 49 50 50 51 52 53 51 51 53 51 50 51 48 51 52 50 52 52 53 52 56 58 58 58 57 58 60 61 64 62 61 64 65 71 72 73 73 73 73 75 75 75 76 76 77 77 78 79 79 80 81 82 83 84 85 86 86 87 88 89 89 90 90 91 91 92 92 93 93 95 97 100 101 100 99 103 100 98 98 105 116 100 103 111 111
49 48 48 48 47 49 48 49 51 51 52 53 53 54 55 53 54 55 54 53 53 54 53 53 52 54 54 57 55 56 60 62 61 59 60 60 61 65 64 63 68 67 71 73 74 74 75 75 75 76 76 77 77 78 78 79 80 81 82 82 83 84 85 86 87 87 88 89 90 90 91 91 92 92 93 93 94 94 96 99 99 100 101 100 103 108 105 103 105 119 101 104 105 103
50 49 48 50 49 48 49 50 51 53 54 55 56 56 56 57 56 58 58 56 55 55 54 55 55 56 58 60 59 58 59 63 64 65 62 62 63 65 66 64 67 70 71 74 76 75 76 76 76 77 77 78 78 79 80 81 81 82 83 84 84 85 87 87 88 88 89 90 91 91 92 92 93 93 94 94 95 96 97 100 99 100 100 100 102 105 106 107 109 117 104 108 108 115
54 53 49 51 51 52 52 53 53 55 56 57 58 59 59 59 59 59 59 58 58 58 58 58 58 59 60 59 62 62 65 62 63 64 64 65 67 67 69 66 69 73 70 74 76 76 77 77 78 78 80 80 80 80 81 82 82 83 84 85 86 87 88 89 90 90 91 92 93 92 93 93 94 94 95 95 97 97 98 101 101 102 105 105 101 102 103 104 109 115 108 107 105 127
63 59 51 52 53 54 54 55 57 57 59 59 61 62 62 62 62 62 62 62 62 62 61 61 61 61 62 62 65 65 67 64 66 65 66 68 71 71 71 68 70 71 73 75 77 79 78 79 80 80 81 80 81 82 83 83 83 84 85 87 88 88 89 90 91 91 92 93 94 93 94 95 95 95 96 98 99 99 99 100 99 101 106 105 104 105 104 104 108 110 102 108 110 129
62 64 56 54 55 56 57 58 59 60 61 63 66 64 65 66 66 65 66 65 64 64 64 64 64 64 64 66 66 68 70 67 68 68 69 72 74 77 74 70 71 73 74 77 78 80 80 80 80 81 81 82 83 83 84 84 85 85 86 87 88 89 90 91 92 93 93 94 96 94 95 96 96 96 97 97 99 101 100 100 102 100 101 101 103 105 101 101 110 106 102 102 111 123
69 66 61 61 55 55 57 60 61 63 64 67 69 69 69 70 69 68 68 69 69 68 68 68 68 68 68 69 70 70 73 73 70 70 72 76 80 78 75 73 73 74 76 79 81 82 82 81 82 82 83 84 84 84 84 85 86 87 88 89 90 90 91 92 93 94 94 95 97 96 97 97 98 98 98 98 99 102 103 103 104 101 102 103 102 103 101 103 102 102 107 106 121 123
71 69 69 67 69 59 61 63 64 65 68 71 72 71 73 73 72 72 71 71 71 71 71 71 70 70 71 72 73 77 75 72 73 73 76 78 80 81 77 74 75 75 78 81 83 83 83 83 83 84 84 85 85 85 86 86 87 88 89 90 90 91 92 93 94 95 96 96 98 97 98 100 100 100 99 100 101 101 102 105 110 102 104 105 101 103 107 111 102 112 109 108 129 129
74 72 72 71 70 65 64 66 67 69 70 74 74 76 76 76 75 75 75 75 74 74 74 74 74 73 74 78 80 84 79 74 76 77 79 80 80 81 77 76 77 78 80 81 85 84 85 85 85 85 86 86 86 86 87 88 88 89 90 91 91 92 93 94 95 96 97 98 99 98 99 101 101 101 102 102 102 103 102 104 112 103 107 107 103 103 106 112 111 111 110 110 129 128
75 75 75 75 75 71 69 70 71 72 73 74 78 79 79 79 78 78 78 78 78 77 77 77 76 76 76 82 81 79 79 77 77 78 80 82 80 79 81 78 79 79 81 82 83 86 87 87 86 87 87 87 87 88 88 89 90 90 91 91 92 93 94 95 96 97 98 99 100 100 101 102 102 102 103 103 103 105 104 104 105 103 105 106 106 104 107 111 113 112 108 110 123 127
78 77 77 77 77 77 72 73 74 76 77 78 78 82 82 82 81 82 81 81 81 82 81 80 79 78 79 83 85 82 81 79 79 80 84 81 82 82 81 82 81 81 82 84 85 86 89 88 88 88 88 88 88 89 89 90 90 91 91 92 93 94 95 96 97 98 99 100 101 102 102 103 103 104 104 105 105 104 104 106 104 106 104 105 106 106 105 106 106 112 105 106 123 128
78 79 78 79 79 80 78 77 78 80 80 81 82 85 85 85 84 85 85 85 84 84 85 84 83 82 81 81 86 86 83 81 81 83 87 90 85 88 84 83 83 83 84 86 86 87 89 91 90 89 90 90 90 90 90 91 91 92 92 93 94 95 96 97 99 100 101 102 102 103 103 104 105 105 105 106 106 106 105 106 106 107 107 104 104 104 105 106 106 104 106 106 112 119
79 80 80 80 81 82 83 81 83 84 84 85 86 87 88 88 88 88 88 88 88 87 88 87 83 85 85 84 84 88 85 84 84 84 88 91 90 88 86 85 85 85 86 87 89 88 92 92 90 90 91 91 91 91 91 92 92 93 93 94 95 96 98 99 100 101 102 103 103 105 104 105 106 105 106 107 107 106 104 109 108 109 109 105 105 105 108 105 107 112 107 120 127 125
80 81 82 82 83 84 87 87 88 89 88 89 89 90 91 91 92 92 91 91 91 91 91 90 86 86 87 86 102 94 91 87 85 87 89 89 90 88 87 86 87 88 87 88 90 90 90 94 93 93 94 95 92 92 92 93 93 94 95 95 96 98 99 100 100 101 103 105 104 106 105 106 106 107 107 108 107 107 106 106 108 110 109 109 106 105 108 108 105 106 104 112 127 126
81 81 82 83 84 87 90 91 91 92 93 94 94 94 95 96 95 96 95 94 96 95 95 92 87 87 88 90 102 99 96 90 88 90 92 89 89 89 89 89 89 89 89 90 92 92 92 93 96 95 96 96 94 94 94 94 94 95 96 97 98 99 100 101 102 102 105 106 105 107 106 106 107 107 108 108 108 107 106 106 109 110 109 108 106 106 109 109 107 107 105 105 120 124
81 82 83 84 86 89 93 93 94 93 96 98 98 99 99 99 100 100 98 97 99 99 95 92 95 92 89 89 104 102 95 92 92 96 96 93 91 90 90 91 91 91 91 92 93 94 95 96 97 97 98 98 96 98 95 95 95 96 97 97 98 100 101 101 103 104 106 107 108 108 110 108 109 108 108 108 108 108 107 110 110 110 110 110 109 111 111 106 105 107 106 115 123 122
82 83 87 86 89 89 94 96 94 97 98 99 102 102 103 103 103 103 103 99 103 103 94 94 92 94 91 107 107 96 93 92 93 97 96 97 97 93 92 94 93 93 93 93 94 95 97 98 99 99 99 100 97 100 98 97 96 97 97 98 99 101 102 103 104 104 107 108 108 107 108 110 112 108 110 111 109 108 107 109 108 109 110 111 112 112 109 106 104 104 107 117 122 122
82 83 85 85 87 95 95 97 96 99 99 102 102 104 106 106 105 107 107 106 106 102 102 100 93 97 93 102 107 99 98 95 94 96 94 95 95 95 94 94 95 95 95 95 95 96 98 100 101 101 100 101 99 102 101 100 98 98 99 99 100 101 102 104 104 104 106 108 108 107 109 113 108 109 112 110 109 109 109 114 110 111 111 109 108 110 111 106 104 106 106 118 121 120
83 83 84 86 88 94 95 95 96 99 100 103 107 106 106 109 109 109 109 109 108 106 98 98 101 108 101 107 109 106 102 97 95 95 95 95 95 96 96 96 96 96 97 97 97 98 98 101 103 103 103 102 102 104 103 101 100 99 100 100 101 102 103 103 104 105 106 107 108 108 108 110 109 109 112 111 110 109 111 110 106 109 112 107 109 111 105 104 104 104 108 119 119 117
83 84 85 86 91 94 92 93 97 99 102 106 110 110 108 110 111 112 112 112 110 108 99 97 109 107 108 109 110 108 102 98 97 98 97 98 98 98 97 97 98 98 98 99 99 101 100 102 104 104 104 105 102 106 105 105 105 102 102 102 102 104 103 104 105 106 107 107 107 108 108 109 109 109 110 111 110 114 112 109 108 108 108 108 105 105 104 104 104 104 108 115 117 116
85 85 85 88 90 94 94 93 98 96 102 108 113 113 111 112 110 114 114 114 102 104 108 99 99 105 108 110 106 103 101 99 102 105 99 99 99 100 99 99 100 101 104 101 101 103 103 104 105 103 105 105 103 107 108 108 106 105 104 103 104 106 104 105 107 107 107 108 108 108 109 109 109 109 109 110 110 114 112 109 106 107 105 105 104 104 104 104 103 104 105 116 116 116
84 85 87 87 90 92 93 98 98 102 104 110 114 114 114 116 113 116 115 104 115 101 106 100 100 100 105 111 110 104 104 103 107 110 101 100 102 102 101 103 101 102 102 106 103 105 106 105 105 105 107 104 107 107 109 110 108 107 106 107 106 106 105 106 107 108 107 108 109 108 109 109 109 109 109 110 110 111 110 108 106 110 108 105 105 105 103 103 103 103 107 112 113 113
88 86 86 87 88 91 93 98 99 105 105 106 112 119 119 117 118 118 117 105 111 103 100 101 105 105 106 111 112 111 110 105 102 105 102 102 102 102 104 104 103 104 103 105 106 107 108 107 107 108 108 106 109 108 110 111 110 109 109 109 106 107 106 106 108 108 108 109 108 109 109 109 109 110 111 110 110 111 110 107 109 109 108 105 104 104 103 103 102 102 104 113 112 112
85 85 87 88 91 90 92 98 102 106 111 108 109 121 122 120 120 121 113 110 111 107 102 107 107 111 112 112 112 111 112 110 103 104 104 104 103 104 105 105 105 105 105 104 110 109 110 109 110 110 111 107 110 109 112 112 110 110 110 109 108 107 108 106 109 109 108 109 109 109 109 112 111 110 113 112 111 110 109 109 108 109 108 105 104 103 106 104 102 102 105 107 103 109
87 88 89 88 90 90 92 95 99 108 116 115 117 124 125 123 123 122 108 107 110 112 103 107 106 111 112 113 108 109 110 108 105 110 105 105 105 105 105 106 107 107 107 108 111 110 111 111 111 111 111 108 108 110 112 112 111 111 108 111 110 108 110 106 110 110 109 109 110 109 110 113 112 111 111 112 110 111 108 107 108 108 108 106 104 105 105 104 102 102 103 105 102 109
92 90 90 88 90 90 91 92 102 103 105 126 126 128 128 126 125 127 125 104 102 103 108 105 105 110 113 113 113 109 107 107 107 110 108 107 106 107 108 109 108 108 107 111 110 110 112 112 110 112 112 111 108 111 113 113 112 113 108 111 108 113 111 108 109 110 110 110 111 109 112 113 112 112 111 110 111 109 110 108 108 108 107 104 104 103 104 103 104 101 101 101 108 108
96 95 88 89 90 90 92 92 95 100 108 109 130 128 129 130 112 121 110 103 103 105 109 105 109 114 113 114 113 113 111 108 110 113 109 111 108 108 109 111 109 109 108 113 111 111 112 113 112 113 113 110 108 113 113 114 110 111 109 110 111 113 113 110 107 109 110 112 111 110 114 113 113 112 112 110 110 107 107 111 109 106 106 107 105 105 103 104 105 104 100 103 108 109
90 87 88 89 91 91 92 93 93 98 105 123 123 126 122 130 117 125 109 107 106 110 111 110 114 114 113 112 110 114 113 110 111 113 111 111 110 110 110 110 114 113 113 110 110 112 113 113 112 110 112 112 107 109 113 112 113 113 112 109 111 114 114 114 108 110 110 113 112 110 115 114 114 113 112 111 111 111 107 111 112 107 108 107 105 106 104 102 105 105 100 102 107 108
100 97 93 92 94 91 92 97 96 100 114 112 117 116 136 115 112 109 117 118 105 108 111 113 114 114 114 112 109 109 113 112 109 110 111 111 110 110 114 112 111 114 111 111 111 113 114 113 114 113 110 109 108 106 113 114 114 113 111 111 110 115 114 114 109 108 110 113 111 112 114 114 114 113 113 110 112 113 110 112 111 107 107 106 108 102 102 103 107 104 99 99 103 106
100 98 95 94 92 92 94 94 97 101 102 101 108 139 126 104 106 117 116 117 114 105 110 111 113 114 115 115 108 109 110 109 112 115 113 113 114 113 113 112 112 112 112 112 112 114 113 114 114 114 110 111 111 109 114 114 114 113 112 111 113 114 114 114 106 112 110 111 111 112 114 114 114 113 113 112 112 112 109 109 111 107 106 108 107 103 101 102 103 103 101 98 101 106
93 93 93 90 90 92 93 94 94 95 97 102 141 129 101 101 101 112 123 103 106 105 105 111 115 115 115 115 109 110 109 109 116 110 110 112 111 112 115 112 111 112 112 112 112 114 113 113 114 114 113 113 114 112 111 114 114 114 113 113 114 114 114 112 110 113 110 110 113 111 113 114 114 112 112 110 111 111 108 110 110 106 108 108 105 104 102 102 102 103 102 98 99 104
95 97 88 92 92 92 92 93 94 100 96 101 144 112 100 100 107 112 104 105 104 104 107 115 116 114 116 109 108 112 109 110 114 111 113 112 112 111 111 113 114 112 112 112 113 114 113 113 114 114 113 114 114 113 110 114 114 113 112 114 114 114 112 108 112 111 110 110 113 113 113 113 113 112 113 110 111 111 110 110 108 105 108 106 106 104 101 102 100 103 101 99 98 102
88 89 93 96 103 104 106 104 95 118 125 131 135 106 100 101 105 103 105 104 113 106 112 116 116 116 111 108 110 112 113 119 113 112 115 114 112 114 113 112 112 113 112 112 112 114 112 112 113 114 113 114 114 113 112 114 114 113 113 114 114 114 113 110 112 113 111 110 110 113 113 112 113 113 112 110 111 111 108 109 107 106 107 107 106 103 100 102 105 103 102 98 99 101
89 92 102 103 110 114 107 105 113 104 102 144 113 99 106 101 104 102 107 105 116 116 114 116 112 109 107 108 108 110 109 112 113 111 115 114 115 115 112 112 111 113 113 112 112 113 112 112 114 114 114 114 113 113 111 113 114 112 113 114 113 113 113 113 110 113 113 112 109 113 112 112 112 111 107 110 111 111 109 108 107 108 107 107 104 100 101 102 103 103 103 100 101 101
87 91 100 98 96 100 96 98 96 110 140 111 98 100 106 101 101 104 104 112 116 117 114 108 108 108 111 110 109 113 109 116 112 116 115 115 115 115 111 111 113 111 112 112 112 112 112 112 114 114 113 114 114 114 114 113 113 112 113 113 113 113 113 113 113 111 113 112 110 111 112 112 111 112 110 111 110 109 109 108 106 107 106 106 106 101 102 103 102 101 102 101 101 100
93 87 96 94 90 91 93 94 105 133 108 131 100 99 100 107 111 102 104 117 117 116 112 116 116 114 116 113 114 113 110 118 111 115 113 115 115 114 112 111 112 113 112 111 112 111 113 114 113 112 113 113 113 113 113 113 113 113 113 113 113 111 112 112 110 112 112 112 112 110 110 112 110 110 110 110 109 109 108 107 106 107 106 106 106 101 98 100 100 99 98 100 99 100
104 87 91 94 104 104 95 96 127 119 97 130 120 105 103 101 104 105 117 117 117 117 113 117 114 117 116 117 115 108 112 111 110 115 111 115 115 113 111 111 114 113 111 111 112 113 115 111 111 111 112 113 113 113 112 112 112 113 113 112 112 110 112 111 109 112 112 112 108 111 111 111 109 110 110 109 109 108 108 107 106 106 106 105 105 102 100 99 96 98 97 100 99 96
86 87 99 104 102 100 103 134 113 122 99 111 109 125 109 101 108 115 116 117 117 115 115 117 116 116 116 111 109 112 109 113 114 116 111 113 116 115 111 114 114 113 111 111 111 111 111 111 111 111 111 112 113 113 112 110 111 112 112 112 112 110 111 108 112 109 111 111 109 111 111 111 108 109 105 109 108 108 107 107 106 106 105 104 102 101 98 97 96 96 96 96 99 98
96 103 109 101 90 100 131 113 104 95 96 100 98 124 105 100 116 115 115 117 117 117 115 117 117 117 117 110 109 113 109 109 111 116 112 116 116 115 112 112 114 112 111 111 111 111 111 111 110 110 110 111 113 113 112 112 110 112 112 112 112 111 111 109 111 109 108 110 110 110 109 110 109 107 106 108 108 107 106 106 106 105 104 104 101 100 97 96 95 94 94 95 96 94
106 108 108 90 93 122 110 93 94 106 104 98 98 118 106 101 112 114 115 112 117 117 118 117 116 117 116 117 109 115 111 109 109 112 116 114 113 115 113 111 114 112 111 110 111 111 111 111 110 110 110 111 112 112 112 112 108 111 111 110 109 111 111 106 110 109 107 109 110 109 108 109 109 108 103 106 106 106 105 102 102 103 103 102 102 100 96 98 95 97 95 94 95 97
96 92 89 101 125 124 92 109 99 95 110 114 98 105 109 101 101 118 103 111 116 118 118 118 116 117 117 114 108 108 112 110 110 110 116 113 114 114 114 110 114 113 110 110 110 110 111 111 110 110 109 110 111 112 112 111 110 111 111 109 110 109 108 108 109 109 107 109 109 108 107 108 104 103 106 106 106 105 105 103 101 102 102 102 101 101 98 97 99 97 96 92 92 93
