data/layers/bio19.asc
NCOLS 507 
NROWS 956 
XLLCORNER -77.7833333333333 
YLLCORNER 0 
CELLSIZE 0.00833333333333335 
NODATA_value -3.4e+38 
[rows 684 to 721 of 956, columns 170 to 254 of 507]
833 721 730 735 732 702 485 400 425 328 331 416 424 494 375 348 338 378 414 460 468 469 463 476 581 381 399 374 530 430 500 593 506 503 444 472 508 484 397 406 426 440 449 458 465 469 503 494 498 451 432 418 449 486 488 498 482 489 458 480 366 427 302 255 239 241 244 243 237 226 235 221 206 199 201 202 194 185 175 185 179 171 165 166 163
728 734 736 719 708 700 620 514 369 341 344 386 384 384 394 339 365 354 410 473 480 489 394 418 433 432 409 409 423 366 386 416 607 501 435 431 397 493 455 409 435 431 442 453 438 500 503 362 318 455 414 534 434 476 479 483 495 472 406 350 330 309 263 251 250 244 242 244 234 223 217 207 208 201 191 199 192 181 189 173 166 163 164 164 165
734 737 732 765 711 577 761 540 594 519 323 359 329 345 365 339 386 448 499 483 485 488 457 468 462 473 472 366 374 401 416 382 431 434 380 409 410 450 473 492 494 447 446 462 497 493 491 287 496 464 397 405 545 495 497 495 503 485 466 337 319 277 288 285 268 243 239 244 239 236 216 209 201 201 190 196 197 192 178 170 165 163 164 164 164
715 715 551 690 552 380 526 565 574 490 377 354 375 361 364 368 374 432 477 483 483 482 480 483 495 480 501 477 444 376 368 426 373 388 404 472 459 481 395 403 425 477 493 493 495 485 486 497 477 474 451 414 484 504 509 509 482 389 450 510 312 398 321 290 261 241 239 239 242 238 239 235 212 196 186 183 178 173 170 170 164 163 163 163 163
642 535 541 688 556 505 320 392 499 450 397 330 374 407 367 376 387 412 429 443 412 434 493 493 496 464 476 483 497 453 366 372 423 462 467 434 394 491 394 399 465 419 464 443 459 485 325 492 482 476 386 423 463 498 512 508 384 447 338 352 349 330 290 276 247 241 243 241 238 239 242 234 217 207 190 185 181 174 170 167 166 163 163 163 164
488 602 495 369 520 540 349 343 343 363 378 342 378 389 396 376 384 366 369 403 422 433 448 444 434 456 474 488 485 507 508 496 595 387 408 511 543 396 395 397 402 451 423 368 465 483 486 487 479 477 389 548 489 511 512 455 396 534 405 412 517 334 296 253 242 243 244 243 238 237 239 240 238 219 219 223 210 192 184 172 171 166 164 164 165
434 487 498 341 511 486 462 327 328 354 336 367 366 410 427 391 388 398 398 406 409 420 451 462 442 475 487 483 462 462 508 507 598 584 563 552 403 412 401 400 373 409 469 450 481 486 428 485 484 481 469 529 447 508 513 482 501 504 405 496 441 296 283 244 242 243 243 241 241 241 237 236 235 235 232 230 206 202 176 172 169 165 165 165 169
416 391 332 313 315 325 349 321 325 369 346 378 383 413 416 392 392 402 416 416 427 428 442 462 482 485 490 492 463 465 506 510 498 473 471 453 404 508 434 387 384 393 444 473 326 482 483 483 432 365 380 399 443 469 519 510 519 519 473 500 341 388 248 243 241 242 243 237 231 232 236 237 235 234 223 231 227 213 193 187 168 166 166 166 187
458 360 347 309 346 362 336 324 356 332 362 404 422 420 454 417 402 412 435 436 449 454 476 477 485 487 490 492 503 488 500 513 494 558 519 541 392 400 419 437 449 452 471 476 479 479 478 478 476 367 402 464 504 518 522 518 518 502 439 501 333 283 263 244 241 242 241 239 231 222 217 212 236 234 218 221 210 200 196 180 171 171 168 168 171
486 400 409 386 344 366 388 343 362 373 368 378 417 444 458 456 480 482 486 488 446 455 453 460 470 482 486 500 509 508 584 472 388 464 384 457 390 393 410 428 449 463 446 445 471 449 444 455 464 395 457 514 516 507 526 525 456 409 414 368 481 293 263 248 241 242 241 241 238 232 226 209 204 234 233 225 227 216 182 180 182 174 169 170 171
491 460 389 373 323 361 390 403 411 404 423 396 371 422 432 425 419 462 484 492 477 489 456 462 468 472 482 503 394 380 381 382 395 404 542 542 391 397 414 428 454 446 460 393 426 484 440 441 528 524 519 510 494 513 529 477 407 359 497 351 408 278 263 243 242 241 239 239 239 238 237 228 204 200 223 229 215 210 214 199 182 177 174 174 174
455 435 419 369 321 377 377 387 419 423 430 439 437 447 449 410 423 433 453 464 494 475 496 460 468 485 506 508 405 463 436 485 464 507 478 453 408 398 386 432 445 461 413 451 440 524 530 530 530 519 502 485 509 519 526 523 432 395 360 310 310 286 255 242 241 241 241 239 237 232 237 215 207 199 196 208 207 198 210 200 177 174 177 178 188
410 392 380 358 362 429 334 339 341 357 413 449 468 524 521 446 446 453 462 475 479 491 488 466 476 503 450 422 478 506 513 516 520 517 509 484 395 391 391 464 425 447 451 477 499 531 530 533 531 506 512 491 535 534 534 504 499 424 366 321 296 267 254 245 241 243 239 241 237 238 230 235 235 228 197 194 190 186 183 181 178 176 177 179 178
416 358 369 388 419 368 343 371 350 394 400 449 468 470 520 448 454 460 462 477 486 500 484 442 456 459 426 464 510 516 510 518 522 523 520 466 401 422 404 406 407 468 525 530 533 534 535 535 534 537 512 532 537 534 529 469 399 369 478 310 298 278 263 242 242 240 242 253 240 237 236 225 229 226 205 197 193 190 186 182 194 189 178 180 188
376 368 414 501 376 377 355 374 380 402 435 454 467 468 506 442 452 458 460 476 485 487 490 501 498 456 500 514 516 504 508 517 524 524 502 436 398 451 427 445 483 495 511 535 536 537 535 531 539 538 480 536 536 541 506 502 416 472 315 302 275 263 247 243 245 240 255 267 256 237 238 228 222 211 203 200 198 193 209 204 201 196 182 183 199
341 323 339 355 417 337 340 350 364 396 426 452 527 520 508 484 470 473 470 475 479 486 495 499 508 389 514 501 488 504 515 524 511 506 456 406 409 487 451 483 471 442 472 508 534 541 537 541 542 496 480 539 542 545 475 416 473 320 292 281 263 257 244 246 246 240 259 266 244 237 236 228 219 215 208 207 224 220 215 210 206 218 220 186 209
321 359 363 335 337 378 349 373 417 402 408 423 449 469 499 507 489 491 486 487 485 489 491 496 508 511 506 475 482 520 524 516 507 507 518 403 564 497 485 487 497 499 514 536 536 539 543 538 525 471 483 542 547 515 429 470 469 456 305 263 252 256 250 244 248 245 239 238 239 240 230 228 223 234 218 215 227 223 222 218 228 243 211 235 292
356 328 330 335 338 356 400 417 429 436 430 450 475 509 482 454 504 483 473 494 500 501 502 497 502 513 488 491 498 513 527 502 504 495 444 440 500 533 508 489 492 501 520 543 542 545 533 524 520 475 459 521 515 503 427 444 335 427 300 254 250 252 251 248 250 249 244 244 237 233 230 232 237 236 219 232 230 232 231 226 226 204 243 294 320
359 363 368 339 341 348 389 406 430 447 455 454 474 482 517 489 459 464 465 497 503 497 491 486 476 491 509 516 524 526 529 519 506 506 493 472 485 498 494 492 498 504 545 548 549 546 533 523 508 445 443 530 486 453 391 456 434 296 268 256 252 255 255 255 253 250 248 244 241 239 236 232 233 229 224 235 237 241 242 213 268 308 279 362 346
362 368 337 344 344 355 401 421 436 450 452 456 466 481 486 490 476 450 458 492 500 494 498 497 481 498 505 523 526 527 530 527 526 536 537 540 535 515 498 498 526 547 548 544 549 537 506 525 466 480 436 475 452 418 453 314 362 288 271 255 255 258 260 258 256 254 251 249 246 243 245 238 236 242 241 235 242 252 259 241 245 312 362 377 361
366 372 345 350 389 401 417 447 446 454 470 451 461 479 488 492 480 444 441 460 405 506 510 510 498 516 523 522 525 532 532 533 535 539 523 460 526 543 545 549 549 538 540 549 549 500 487 516 460 438 447 408 413 391 442 340 303 301 272 258 261 264 264 262 262 259 255 253 252 249 250 247 248 247 247 245 258 297 245 248 347 367 375 380 368
341 375 356 394 399 417 431 459 458 464 472 445 467 482 491 495 495 445 436 453 499 513 516 519 511 523 526 528 526 534 533 537 530 540 491 532 537 542 549 546 551 542 540 535 500 463 482 499 471 428 434 335 432 421 334 326 289 267 262 264 260 260 269 268 263 256 243 243 246 248 248 249 249 245 259 304 336 338 289 239 323 390 373 338 359
380 356 389 398 427 442 452 457 471 473 478 467 484 490 494 493 492 443 437 482 450 466 511 518 523 527 528 526 524 537 535 535 519 544 536 545 549 549 553 544 543 526 508 485 480 430 486 470 422 460 436 299 293 300 313 304 297 281 276 268 273 264 272 269 252 246 245 244 244 245 248 253 249 263 300 355 366 322 255 306 283 346 342 344 361
442 430 424 386 420 431 437 467 474 476 480 484 486 490 494 498 503 455 443 438 436 430 459 483 490 525 532 533 508 526 526 521 507 546 533 544 544 516 546 540 514 506 493 473 445 464 498 451 437 424 423 304 286 311 313 309 302 296 294 283 266 274 279 266 251 249 245 244 241 243 250 249 252 255 357 356 309 259 255 359 326 337 335 362 390
427 448 585 422 425 435 444 454 471 479 482 481 488 491 496 500 504 493 487 490 440 432 430 431 519 530 534 530 508 494 500 520 479 502 552 536 524 527 514 485 496 504 460 451 434 428 463 434 426 367 302 302 287 299 316 302 304 304 306 293 268 278 283 271 256 256 248 245 246 241 243 257 293 334 313 269 263 266 319 338 326 336 339 360 392
445 448 575 458 435 442 450 463 472 476 485 488 483 487 497 499 504 498 500 498 437 431 431 446 507 534 530 500 489 477 494 511 494 468 487 519 502 488 531 511 424 458 425 428 423 471 426 425 315 305 299 293 290 291 306 293 282 298 295 283 271 286 288 280 277 255 253 274 269 272 262 305 308 272 272 270 283 366 326 326 349 368 360 380 415
440 427 451 561 567 468 465 470 478 483 487 492 495 492 511 495 487 497 496 499 496 399 429 427 426 465 522 485 477 508 485 492 483 419 477 515 517 486 529 461 455 424 420 410 408 401 367 383 306 305 299 302 299 293 310 289 286 288 299 284 288 283 276 279 274 260 293 297 287 280 299 267 262 269 277 276 278 284 320 341 352 386 396 388 407
371 433 457 563 547 454 551 473 482 486 490 494 498 496 497 494 492 490 499 494 506 509 440 422 420 471 485 471 490 493 476 424 469 458 458 422 508 473 512 460 422 458 422 407 391 374 327 317 307 323 312 310 307 308 307 306 304 305 287 288 286 278 278 274 284 314 325 329 316 305 275 272 284 284 284 282 280 290 343 375 395 407 417 402 420
422 428 457 463 560 551 552 520 532 484 491 496 500 500 499 497 489 491 414 411 479 480 390 430 416 426 424 426 449 434 424 518 467 421 434 412 477 420 486 419 418 416 416 412 409 382 319 316 316 401 316 306 308 308 307 307 296 296 293 301 286 315 316 316 321 365 348 356 345 309 290 290 290 290 290 289 286 289 328 381 430 427 440 417 436
408 442 448 465 470 473 441 476 480 509 522 498 501 505 504 498 492 501 493 490 475 401 439 430 418 407 411 424 413 423 426 421 420 454 418 413 402 404 409 410 408 403 414 396 389 330 322 328 404 392 325 328 321 307 306 304 309 299 309 298 304 341 340 343 346 365 366 375 338 323 297 293 298 298 296 297 291 309 353 410 444 443 471 425 444
448 453 451 448 456 474 482 485 535 503 475 470 503 504 507 510 509 507 417 461 448 451 476 434 416 412 397 396 398 408 407 420 416 417 447 416 408 404 388 396 389 339 387 337 330 328 331 398 390 392 332 332 390 328 320 310 311 315 307 311 337 346 367 391 376 368 355 366 346 300 292 289 291 303 305 299 311 333 390 416 462 474 488 465 460
455 456 455 444 471 481 485 485 533 506 452 453 499 507 514 513 512 501 506 500 447 384 435 429 427 400 400 391 389 390 395 399 390 384 394 416 404 398 395 393 413 397 339 336 335 391 394 413 398 334 335 335 386 331 317 322 321 315 313 332 344 361 385 369 357 357 347 362 353 296 299 306 304 310 311 306 343 364 398 451 475 511 524 492 501
459 461 419 449 473 482 483 492 530 525 519 446 500 506 518 509 513 511 511 475 493 384 431 427 426 405 391 391 390 385 383 382 381 380 379 386 395 386 386 386 382 398 344 340 345 393 474 417 393 344 335 329 330 326 325 321 319 319 316 320 349 387 388 365 352 340 330 332 304 316 359 336 312 319 319 312 333 367 406 424 473 527 543 524 551
463 464 460 462 471 476 489 494 530 483 469 431 474 509 514 513 508 419 506 503 383 430 424 422 419 417 414 412 389 387 387 393 409 379 380 377 388 380 376 376 376 406 348 352 387 450 465 388 390 348 344 337 333 334 330 332 346 351 341 334 355 413 395 364 367 364 344 324 313 323 352 342 315 324 325 321 337 399 428 470 484 516 508 546 552
575 466 436 478 475 488 536 534 528 449 429 437 493 506 512 506 494 467 390 453 436 427 418 414 411 411 413 412 411 391 380 414 363 416 415 377 371 371 371 373 412 354 358 380 505 548 471 384 385 355 347 341 342 339 337 347 351 365 356 357 360 394 417 373 365 326 322 322 328 330 350 323 329 330 328 328 364 415 434 464 468 499 476 506 500
571 471 537 482 486 545 519 484 465 438 426 468 511 514 487 476 465 436 441 433 421 418 410 409 408 407 411 410 408 402 374 371 370 372 366 365 366 368 369 369 362 417 400 395 528 539 486 385 384 349 360 348 347 352 347 360 353 357 365 363 404 431 453 408 377 361 331 332 337 331 337 333 333 334 338 339 364 400 420 433 499 476 454 511 548
468 473 457 442 547 527 510 455 439 430 424 483 423 510 464 395 440 432 430 423 415 416 410 409 406 408 408 408 403 398 387 373 366 364 368 372 367 368 368 367 423 367 371 399 478 529 492 395 409 371 367 358 363 363 364 369 365 363 413 431 508 505 496 384 381 360 347 340 345 343 341 341 341 343 374 362 352 385 407 451 493 454 466 561 595
429 475 532 498 531 414 487 458 431 423 418 455 474 501 394 445 439 425 423 424 414 413 416 414 411 408 403 402 391 383 372 371 422 427 370 427 375 375 366 362 365 421 372 372 491 543 537 490 381 373 375 370 373 376 376 369 364 426 479 573 563 517 426 398 386 385 365 353 353 347 348 367 353 379 395 416 407 369 402 441 441 449 521 564 552
