data/layers/bio18.asc
NCOLS 507 
NROWS 956 
XLLCORNER -77.7833333333333 
YLLCORNER 0 
CELLSIZE 0.00833333333333335 
NODATA_value -3.4e+38 
[rows 304 to 341 of 956, columns 170 to 254 of 507]
1446 1638 1568 1261 1261 1327 1383 1620 1379 1611 1599 1585 1563 1282 1238 1253 1215 1446 1207 1210 1182 1168 1123 1065 1042 932 961 992 992 932 893 957 851 802 759 925 917 906 830 788 827 837 678 725 710 782 590 597 591 589 788 672 663 657 561 647 644 662 770 582 478 466 510 515 663 521 753 509 480 476 463 483 485 485 674 442 719 562 696 704 699 667 587 475 489
1448 1654 1603 1501 1308 1337 1615 1381 1378 1633 1578 1514 1273 1255 1402 1184 1202 1148 1170 1155 1148 1116 1112 1090 1047 968 915 962 977 859 938 962 956 942 925 924 914 906 896 887 759 739 601 708 737 638 762 787 770 606 592 709 704 612 654 574 645 663 605 474 485 440 463 525 675 686 531 524 716 499 582 471 465 467 474 459 565 447 427 702 684 668 627 487 613
1719 1716 1376 1323 1610 1401 1623 1382 1384 1365 1355 1570 1276 1509 1180 1145 1206 1103 1142 1141 1118 1121 1107 1059 1024 985 875 956 983 933 964 961 976 958 967 922 904 898 675 884 678 731 712 763 708 694 688 683 703 780 620 771 569 831 759 802 639 591 760 523 486 432 451 523 683 672 517 741 736 488 446 444 448 466 475 475 451 462 558 686 534 637 664 651 607
1741 1726 1697 1404 1617 1405 1344 1396 1386 1575 1295 1486 1567 1292 1241 1220 1133 1126 1082 1123 1115 1138 1076 1049 1007 923 901 1037 986 975 971 976 970 914 851 809 863 803 733 752 630 732 777 713 792 719 651 566 692 648 690 698 660 821 815 618 521 699 752 481 482 428 554 493 523 659 513 529 734 445 431 435 455 477 486 696 487 554 554 690 519 607 604 588 582
1493 1481 1719 1445 1682 1665 1621 1376 1592 1324 1488 1211 1238 1291 1286 1261 1448 1193 1098 1111 1170 1130 1064 1070 1021 978 1045 948 991 984 964 1037 965 934 890 807 758 843 819 772 835 853 677 770 847 848 700 682 673 667 662 659 813 789 718 566 633 800 585 584 580 561 549 445 734 702 528 517 518 457 554 438 454 464 675 692 500 631 426 421 551 626 575 478 482
1622 1632 1701 1692 1694 1395 1395 1651 1625 1358 1213 1229 1268 1282 1226 1212 1204 1138 1120 1121 1165 1081 1076 1076 1042 1015 976 944 975 971 975 977 1031 925 849 834 807 893 883 858 867 863 706 850 824 840 767 774 669 672 836 651 783 819 576 635 632 815 557 577 548 566 456 504 527 692 515 488 498 473 420 422 439 474 659 499 510 671 428 429 409 671 604 487 512
1542 1528 1312 1629 1665 1392 1616 1637 1598 1342 1268 1260 1260 1255 1201 1174 1086 1116 1170 1158 1376 1114 1115 1087 1040 1012 928 953 872 961 965 1019 958 924 889 898 857 889 888 874 860 860 842 833 822 835 727 633 578 687 821 762 815 708 715 528 528 820 571 567 558 548 557 505 523 691 509 477 482 468 439 416 440 457 473 454 454 624 430 410 546 490 475 495 517
1336 1253 1495 1589 1400 1614 1637 1391 1557 1526 1551 1530 1254 1441 1191 1112 1103 1099 1187 1197 1175 1171 1144 1089 1045 1008 989 979 1005 919 970 1015 976 947 944 935 896 896 880 867 880 853 839 843 824 810 807 793 795 813 771 809 673 649 522 635 661 640 592 541 630 720 536 490 523 514 498 467 448 442 431 412 419 446 418 410 413 423 413 674 541 638 579 504 533
1393 1450 1255 1322 1611 1351 1632 1382 1548 1288 1272 1285 1453 1164 1169 1135 1176 1113 1171 1210 1165 1176 1158 1115 1037 1004 1009 1001 957 965 995 981 1013 1003 912 902 900 883 874 866 835 792 694 752 765 806 811 816 794 774 769 792 630 523 663 666 642 561 677 772 535 564 564 514 521 513 485 465 443 429 409 407 533 532 406 543 544 544 542 635 623 628 484 473 510
1622 1482 1408 1486 1301 1584 1381 1624 1529 1263 1296 1294 1267 1279 1202 1185 1406 1116 1178 1225 1433 1184 1192 1177 1164 1053 1032 1020 979 1048 1065 944 923 1004 900 820 738 837 839 841 768 894 720 680 722 674 691 665 785 797 798 784 571 637 701 547 442 744 817 812 556 531 455 517 513 480 468 420 418 525 405 526 526 529 408 404 545 538 541 624 576 578 482 602 475
1654 1477 1335 1198 1258 1555 1613 1532 1504 1548 1328 1320 1495 1268 1250 1453 1271 1221 1238 1205 1139 1103 1124 1079 1157 1119 1083 1072 1058 985 973 1042 1014 949 908 862 767 756 701 736 645 686 679 702 690 668 685 661 657 663 788 710 536 670 733 540 540 816 778 650 529 406 446 482 456 416 521 412 402 401 401 521 542 531 442 525 537 533 538 515 613 471 509 584 584
1423 1234 1388 1184 1245 1541 1601 1534 1263 1610 1555 1315 1249 1318 1303 1485 1249 1205 1159 1369 1121 1065 1118 1054 1106 1148 1114 1100 973 913 940 947 928 934 969 878 824 719 733 785 711 644 725 736 620 769 663 688 580 649 678 684 644 673 584 429 424 610 622 646 420 458 559 543 537 523 551 395 514 405 524 416 412 546 522 399 539 526 632 638 602 584 540 483 487
1690 1502 1464 1239 1238 1311 1541 1603 1618 1351 1576 1253 1287 1325 1478 1466 1205 1148 1148 1141 1112 1059 1073 1035 1047 1056 1061 963 935 831 925 935 906 913 940 901 873 841 845 847 838 827 909 813 803 782 725 659 689 679 683 560 644 659 414 437 550 791 586 559 411 490 514 420 548 737 590 578 392 427 436 534 685 542 400 540 537 534 507 468 472 521 547 495 514
1645 1575 1329 1530 1463 1342 1332 1598 1331 1336 1337 1351 1315 1509 1234 1233 1176 1164 1285 1109 1092 1041 1047 1012 993 973 980 976 1088 830 752 912 809 867 934 929 873 862 854 847 830 822 816 804 747 732 678 660 651 651 655 641 650 716 563 526 532 671 583 576 436 460 530 509 692 592 545 577 388 426 387 544 638 542 533 639 394 521 523 613 603 513 545 519 520
1641 1607 1609 1378 1527 1609 1635 1596 1409 1309 1487 1263 1247 1466 1181 1229 1113 1152 1089 1081 1069 1039 1015 1120 1050 909 961 937 813 812 723 749 870 860 890 893 848 758 833 732 821 777 587 634 720 720 683 705 763 709 521 649 711 552 410 422 608 689 762 518 446 450 587 738 576 541 646 704 519 423 554 649 639 631 621 507 524 388 512 585 576 517 539 541 518
1384 1538 1634 1437 1630 1619 1602 1577 1512 1234 1384 1160 1410 1456 1154 1158 1088 1100 1087 1056 1040 1004 925 955 837 794 942 879 811 753 719 725 817 840 872 874 866 778 676 676 698 691 685 677 660 681 718 665 544 727 659 706 600 439 467 520 596 681 750 549 514 524 394 733 561 665 668 563 509 499 689 498 573 456 456 622 522 510 624 651 634 478 540 397 537
1690 1698 1681 1655 1640 1580 1304 1307 1521 1447 1228 1299 1129 1089 1116 1162 1085 1078 1244 1185 997 965 837 765 758 853 895 751 760 773 774 713 709 709 921 864 840 670 662 613 660 654 663 603 661 725 689 734 538 733 694 615 431 704 457 400 593 549 666 682 592 503 500 441 681 622 564 524 498 382 534 611 452 602 572 623 517 383 517 516 612 505 535 537 526
1695 1683 1664 1658 1414 1605 1404 1522 1498 1450 1211 1166 1096 1142 1110 1141 1063 1060 1230 1010 1101 843 781 784 779 983 840 845 807 731 780 721 738 768 838 845 800 798 657 613 677 682 698 609 608 727 552 548 537 708 733 591 406 483 451 529 595 717 708 650 675 555 534 710 483 561 404 372 489 380 398 635 565 490 501 604 516 510 624 590 586 482 530 533 533
1681 1653 1597 1573 1573 1608 1543 1541 1287 1253 1224 1363 1172 1139 1092 1065 1025 1035 1043 1018 1094 853 788 778 751 835 777 645 719 735 631 629 735 680 707 837 808 764 667 683 747 656 575 667 649 684 603 736 737 553 721 569 458 488 400 669 584 731 589 513 659 524 570 653 593 555 383 371 487 509 531 506 447 491 535 454 592 494 464 513 530 476 518 525 533
1669 1426 1564 1495 1464 1475 1491 1482 1213 1390 1217 1174 1148 1122 1101 1237 1028 1014 1001 976 976 836 773 667 764 754 730 789 640 781 625 618 615 762 804 822 795 807 752 750 736 760 669 647 682 638 658 667 703 414 535 402 488 510 467 509 569 558 647 624 609 568 671 640 643 650 508 502 513 520 646 571 567 453 535 546 509 492 529 538 518 498 528 525 526
1556 1538 1522 1406 1197 1410 1230 1309 1483 1147 1184 1353 1136 1264 1098 1056 1006 1069 958 940 1049 825 801 818 783 751 731 762 639 552 649 622 757 712 693 880 835 770 746 644 679 632 722 590 572 701 581 585 724 541 521 415 685 513 468 390 555 704 630 474 584 648 596 473 626 642 534 536 668 517 515 518 498 621 456 538 542 539 530 529 530 397 530 518 514
1344 1326 1376 1378 1301 1304 1163 1212 1428 1268 1201 1137 1245 1082 1072 1213 998 963 810 780 764 787 814 669 662 782 762 776 810 755 774 618 719 680 786 780 683 597 724 640 595 724 688 712 721 530 445 560 577 685 417 473 514 512 471 499 533 560 656 591 456 449 573 643 513 469 662 497 507 524 379 515 378 496 568 527 536 536 535 528 532 528 525 522 518
1189 1291 1137 1129 1098 1113 1295 1260 1260 1408 1203 1162 1171 1171 1187 1045 996 852 774 793 786 787 807 739 679 658 795 547 559 528 626 764 674 720 749 720 638 681 635 674 687 628 644 701 532 468 497 517 514 529 397 587 634 636 509 496 519 693 626 598 593 446 573 577 648 435 505 463 488 647 516 513 372 639 494 479 521 527 503 529 391 516 521 521 522
1356 1123 1185 1072 1077 1209 1233 1199 1159 1413 1094 1122 1015 903 1017 1034 970 879 797 765 780 805 820 685 688 841 575 678 641 773 619 729 680 751 729 666 707 642 733 694 680 667 581 697 533 523 435 515 495 427 412 466 612 642 674 406 492 545 516 488 467 581 439 569 589 600 562 436 475 513 493 504 638 367 504 458 470 483 503 524 526 515 520 521 514
1174 1214 959 870 886 1130 904 1157 1223 1197 1153 1076 975 929 1137 1010 1117 921 942 799 647 795 835 589 847 579 577 570 785 750 701 690 667 692 684 693 731 671 667 619 631 657 711 708 571 523 684 513 573 481 575 677 596 626 671 432 520 547 527 634 611 589 460 616 437 563 441 437 470 501 629 345 505 483 501 458 485 520 524 526 518 520 515 517 511
1268 1208 904 869 892 997 948 1044 1198 1121 1328 1075 942 960 992 980 1028 838 893 782 765 813 736 704 575 570 660 558 635 772 622 760 611 713 654 585 728 724 712 671 631 621 667 699 701 557 536 508 470 502 514 504 609 510 442 423 509 537 655 512 508 605 643 508 640 503 493 578 629 494 622 505 363 480 498 493 492 478 521 528 514 390 511 512 386
1166 1171 872 884 865 845 882 1143 1216 1317 1271 1216 927 971 1092 957 901 866 822 752 775 835 601 575 714 705 745 568 809 758 564 770 607 722 695 591 593 578 582 676 622 661 665 699 691 530 402 657 491 488 491 512 613 509 488 387 524 532 516 639 507 496 643 621 484 501 444 443 566 483 345 364 481 361 349 462 498 512 517 522 518 516 511 511 511
952 967 861 850 846 850 860 1102 1053 1269 1169 1033 1022 977 1041 935 841 847 886 755 775 701 850 684 651 646 692 714 560 562 628 615 625 602 725 584 539 785 710 687 558 683 641 672 690 513 506 454 392 539 458 508 639 481 517 518 519 515 633 629 639 650 375 603 443 590 589 469 454 483 492 495 362 624 472 480 499 516 514 518 388 511 510 510 381
743 875 853 1001 942 868 892 1061 1032 1112 1069 1189 910 880 1046 1015 902 850 855 767 656 711 737 622 585 586 611 590 607 692 672 564 763 494 604 608 743 465 558 572 692 694 561 669 660 672 516 516 498 400 490 498 505 457 513 376 528 642 636 636 645 514 370 472 586 462 446 505 579 471 494 497 486 358 493 474 504 514 510 392 515 508 507 508 505
898 769 1074 1151 1040 1021 857 888 940 1160 1198 1032 925 790 840 1000 887 760 749 750 797 719 696 597 583 597 590 586 587 617 637 640 559 643 694 670 478 737 729 562 699 693 554 675 681 547 515 538 531 384 544 507 508 485 522 520 512 499 483 637 511 506 503 624 462 462 517 456 597 485 494 495 492 487 489 480 486 480 512 509 510 505 504 504 504
1068 1039 1043 1173 1172 1086 1107 1071 1048 1131 1184 1187 926 995 889 848 881 752 770 781 845 719 722 591 584 594 595 588 585 588 586 604 541 647 630 550 704 685 542 549 558 434 552 549 539 543 505 662 654 510 398 498 495 487 511 519 643 642 475 485 504 373 501 629 479 522 488 592 458 483 496 356 492 488 473 502 480 503 509 510 502 506 507 506 504
1225 1054 1086 1055 1205 1104 1164 997 1040 1010 1016 1136 1101 1021 786 758 813 753 759 688 714 841 681 587 581 585 587 584 581 589 601 592 590 593 579 660 601 623 500 549 549 430 534 671 677 535 404 403 518 509 392 491 532 484 517 516 643 479 623 633 641 638 495 606 488 529 490 458 601 481 632 348 491 625 478 481 496 509 503 504 501 501 502 505 504
1298 1270 1113 1273 1095 1166 1032 1066 923 958 974 981 1101 931 815 767 751 743 743 655 711 622 700 609 583 579 579 579 583 578 592 614 623 619 588 577 621 541 528 761 481 538 761 514 640 510 660 527 647 525 498 495 522 388 514 643 653 630 492 649 503 491 488 482 531 518 485 472 467 472 642 490 503 479 497 499 499 509 498 374 497 498 499 503 504
1405 1225 1364 1294 1180 1023 906 840 943 958 1016 1094 899 843 769 787 746 740 737 760 702 740 729 649 590 582 584 597 625 608 577 593 594 616 607 585 640 629 667 671 531 599 532 481 511 498 503 524 637 395 488 483 381 386 504 505 655 488 496 481 647 474 475 504 526 499 478 470 470 498 502 492 503 636 489 501 508 376 496 496 495 496 497 502 375
1336 1304 1235 1204 1049 1169 1116 1047 987 922 917 1082 962 790 794 797 743 744 619 747 825 735 833 654 601 590 591 601 644 638 583 592 610 594 598 599 643 574 577 626 659 676 639 502 493 533 527 524 508 519 499 423 697 505 502 506 652 638 488 504 485 514 496 516 519 513 500 485 476 502 491 499 486 496 505 505 495 494 370 492 493 493 495 500 372
1204 1250 1155 1068 884 942 1031 924 891 795 851 881 766 757 787 789 767 765 731 736 790 737 604 675 614 587 586 591 599 574 577 589 584 592 614 604 609 587 570 585 651 693 578 506 481 455 526 515 632 649 498 489 428 510 497 504 645 652 492 494 521 521 518 520 519 509 500 486 481 375 352 492 653 493 505 504 491 492 489 490 490 492 377 372 495
1140 1164 1085 942 812 805 841 860 778 778 777 761 662 775 751 797 807 743 689 762 715 740 855 796 625 586 577 574 573 580 576 581 595 640 593 591 603 586 569 611 666 687 522 463 455 545 409 503 628 651 637 389 423 498 494 652 504 522 521 513 524 519 518 518 511 508 500 488 486 652 499 354 362 500 506 500 494 493 487 490 497 497 495 494 494
1100 1028 937 806 816 801 853 796 815 773 762 797 736 812 741 735 783 838 793 802 829 740 865 816 642 599 575 571 575 580 572 593 598 590 578 590 592 612 571 571 641 530 521 451 521 515 409 517 517 509 509 388 400 505 491 652 499 512 523 518 518 519 511 512 507 505 503 498 492 376 518 519 519 503 504 498 491 488 487 502 490 490 491 373 491
