data/layers/bio12.asc
NCOLS 507 
NROWS 956 
XLLCORNER -77.7833333333333 
YLLCORNER 0 
CELLSIZE 0.00833333333333335 
NODATA_value -3.4e+38 
[rows 432 to 467 of 956, columns 158 to 236 of 507]
1441 1358 1281 1543 1539 1373 1491 1592 1594 1724 1512 1494 1070 1121 1440 1445 1496 1475 1479 1561 1565 1565 1691 1516 1475 1483 1493 1517 1416 1418 1366 1166 1223 1138 1181 1173 1193 1177 1193 1199 1203 1211 1213 1223 1232 1243 1256 1268 1283 1299 1312 1327 1343 1356 1363 1373 1382 1386 1398 1408 1424 1483 1483 1675 1806 1789 1740 1722 1700 1693 1685 1693 1615 1626 1689 1750 1752 1745 1820
1428 1255 1472 1491 1318 1310 1226 1439 1128 1495 1522 1318 1059 1045 1078 1398 1472 1494 1525 1499 1491 1551 1519 1484 1470 1481 1472 1413 1362 1348 1126 1147 1166 1151 1153 1168 1199 1202 1202 1208 1214 1220 1229 1237 1248 1260 1275 1287 1305 1325 1341 1365 1376 1388 1393 1402 1409 1410 1419 1427 1448 1537 1532 1583 1858 1778 1768 1742 1767 1741 1721 1700 1642 1655 1701 1766 1873 1797 1833
1599 1487 1271 1573 1383 1371 1254 1176 1144 1130 1177 1121 1400 1186 1211 1552 1620 1636 1635 1624 1547 1492 1489 1473 1484 1459 1420 1380 1234 1152 1349 1134 1154 1184 1185 1198 1204 1206 1209 1220 1225 1229 1241 1253 1261 1276 1291 1309 1327 1355 1371 1384 1391 1396 1405 1413 1424 1433 1440 1449 1470 1608 1555 1628 1855 1721 1756 1821 1828 1769 1740 1695 1665 1699 1728 1808 1816 1815 1863
1771 1756 1518 1288 1203 1259 1330 1436 1444 1491 1465 1320 1383 1380 1459 1484 1503 1512 1565 1655 1600 1562 1569 1514 1473 1419 1397 1425 1462 1512 1557 1276 1146 1189 1197 1202 1207 1213 1219 1227 1234 1243 1253 1266 1279 1292 1310 1328 1353 1380 1362 1393 1387 1409 1415 1451 1454 1450 1460 1470 1487 1555 1613 1658 1835 1808 1812 1909 1857 1781 1774 1692 1752 1731 1746 1819 1842 1856 1874
1336 1292 1279 1440 1462 1542 1537 1513 1689 1720 1527 1406 1358 1525 1576 1557 1560 1535 1526 1599 1668 1653 1617 1526 1479 1425 1441 1492 1527 1530 1513 1448 1176 1184 1206 1211 1215 1221 1226 1235 1243 1253 1264 1279 1291 1306 1326 1346 1366 1389 1407 1444 1401 1413 1438 1456 1452 1468 1476 1485 1524 1608 1649 1810 1970 1887 1854 1959 1882 1808 1757 1715 1752 1758 1777 1903 1872 1883 1897
1545 1383 1584 1458 1507 1592 1776 1721 1855 1647 1514 1454 1302 1601 1680 1625 1678 1684 1580 1573 1602 1645 1543 1548 1466 1464 1506 1339 1467 1402 1241 1184 1156 1166 1212 1216 1221 1229 1234 1243 1253 1262 1273 1289 1304 1322 1340 1362 1381 1399 1438 1459 1449 1437 1441 1458 1471 1481 1489 1502 1567 1595 1626 1725 1936 1948 1961 1981 1942 1859 1762 1792 1855 1920 1870 1955 1911 2027 1964
1342 1500 1647 1559 1583 1663 1811 1872 1864 1641 1528 1506 1488 1630 1719 1603 1705 1744 1611 1618 1584 1581 1536 1552 1529 1547 1524 1326 1173 1139 1145 1200 1210 1212 1216 1220 1227 1235 1241 1251 1261 1272 1284 1298 1315 1333 1357 1374 1399 1428 1469 1451 1460 1445 1517 1477 1477 1493 1505 1532 1561 1577 1647 1737 1861 1990 2003 2027 2006 1827 1838 1905 1999 2067 2037 2020 2022 2064 2046
1514 1527 1670 1600 1556 1677 1882 1865 1874 1650 1546 1526 1507 1599 1662 1687 1753 1749 1740 1656 1545 1543 1544 1532 1540 1594 1532 1470 1210 1142 1169 1197 1215 1215 1220 1224 1230 1238 1248 1257 1267 1279 1291 1306 1325 1347 1368 1399 1391 1452 1483 1439 1517 1517 1530 1495 1525 1521 1517 1523 1540 1558 1684 1899 1981 2006 2017 2032 2031 1858 1937 2016 2070 2106 2103 2107 2139 2114 2062
1704 1556 1646 1765 1613 1645 1868 1859 1794 1598 1530 1478 1524 1571 1660 1707 1793 1735 1633 1570 1567 1558 1555 1575 1561 1535 1455 1459 1250 1202 1156 1212 1216 1218 1222 1231 1234 1244 1252 1261 1271 1283 1300 1314 1334 1354 1383 1366 1414 1457 1482 1507 1525 1532 1502 1534 1528 1521 1530 1557 1569 1586 1738 1975 1993 2009 2020 2003 1885 1943 1948 2008 2081 2110 2117 2118 2107 2090 2103
1878 1742 1813 1799 1833 1805 1856 1851 1636 1536 1528 1597 1542 1548 1539 1681 1715 1669 1610 1604 1579 1580 1566 1595 1561 1410 1273 1347 1152 1154 1185 1215 1217 1223 1226 1232 1239 1248 1258 1266 1278 1291 1303 1321 1338 1362 1388 1379 1399 1450 1452 1456 1512 1531 1504 1515 1523 1524 1533 1573 1601 1612 1779 1979 1996 2010 2025 2035 1932 1903 1960 2077 2100 2108 2049 1967 2141 2137 2163
1865 1864 1842 1858 1825 1805 1803 1839 1668 1547 1675 1610 1647 1647 1581 1665 1697 1662 1699 1622 1591 1582 1588 1600 1519 1362 1147 1217 1151 1202 1217 1217 1222 1224 1229 1235 1241 1248 1260 1269 1278 1293 1309 1326 1345 1368 1391 1387 1421 1448 1438 1446 1514 1524 1494 1507 1536 1532 1542 1561 1587 1642 1846 1983 1998 2012 2025 2040 1974 1940 1983 2018 2098 2115 2006 1924 2120 2132 2152
1853 1810 1801 1781 1773 1784 1801 1792 1605 1565 1692 1739 1783 1630 1657 1738 1732 1744 1712 1623 1594 1592 1611 1544 1296 1141 1156 1156 1169 1266 1218 1218 1222 1226 1231 1234 1244 1251 1262 1271 1283 1296 1312 1330 1351 1371 1371 1385 1423 1432 1435 1460 1512 1518 1491 1509 1525 1540 1548 1574 1603 1762 1866 1984 1999 2012 2025 2042 2056 1987 2048 2087 2104 2110 2030 2048 2131 2140 2130
1832 1806 1780 1778 1778 1790 1806 1801 1583 1629 1710 1729 1760 1750 1761 1748 1737 1678 1626 1572 1562 1561 1562 1515 1154 1149 1174 1197 1164 1171 1218 1220 1225 1229 1233 1238 1244 1252 1260 1272 1284 1298 1314 1333 1351 1370 1380 1392 1416 1433 1445 1492 1507 1508 1506 1515 1535 1550 1558 1583 1611 1648 1878 1986 2003 2017 2020 2039 2043 2040 2083 2087 2076 2069 1837 2035 2146 2155 2161
1832 1793 1778 1782 1760 1750 1772 1687 1612 1636 1608 1619 1734 1768 1724 1726 1678 1621 1578 1561 1561 1565 1562 1380 1153 1161 1195 1204 1207 1220 1220 1225 1226 1231 1234 1238 1243 1251 1260 1270 1284 1298 1315 1334 1355 1368 1384 1399 1414 1443 1466 1489 1495 1495 1506 1522 1538 1552 1569 1593 1609 1645 1746 1950 2005 2014 2024 2041 2059 2067 2070 2094 2058 1965 1908 2055 2129 2081 2086
1793 1773 1803 1837 1773 1747 1738 1683 1702 1613 1583 1656 1721 1759 1738 1693 1626 1567 1564 1566 1567 1568 1568 1404 1162 1175 1200 1214 1219 1219 1223 1225 1225 1231 1232 1239 1242 1250 1258 1270 1284 1299 1319 1338 1358 1373 1390 1404 1421 1441 1460 1487 1500 1517 1516 1533 1543 1556 1579 1603 1619 1666 1858 1989 2005 2007 2020 2014 2062 2047 2027 2053 2005 1859 2040 2141 2149 2112 2090
1790 1817 1838 1764 1746 1764 1780 1720 1623 1565 1572 1596 1687 1730 1680 1608 1610 1569 1579 1574 1573 1577 1548 1334 1207 1167 1209 1216 1221 1223 1225 1227 1228 1230 1234 1239 1244 1251 1261 1267 1284 1305 1326 1340 1366 1380 1397 1413 1427 1450 1466 1487 1500 1512 1526 1538 1548 1564 1586 1603 1621 1657 1767 1913 1825 2016 2030 1960 2029 2012 1954 1982 1911 1851 2095 2140 2149 2154 2164
1845 1841 1805 1759 1754 1775 1646 1603 1573 1559 1561 1597 1709 1716 1609 1572 1582 1576 1594 1505 1566 1456 1303 1408 1392 1183 1216 1220 1223 1224 1229 1228 1228 1231 1233 1238 1244 1250 1258 1267 1289 1306 1322 1350 1375 1385 1400 1423 1431 1449 1464 1483 1499 1514 1528 1540 1555 1574 1591 1606 1623 1810 1726 1804 1986 2026 2038 2037 1975 2007 1838 1869 1749 1952 2122 2119 2151 2059 2131
1764 1794 1748 1743 1759 1766 1706 1697 1605 1560 1567 1598 1634 1682 1624 1567 1592 1606 1509 1482 1356 1287 1247 1372 1515 1371 1186 1223 1224 1224 1227 1228 1228 1231 1236 1240 1246 1250 1256 1278 1296 1305 1330 1357 1379 1397 1415 1430 1436 1452 1470 1486 1501 1514 1530 1543 1558 1578 1590 1606 1653 1813 1818 1905 2015 1991 1989 1959 1877 1821 1617 1643 1584 1970 2082 2128 2139 2157 2022
1756 1791 1774 1738 1724 1754 1677 1675 1571 1569 1572 1571 1576 1612 1621 1568 1617 1464 1505 1344 1215 1189 1211 1347 1567 1323 1184 1224 1225 1225 1226 1228 1230 1231 1238 1241 1243 1249 1267 1286 1305 1311 1326 1361 1376 1407 1439 1433 1443 1459 1470 1503 1500 1518 1533 1547 1563 1583 1604 1626 1692 1849 1918 1977 2007 1988 1834 1735 1647 1525 1617 1668 1647 1947 1986 2145 2135 2095 2144
1787 1859 1830 1730 1719 1745 1650 1613 1573 1561 1601 1607 1626 1571 1567 1593 1612 1418 1501 1500 1190 1179 1202 1314 1495 1433 1192 1224 1227 1230 1229 1232 1233 1236 1237 1241 1245 1254 1282 1305 1307 1325 1346 1360 1387 1418 1440 1435 1441 1456 1498 1490 1507 1521 1536 1550 1569 1584 1617 1637 1812 1914 1977 2000 2002 1900 1758 1755 1662 1574 1791 1739 1640 1769 1843 2045 2144 2108 2174
1800 1795 1787 1738 1718 1733 1627 1567 1570 1583 1621 1568 1440 1660 1643 1654 1382 1457 1500 1197 1173 1197 1201 1282 1437 1193 1210 1229 1230 1232 1232 1233 1236 1240 1241 1246 1251 1258 1295 1305 1313 1328 1352 1376 1390 1408 1424 1435 1449 1465 1481 1494 1539 1543 1541 1558 1573 1597 1622 1735 1798 1971 1991 1999 1968 1905 1870 1822 1677 1766 1861 1696 1768 1676 1974 2088 2157 2130 2135
1737 1753 1824 1747 1703 1712 1671 1593 1562 1570 1586 1421 1271 1207 1270 1177 1239 1440 1342 1175 1180 1231 1206 1220 1189 1225 1228 1232 1233 1233 1235 1236 1240 1242 1246 1251 1257 1272 1294 1310 1325 1335 1361 1399 1411 1429 1446 1444 1458 1475 1492 1520 1570 1553 1558 1562 1595 1602 1631 1831 1894 1977 1992 1992 2019 2014 1992 1907 1760 1904 1824 1648 1819 1759 1890 2076 2162 2159 2083
1724 1734 1786 1713 1705 1711 1631 1585 1557 1602 1563 1581 1574 1694 1282 1208 1179 1303 1184 1186 1200 1274 1224 1224 1205 1228 1230 1232 1237 1236 1239 1241 1243 1246 1249 1255 1261 1271 1285 1322 1337 1366 1392 1403 1411 1419 1442 1459 1472 1491 1511 1540 1691 1689 1576 1570 1598 1616 1643 1721 1952 1947 1958 2008 2021 2026 2026 1918 1875 1980 1828 1647 1867 1844 1997 2133 2162 2154 2049
1727 1713 1762 1699 1699 1704 1668 1603 1554 1563 1569 1570 1580 1516 1183 1182 1184 1181 1193 1203 1186 1193 1189 1230 1198 1229 1231 1233 1237 1238 1242 1244 1246 1251 1257 1262 1272 1296 1289 1311 1341 1374 1392 1415 1409 1416 1443 1462 1506 1509 1538 1625 1752 1752 1586 1580 1617 1634 1707 1846 1958 1936 1997 1989 1985 1990 2050 2045 2014 1976 1886 1912 1871 1816 2052 2151 2112 2071 2075
1717 1703 1746 1687 1691 1698 1637 1578 1556 1558 1562 1575 1644 1279 1179 1246 1226 1197 1200 1207 1212 1212 1208 1203 1226 1231 1235 1237 1240 1243 1245 1249 1251 1256 1261 1264 1279 1313 1299 1311 1348 1361 1378 1404 1405 1423 1450 1480 1527 1622 1782 1839 1830 1747 1594 1585 1628 1654 1812 1890 1915 1986 1997 1931 1764 1874 2052 1977 1801 1672 1938 1946 1783 1862 2057 2139 2061 1888 2008
1708 1739 1712 1678 1689 1691 1672 1596 1568 1567 1557 1559 1651 1213 1261 1537 1687 1190 1201 1201 1214 1215 1221 1224 1228 1233 1236 1241 1240 1245 1248 1252 1258 1260 1266 1271 1296 1315 1312 1314 1344 1344 1369 1394 1408 1444 1479 1603 1728 1801 1845 1850 1775 1603 1583 1597 1626 1669 1840 1837 1971 1964 1988 1840 1633 1778 1946 2054 1967 1634 1878 1905 1759 1907 2040 2127 1968 1614 1706
1703 1714 1678 1691 1678 1680 1604 1550 1601 1636 1630 1609 1383 1229 1477 1683 1302 1184 1219 1206 1212 1215 1221 1227 1229 1236 1239 1241 1244 1248 1253 1258 1260 1265 1271 1285 1305 1344 1334 1345 1337 1385 1390 1408 1420 1460 1531 1766 1817 1834 1846 1834 1670 1599 1593 1620 1650 1772 1860 1951 1947 1831 1903 1763 1494 1586 1663 2004 2020 1529 1782 1808 1756 1975 2067 1988 1634 1454 1883
1733 1682 1682 1671 1651 1656 1644 1544 1548 1607 1532 1476 1239 1269 1663 1653 1263 1221 1276 1191 1217 1219 1223 1228 1230 1236 1238 1243 1245 1249 1256 1260 1263 1267 1275 1295 1317 1341 1335 1346 1370 1355 1396 1422 1447 1493 1687 1812 1819 1822 1849 1776 1686 1603 1633 1639 1788 1893 1890 1965 1969 1884 1692 1673 1626 1773 1754 1991 1828 1569 1490 1681 1935 1916 1852 1872 1506 1295 1706
1706 1674 1677 1648 1578 1551 1545 1574 1586 1617 1383 1239 1302 1651 1607 1625 1341 1268 1311 1193 1218 1221 1225 1230 1233 1236 1238 1245 1247 1253 1256 1262 1268 1274 1280 1293 1344 1331 1334 1353 1378 1405 1381 1424 1459 1512 1708 1811 1778 1833 1826 1625 1610 1623 1730 1785 1884 1796 1917 1967 1976 1884 1494 1408 1653 1912 1998 2026 1552 1387 1317 1554 1871 1612 1825 1940 1266 1243 1435
1688 1676 1651 1542 1586 1622 1536 1498 1455 1386 1310 1272 1507 1634 1613 1566 1227 1242 1198 1200 1218 1221 1224 1227 1232 1236 1242 1244 1252 1257 1259 1265 1271 1277 1283 1290 1301 1314 1327 1352 1385 1413 1385 1400 1431 1485 1734 1817 1809 1840 1700 1659 1685 1753 1819 1915 1914 1856 1896 1962 1874 1692 1262 1216 1403 1610 1756 1970 1550 1270 1382 1341 1725 1471 1323 1411 1198 1191 1550
1669 1665 1610 1567 1540 1527 1543 1575 1578 1590 1522 1376 1558 1582 1609 1276 1185 1279 1209 1214 1216 1219 1224 1227 1231 1236 1241 1245 1253 1260 1266 1271 1274 1280 1288 1296 1306 1328 1333 1352 1371 1424 1438 1443 1424 1496 1734 1819 1831 1818 1734 1681 1809 1878 1902 1914 1824 1832 1958 1960 1793 1555 1284 1240 1445 1645 1539 1952 1698 1501 1448 1391 1536 1303 1217 1257 1191 1339 1286
1666 1661 1655 1653 1583 1571 1527 1543 1533 1545 1595 1380 1607 1587 1463 1178 1183 1256 1191 1213 1216 1217 1220 1227 1230 1233 1239 1247 1253 1262 1268 1274 1278 1283 1288 1301 1322 1328 1343 1362 1389 1426 1467 1480 1493 1510 1604 1817 1830 1781 1681 1683 1777 1797 1767 1817 1741 1917 1956 1974 1935 1796 1319 1241 1363 1282 1367 1992 1802 1273 1237 1257 1253 1205 1153 1184 1143 1167 1147
1677 1650 1641 1647 1617 1553 1524 1535 1533 1534 1556 1550 1567 1599 1202 1179 1179 1201 1207 1209 1212 1217 1220 1224 1228 1234 1240 1246 1254 1261 1266 1270 1277 1285 1291 1301 1317 1340 1353 1371 1414 1430 1468 1497 1586 1672 1548 1747 1764 1657 1612 1648 1695 1794 1852 1869 1873 1944 1950 1846 1920 1737 1314 1240 1219 1263 1509 1935 1359 1271 1229 1247 1169 1169 1200 1157 1141 1138 1131
1648 1654 1634 1639 1616 1541 1519 1527 1529 1542 1567 1546 1543 1272 1196 1182 1194 1201 1203 1206 1208 1212 1216 1220 1226 1229 1237 1244 1253 1259 1264 1269 1278 1286 1294 1302 1315 1371 1372 1401 1463 1459 1491 1549 1708 1769 1671 1523 1609 1616 1721 1761 1844 1795 1862 1907 1936 1917 1849 1391 1475 1348 1204 1190 1194 1433 1446 1982 1762 1590 1767 1388 1310 1509 1337 1178 1144 1127 1388
1642 1641 1641 1602 1539 1520 1545 1522 1520 1529 1531 1534 1531 1281 1172 1181 1188 1193 1198 1202 1206 1210 1212 1218 1222 1227 1235 1241 1249 1254 1260 1268 1277 1285 1295 1306 1325 1378 1388 1443 1486 1488 1536 1611 1773 1805 1766 1722 1679 1753 1851 1839 1874 1899 1829 1926 1941 1863 1635 1241 1257 1200 1189 1197 1218 1263 1293 1941 1860 1824 1846 1778 1678 1450 1212 1131 1125 1168 1520
1644 1631 1632 1569 1555 1587 1564 1558 1537 1535 1533 1531 1558 1305 1169 1181 1183 1191 1193 1196 1200 1206 1208 1216 1218 1224 1230 1237 1246 1252 1258 1267 1279 1284 1299 1312 1343 1364 1373 1433 1508 1516 1559 1663 1786 1808 1813 1794 1764 1825 1862 1878 1892 1894 1909 1931 1895 1856 1483 1577 1424 1212 1185 1180 1176 1196 1644 1677 1447 1386 1448 1623 1865 1324 1140 1161 1143 1296 1562
