data/layers/bio10.asc
NCOLS 507 
NROWS 956 
XLLCORNER -77.7833333333333 
YLLCORNER 0 
CELLSIZE 0.00833333333333335 
NODATA_value -3.4e+38 
[rows 234 to 272 of 956, columns 264 to 351 of 507]
143 131 139 140 147 143 150 156 161 170 165 164 164 162 161 163 170 170 171 171 169 167 163 162 146 150 150 150 151 151 151 148 140 135 145 153 156 156 159 161 163 178 176 167 163 173 176 177 194 210 220 222 228 224 221 211 226 231 243 246 250 249 245 236 224 214 223 218 209 217 228 234 235 237 250 253 244 268 257 254 250 246 242 239 241 241 246 248
153 138 151 143 153 151 151 157 165 175 171 162 163 160 155 159 164 166 170 168 164 140 152 156 149 149 151 151 152 151 150 148 139 140 142 150 154 155 156 159 161 159 160 165 176 176 187 199 205 211 224 233 242 229 222 212 222 227 240 242 245 251 247 238 228 220 226 232 222 220 227 233 242 229 239 260 260 261 244 245 247 247 241 240 241 241 251 253
164 155 153 159 166 165 162 168 177 173 165 162 162 155 153 150 159 165 165 164 159 144 144 143 149 151 151 151 150 151 151 149 139 140 143 149 147 153 156 161 158 156 158 167 184 199 215 220 227 214 242 236 233 240 231 217 218 213 223 232 243 252 250 248 237 224 227 231 234 232 233 240 245 228 239 245 260 262 251 242 242 243 241 239 241 242 252 249
172 178 166 162 160 171 172 180 185 165 161 163 162 158 154 153 154 160 159 157 142 144 148 144 150 151 151 152 151 152 151 149 138 139 141 142 146 155 157 159 156 157 163 176 204 234 230 231 236 240 237 221 224 237 242 237 242 220 216 220 235 249 246 245 244 228 231 223 229 238 239 234 245 240 235 239 255 266 263 252 241 242 239 241 242 246 248 256
170 178 179 176 169 173 169 178 186 175 174 167 157 160 157 159 157 154 151 149 147 151 150 148 150 151 151 152 152 152 152 151 148 139 135 134 144 150 158 158 156 159 166 178 207 225 233 236 224 222 229 207 214 223 232 241 239 230 219 222 240 246 251 245 248 246 233 224 228 236 243 244 248 251 246 256 255 255 254 255 241 242 239 241 244 245 250 259
180 175 176 184 184 185 178 189 194 189 170 172 167 161 155 153 150 153 150 146 147 151 151 149 150 150 152 151 152 151 152 152 150 143 139 138 143 150 156 157 155 164 169 194 208 223 237 206 198 215 215 183 198 215 226 243 244 224 209 220 230 237 253 255 258 257 247 237 219 231 232 235 245 249 259 245 243 267 259 249 245 239 240 241 244 254 257 254
195 189 182 178 175 180 190 191 194 185 172 167 171 171 159 153 146 155 151 151 152 159 150 148 150 152 151 150 151 150 151 151 151 149 136 141 146 155 155 153 156 170 196 214 227 233 222 180 177 195 195 178 194 202 236 244 243 223 211 207 221 224 241 251 257 250 248 240 226 217 220 225 230 236 237 244 249 261 251 247 241 239 241 245 245 249 250 248
195 205 202 186 191 176 175 186 191 197 183 167 183 196 169 163 154 157 155 154 157 162 151 143 149 151 151 152 151 148 147 147 152 150 143 141 146 149 154 154 160 177 207 223 229 221 175 172 173 209 210 212 218 219 231 238 242 231 214 205 219 231 238 241 249 252 237 243 233 218 221 217 210 225 237 257 259 244 242 240 245 240 245 244 248 250 248 248
192 201 217 210 198 191 159 159 185 197 193 191 206 210 192 172 162 159 163 155 159 166 159 153 147 146 151 154 153 149 150 152 151 150 149 141 148 151 151 158 170 180 188 217 219 178 174 176 196 217 237 217 230 236 240 241 250 238 224 236 229 223 229 233 239 254 258 252 240 232 224 212 214 236 253 255 250 251 242 240 245 243 242 244 246 249 248 258
185 197 218 210 208 191 178 159 169 193 203 214 224 206 192 189 177 172 173 168 165 168 164 158 153 147 154 154 152 154 153 147 150 151 149 138 146 148 153 162 180 208 214 221 218 203 180 195 214 216 239 231 243 250 252 254 255 247 239 244 237 226 242 251 250 262 250 253 254 248 231 222 220 237 259 253 242 244 244 239 241 241 238 239 247 251 248 260
183 185 210 226 215 202 194 169 165 182 184 204 226 211 188 179 177 167 161 156 160 164 161 159 153 156 157 154 157 155 151 150 151 153 151 150 145 149 156 176 179 219 206 213 193 175 178 202 218 230 242 247 246 248 242 235 244 248 254 256 242 230 238 257 252 254 261 259 260 253 250 236 239 253 266 262 252 241 241 239 237 238 240 241 249 247 250 264
183 192 209 230 226 214 186 166 157 172 187 196 225 225 200 173 178 169 160 161 156 156 156 159 159 158 156 150 152 151 152 155 153 155 148 154 162 160 161 176 191 209 189 197 180 173 184 207 224 226 245 234 239 238 235 219 226 238 241 253 249 245 247 257 243 245 243 258 251 264 260 252 253 259 253 262 252 238 239 238 236 240 240 244 245 248 259 267
189 192 204 230 230 207 188 185 168 184 200 215 230 228 193 182 173 173 169 161 160 156 154 158 155 152 151 152 152 155 156 156 151 144 138 149 162 170 174 179 201 207 171 185 187 183 193 214 226 238 232 224 232 233 228 229 242 253 257 257 257 256 250 256 235 239 257 250 242 243 257 259 261 255 262 257 242 243 242 239 236 241 244 247 246 246 266 269
195 190 212 229 233 226 212 194 173 194 213 233 229 225 215 180 170 172 169 170 166 162 152 147 151 144 145 151 154 156 156 154 150 146 143 137 159 170 166 186 194 168 171 178 187 189 207 228 232 242 228 226 235 237 240 241 246 244 240 250 243 244 243 255 253 235 255 244 242 236 247 245 254 259 261 250 240 242 241 238 237 241 244 245 247 250 262 272
191 190 209 228 237 228 201 190 185 188 218 235 212 197 209 182 165 169 164 166 166 163 163 152 145 142 147 147 155 158 157 154 152 150 143 141 155 164 166 175 192 172 180 185 188 202 220 231 237 227 230 224 233 237 232 237 240 227 229 235 235 230 233 250 254 240 248 238 228 231 231 241 262 255 251 246 241 241 239 238 236 244 245 247 245 255 266 268
211 193 222 230 238 229 218 195 207 199 229 237 213 189 183 187 163 162 163 153 154 153 159 164 149 153 154 157 159 156 152 154 154 152 147 145 157 160 157 169 188 174 178 184 186 204 220 229 225 208 214 218 232 225 224 227 225 215 224 229 233 231 243 259 249 236 238 231 222 223 225 239 258 248 252 242 241 240 233 239 238 242 246 247 244 258 264 266
214 196 208 225 234 240 229 226 224 212 222 234 233 211 179 165 164 160 158 151 144 141 147 150 158 155 156 160 159 155 156 157 154 153 154 150 154 154 164 171 181 180 170 187 180 190 215 216 191 196 195 215 218 209 220 227 220 241 247 235 253 255 261 256 251 243 224 223 226 232 235 246 257 244 250 241 240 238 236 238 242 244 247 245 245 262 270 265
226 203 200 222 235 243 248 243 238 231 237 240 229 198 177 165 160 159 158 154 148 140 141 144 144 147 154 158 157 158 153 155 156 154 154 153 152 148 161 160 187 163 168 186 174 187 198 199 171 182 196 203 199 210 220 223 230 241 256 258 246 246 255 247 239 236 221 216 214 242 247 254 250 244 248 242 239 237 237 244 243 245 246 244 259 265 266 266
235 221 210 215 233 249 244 230 236 241 234 228 209 183 166 155 154 155 157 152 147 143 140 139 140 148 151 152 153 155 154 149 153 152 152 151 148 150 154 165 179 168 162 178 177 196 210 202 194 202 198 191 186 207 213 212 224 247 255 243 243 255 244 228 231 222 228 220 228 250 251 257 239 247 246 242 241 236 236 243 244 246 245 243 253 269 266 264
238 229 232 223 233 251 242 228 223 212 206 196 199 183 159 159 162 156 153 153 145 139 141 141 143 141 137 142 154 152 154 153 151 150 147 148 145 138 141 151 175 164 163 174 175 194 216 219 215 217 195 201 191 194 220 225 229 250 248 234 251 243 238 237 241 221 211 222 233 235 244 249 239 239 243 242 241 236 246 251 245 257 253 251 261 270 270 265
236 233 239 220 233 247 237 227 222 203 188 165 188 179 163 170 166 164 162 146 144 137 141 141 139 132 137 150 152 148 152 151 144 141 148 155 150 134 137 159 173 161 170 195 191 200 213 224 217 222 202 206 223 212 228 238 253 245 222 233 246 233 249 248 239 221 210 214 225 228 244 247 227 226 234 240 244 238 248 258 254 261 251 257 267 270 270 265
231 232 238 228 232 248 241 239 231 223 198 177 175 181 175 176 170 166 161 158 147 143 139 135 135 129 133 152 149 141 147 144 137 148 157 158 148 140 146 164 159 159 172 198 212 214 218 223 228 229 212 225 232 234 238 241 248 234 219 229 241 224 247 237 234 223 212 208 225 225 232 235 235 224 231 238 252 247 259 262 262 266 253 269 264 265 267 265
218 226 245 237 241 247 239 231 232 221 192 174 169 178 179 171 169 165 163 164 157 160 139 124 121 125 138 149 142 138 143 145 150 160 162 157 148 139 150 159 152 153 181 199 208 208 213 220 223 230 236 235 237 245 245 248 248 230 212 231 227 231 238 242 229 222 217 207 216 229 239 233 232 221 227 241 256 258 261 254 261 258 268 267 265 265 267 267
220 213 238 248 248 239 238 223 230 215 185 169 170 177 173 174 169 167 168 167 166 158 143 126 124 128 136 146 134 123 131 144 159 164 161 156 152 134 128 147 146 154 179 192 202 193 205 217 209 219 230 220 231 240 235 232 239 238 228 222 222 226 230 240 240 231 218 214 226 227 246 246 242 238 231 239 255 257 259 254 256 257 266 264 266 262 263 265
230 220 235 249 241 226 232 215 218 215 192 171 163 172 168 174 174 170 171 169 168 158 145 135 126 136 139 138 127 128 144 154 164 168 157 152 141 124 124 143 154 166 176 187 188 191 208 206 187 204 218 205 216 232 214 209 231 226 218 218 217 214 226 239 239 221 212 222 226 236 252 250 247 232 231 245 253 258 254 249 248 258 255 254 262 261 262 256
231 221 232 246 244 226 223 205 197 211 191 178 166 164 166 168 170 172 170 165 160 149 139 129 136 154 149 131 127 130 151 166 169 163 155 147 134 128 122 128 138 165 177 182 179 185 185 196 173 193 201 201 223 229 211 207 220 213 209 208 213 223 232 224 232 217 216 226 236 242 247 252 243 233 234 245 251 260 254 243 247 253 245 245 253 261 253 255
241 230 232 247 248 235 221 202 192 205 188 171 163 157 158 163 168 167 168 165 150 149 147 151 153 161 143 133 147 147 159 166 168 159 147 138 135 129 123 130 132 125 164 176 167 163 174 179 185 188 200 218 228 219 210 196 196 204 211 221 224 224 236 213 229 216 212 226 233 242 248 253 243 232 242 249 252 260 250 246 238 239 239 242 248 255 253 255
236 234 233 242 254 230 209 219 207 187 177 157 158 153 149 156 163 165 166 164 159 159 162 154 161 163 148 143 159 168 165 171 163 153 142 135 135 133 129 131 139 131 140 148 150 142 161 174 190 208 212 224 224 214 198 192 192 201 217 224 226 231 213 211 224 216 223 234 229 227 235 252 253 243 244 254 260 248 244 245 246 235 234 241 249 249 254 254
238 237 235 248 250 235 224 213 216 186 164 153 151 149 146 151 160 164 167 167 164 162 157 158 166 156 153 158 164 172 173 171 162 154 155 152 149 147 141 148 137 125 120 148 154 160 164 182 200 216 218 219 214 210 194 200 205 206 207 212 215 215 207 202 207 208 210 217 226 220 225 239 257 255 256 256 251 244 246 252 240 238 237 246 248 253 253 254
222 241 242 250 253 237 208 194 199 182 166 149 152 156 171 157 157 162 166 168 166 166 162 165 173 160 165 174 173 172 169 163 167 164 163 161 158 156 153 150 147 122 124 165 176 183 189 193 206 206 207 212 209 194 187 195 196 204 193 191 210 209 192 190 186 192 200 208 216 224 222 239 252 258 248 243 245 244 251 257 251 238 240 244 255 255 253 255
223 242 249 252 256 237 227 194 186 182 168 158 165 163 182 161 157 160 163 169 183 179 158 188 206 193 170 171 166 160 158 152 156 151 151 150 151 151 152 150 143 132 137 160 169 178 191 200 198 189 195 201 202 181 177 178 179 185 173 187 199 194 188 176 188 199 209 217 225 238 245 251 245 250 247 243 245 240 246 250 257 247 241 247 255 254 252 259
231 235 249 251 242 239 215 211 198 192 177 164 171 184 191 183 168 162 168 191 214 214 203 217 214 185 167 158 162 154 148 132 140 145 141 139 131 143 148 148 139 133 131 174 181 186 187 191 183 171 177 184 182 176 174 179 183 179 174 172 187 177 175 169 186 201 205 201 219 226 222 225 232 238 235 237 245 245 248 252 255 258 251 245 257 258 254 256
240 233 250 255 252 244 223 201 186 186 186 162 174 191 204 193 177 166 170 204 228 226 222 211 189 164 153 151 157 151 142 125 136 140 139 134 126 138 140 135 126 136 164 168 178 173 166 166 174 167 161 168 173 179 190 199 196 184 171 171 167 168 163 169 176 180 189 202 214 220 216 232 232 238 242 246 243 244 245 256 254 256 263 260 274 274 274 267
246 239 251 257 252 245 229 213 184 177 180 171 175 197 214 201 196 182 202 224 230 217 194 182 166 154 141 154 154 149 139 128 138 142 137 136 138 137 131 119 112 134 159 151 159 158 154 155 150 154 157 173 180 191 192 203 208 188 186 188 181 180 189 184 182 190 192 204 216 219 227 230 237 234 234 242 251 252 264 264 267 268 269 267 267 251 255 257
259 255 254 257 251 247 236 219 192 178 173 173 190 203 223 219 198 202 221 234 218 186 177 167 162 153 136 130 147 142 131 129 139 144 145 150 146 138 127 119 103 122 141 158 150 158 156 157 168 164 174 183 189 192 197 212 217 199 198 211 199 180 198 204 192 197 203 210 229 241 249 232 237 236 247 256 271 266 262 263 264 256 259 262 254 252 255 258
247 258 258 256 255 242 239 228 210 199 190 175 179 193 218 228 213 200 228 234 210 190 176 164 163 157 147 139 142 135 124 127 140 146 148 151 147 143 122 106 117 139 149 158 170 172 167 174 175 184 190 188 192 189 198 219 224 208 200 221 212 184 199 214 203 203 216 217 215 241 258 259 252 258 265 269 265 258 249 251 264 252 254 253 251 250 255 256
238 245 252 251 256 250 243 231 220 212 219 188 176 194 215 231 218 209 232 240 216 213 195 181 158 158 154 144 143 138 137 140 145 148 152 150 148 140 122 114 115 127 150 161 168 182 184 189 191 195 197 185 190 196 202 222 237 218 218 229 230 209 206 226 231 223 232 238 224 236 259 259 253 264 261 267 262 243 243 246 262 243 255 254 258 254 255 258
232 229 238 250 257 257 245 241 223 226 229 204 186 192 215 232 235 222 230 237 227 224 201 178 163 153 166 174 148 158 158 151 149 151 147 139 145 141 135 126 129 144 154 162 171 178 183 184 190 198 202 195 203 188 199 210 241 227 228 239 237 217 204 215 224 238 243 246 233 245 259 257 247 251 260 263 255 238 238 242 256 259 253 257 263 255 256 260
213 217 230 242 250 257 256 252 237 234 239 226 194 187 215 220 236 236 242 245 240 222 203 198 182 176 188 196 184 192 180 155 153 151 147 140 140 136 133 126 118 138 146 159 170 174 172 166 178 193 208 215 214 209 226 233 243 248 240 247 233 216 206 207 212 233 243 253 246 266 254 237 236 243 262 256 237 238 232 241 249 253 248 263 261 257 256 261
