data/layers/bio14.asc
NCOLS 507 
NROWS 956 
XLLCORNER -77.7833333333333 
YLLCORNER 0 
CELLSIZE 0.00833333333333335 
NODATA_value -3.4e+38 
[rows 328 to 368 of 956, columns 188 to 281 of 507]
234 190 169 172 184 187 186 181 181 181 166 156 150 148 148 155 152 142 146 138 136 136 138 139 137 136 134 127 128 122 140 144 139 148 133 140 145 129 117 122 120 119 109 99 101 111 88 91 94 88 104 104 106 99 106 104 105 99 107 121 122 114 116 122 114 116 111 113 107 111 110 111 111 115 121 119 109 98 109 121 122 114 103 91 85 87 87 87 87 87 88 87 97 90
221 184 168 177 190 187 179 176 180 176 163 162 158 158 153 146 146 143 145 143 140 134 134 134 131 134 133 131 126 122 143 148 149 145 137 146 132 127 115 119 119 120 119 105 116 114 113 106 111 89 110 106 109 106 104 104 104 108 108 105 121 114 113 110 111 114 114 116 111 108 108 109 110 112 119 122 119 106 119 124 123 100 98 87 85 84 86 86 85 87 86 86 93 97
197 171 169 185 192 179 167 165 174 180 176 175 177 162 151 146 142 144 153 147 141 134 134 131 130 133 131 126 122 126 147 146 146 148 138 146 114 115 117 117 118 118 117 114 113 111 109 111 93 89 92 107 99 105 104 104 102 99 112 118 119 113 112 110 109 114 113 114 113 109 108 110 111 113 119 117 123 119 124 124 119 118 104 86 87 89 82 85 85 85 91 94 88 90
220 174 169 191 187 160 151 150 162 167 172 173 165 158 164 152 146 148 167 165 139 134 132 132 129 128 130 125 121 140 119 133 139 148 144 142 125 116 117 118 114 112 116 110 109 102 90 99 99 98 93 106 101 104 104 101 102 104 112 119 117 113 112 116 115 114 112 116 112 111 111 112 113 120 122 123 122 121 124 125 122 99 101 95 105 99 82 83 84 83 83 84 85 85
210 179 171 195 175 143 124 126 140 130 138 162 179 176 175 153 157 158 168 143 140 138 133 133 133 127 125 127 123 122 118 120 116 147 148 137 116 113 116 118 111 114 111 111 108 103 90 95 90 113 95 102 108 104 103 103 103 102 114 120 117 113 112 115 114 114 109 111 109 111 111 111 113 118 121 123 124 124 125 126 121 125 119 112 100 91 88 81 80 82 83 83 83 82
171 166 175 197 165 134 123 115 131 119 118 142 148 149 172 170 161 170 149 166 166 138 135 134 132 127 127 126 123 125 123 116 135 149 148 114 117 116 115 115 106 113 109 110 107 107 95 95 118 93 100 106 105 103 101 100 100 104 106 104 119 113 112 114 111 112 108 110 110 109 110 111 114 117 124 124 125 125 126 125 119 115 115 113 108 105 99 94 88 80 81 82 82 87
169 172 192 196 173 133 120 115 115 117 118 117 117 138 164 151 146 172 164 159 166 138 136 133 132 128 128 125 121 123 118 119 122 148 147 116 115 113 114 116 102 106 108 109 110 108 102 121 106 93 96 105 105 103 102 106 101 108 103 114 114 113 114 110 109 108 108 109 110 109 109 115 115 120 123 124 122 125 125 127 120 89 98 99 101 83 77 79 78 80 81 82 84 93
167 184 196 200 163 131 122 118 117 119 120 116 113 115 115 114 126 155 137 164 157 138 136 133 131 129 127 126 123 122 116 119 120 147 132 114 113 112 115 103 101 104 110 107 110 95 106 125 107 95 99 104 108 100 101 106 102 103 108 118 115 113 113 113 111 108 108 108 110 109 109 112 112 117 121 126 127 127 125 122 106 83 83 83 93 86 77 80 78 79 80 80 79 89
165 172 195 200 169 141 128 123 125 122 129 123 115 111 110 110 115 123 145 164 159 164 151 136 160 127 124 124 124 119 115 119 117 148 129 115 112 115 113 104 107 110 112 108 107 103 126 120 104 99 97 100 108 100 108 102 108 111 111 118 114 113 113 112 112 108 108 107 108 110 107 107 108 115 119 126 128 127 120 123 108 88 81 76 82 74 79 79 81 79 78 80 78 94
163 166 191 203 177 154 134 129 130 137 147 141 123 114 114 111 111 115 151 148 157 158 165 156 162 151 127 123 122 122 115 117 116 146 116 115 109 114 113 106 109 103 111 100 100 113 125 111 101 98 98 108 107 101 109 108 106 112 118 114 113 112 112 112 111 108 108 108 107 106 106 106 108 113 117 120 125 129 127 128 121 86 87 79 74 78 76 81 92 80 78 78 79 92
165 163 187 206 185 156 139 134 135 139 153 151 131 114 111 113 112 112 115 125 128 147 156 160 163 157 155 124 120 122 116 116 118 131 142 115 108 115 110 106 106 112 104 117 109 119 122 118 112 104 100 109 102 104 104 109 115 117 114 113 112 112 111 111 111 108 108 108 107 107 106 107 107 107 124 127 126 129 109 129 126 117 100 83 86 84 94 102 91 84 78 79 77 90
166 161 175 207 193 162 144 134 133 136 139 121 118 114 115 113 110 111 110 113 121 134 155 164 150 159 151 142 121 115 112 120 108 118 133 114 107 114 109 111 107 108 121 122 121 123 123 117 112 104 102 110 102 102 111 106 117 117 112 112 111 111 111 110 109 108 109 109 108 108 106 108 108 108 126 130 131 129 116 132 133 132 98 83 99 98 113 93 93 80 78 79 78 80
186 167 197 208 199 169 147 134 129 126 122 116 118 116 113 111 113 113 111 113 122 143 159 164 163 145 142 139 125 111 110 120 113 117 131 115 106 115 113 121 121 117 124 122 122 123 120 117 112 105 104 110 103 102 104 108 115 115 113 112 110 111 110 109 109 108 109 108 109 108 107 107 108 110 121 132 131 133 128 130 132 134 123 85 130 103 84 77 80 87 81 81 81 79
178 181 190 208 204 178 152 139 128 122 118 132 120 113 112 113 115 113 112 110 127 128 152 161 164 141 130 128 125 123 117 117 117 116 123 115 104 114 110 116 123 120 122 123 119 121 118 116 115 110 105 109 112 112 113 110 116 114 111 110 110 111 110 110 109 108 109 109 109 108 107 108 109 113 122 129 124 134 124 126 132 135 136 119 129 82 77 77 77 82 82 79 78 80
161 161 175 199 211 191 165 144 133 125 125 140 122 115 117 119 115 114 110 112 115 121 141 147 166 150 132 127 125 124 106 119 116 112 118 104 108 115 112 119 122 121 121 121 122 121 117 116 113 106 112 106 109 109 111 116 113 111 110 111 117 110 109 109 109 108 108 108 109 111 108 114 117 117 130 116 128 135 136 134 133 101 136 132 108 85 79 78 75 78 79 77 80 77
180 156 159 177 208 204 176 156 138 139 139 154 130 118 124 123 116 112 111 124 134 119 134 150 166 136 129 129 115 122 104 120 117 104 114 103 117 114 115 118 122 121 120 119 120 118 116 114 111 108 112 113 111 114 115 115 117 113 110 111 118 110 109 110 109 108 108 108 109 111 110 113 121 127 114 118 122 135 127 136 128 98 107 95 89 84 78 77 73 74 78 75 77 77
191 167 153 157 188 212 195 170 161 167 161 144 129 122 133 125 116 116 115 129 156 142 144 166 166 124 118 125 118 105 103 113 121 111 107 110 117 115 119 120 121 122 118 119 119 115 114 113 110 112 107 110 113 112 115 114 116 117 111 118 121 109 109 108 108 108 108 108 108 110 113 114 112 122 137 137 136 137 117 129 103 85 84 88 83 80 79 77 75 76 85 85 75 75
187 175 162 149 164 204 210 192 181 179 186 159 133 133 136 132 120 118 132 138 176 174 168 152 157 119 108 123 108 117 118 121 121 119 101 112 116 115 120 119 119 119 119 119 117 114 113 110 110 114 104 104 116 114 115 117 117 119 110 115 116 109 108 108 108 108 108 111 111 120 116 120 133 135 136 134 137 138 136 134 113 86 82 85 80 78 73 79 74 78 82 90 89 81
185 176 163 150 149 179 212 210 202 198 200 189 147 153 141 136 120 120 120 134 176 169 149 142 123 118 110 109 120 106 115 120 122 111 110 104 117 116 118 119 118 117 118 117 115 112 112 112 111 115 104 108 117 117 118 119 119 111 108 114 109 107 108 108 108 108 108 111 115 129 133 130 128 134 131 130 139 137 141 140 114 86 82 82 82 80 75 80 72 73 76 85 89 92
179 177 169 157 145 144 187 213 209 205 201 188 195 156 145 137 127 120 128 131 141 164 169 158 139 110 119 128 129 125 121 123 122 106 108 110 118 116 117 116 117 115 117 116 111 110 112 112 113 113 105 117 115 116 118 114 107 107 107 107 109 116 110 107 107 108 109 113 112 118 113 123 131 133 126 131 133 139 142 139 89 86 85 81 82 82 82 80 73 74 78 74 80 90
182 179 178 171 153 143 165 201 211 207 199 187 168 138 126 131 123 117 131 137 162 175 131 124 114 131 124 116 126 127 126 125 122 117 120 119 117 117 115 115 116 116 116 115 110 108 111 114 117 112 117 115 114 109 107 106 106 107 107 108 106 124 127 113 113 108 112 124 126 114 118 117 119 122 128 136 141 142 143 136 120 86 86 83 84 82 81 82 81 80 75 75 77 82
192 196 191 180 167 144 152 187 214 196 169 142 134 135 119 128 116 119 130 161 172 165 144 115 113 123 107 117 109 126 126 126 124 121 120 119 119 116 115 113 114 116 115 113 109 106 112 118 115 119 119 117 117 113 106 105 106 106 106 114 111 128 132 132 126 108 112 131 133 125 126 132 127 122 129 133 144 142 144 136 97 88 87 88 88 87 85 82 80 79 76 77 81 84
202 200 198 189 173 147 139 171 210 204 156 133 124 127 115 121 122 121 133 162 174 144 120 114 111 114 108 141 107 118 124 123 122 121 119 118 117 117 113 113 114 115 114 112 108 105 110 115 115 119 112 121 112 106 105 105 109 105 105 117 107 106 126 133 134 121 114 125 138 138 128 136 143 136 129 139 143 145 146 143 123 88 89 89 88 89 88 85 78 79 75 75 76 78
200 198 196 191 183 158 138 158 216 188 157 138 127 122 116 124 141 136 150 181 157 147 117 113 139 108 109 116 124 126 125 123 119 122 119 116 114 117 118 113 114 114 113 110 105 105 111 111 118 118 121 120 111 104 107 104 105 105 107 125 105 115 125 134 138 132 135 134 142 135 132 145 146 131 128 144 135 145 147 144 129 87 87 90 90 89 90 90 90 87 86 84 80 78
190 195 194 187 172 160 137 138 213 192 163 150 138 123 115 129 160 185 156 163 176 169 147 125 123 110 109 108 119 120 114 110 104 110 121 117 114 112 113 111 113 113 112 109 105 103 104 113 120 116 120 121 106 105 110 104 103 103 108 123 109 106 113 132 135 141 139 143 144 142 139 146 147 131 137 133 134 139 148 147 126 87 91 90 91 79 89 90 91 88 87 85 81 78
170 175 187 177 167 154 136 166 174 200 155 145 132 126 117 123 142 188 172 170 141 176 134 119 110 115 109 107 117 106 106 116 123 116 122 118 113 111 111 112 114 112 111 108 105 102 102 113 122 117 123 112 104 108 104 103 120 103 108 117 114 107 110 117 130 136 137 140 146 146 147 147 147 134 137 139 145 143 150 143 93 88 105 91 91 77 77 87 91 87 88 84 83 80
159 153 142 154 161 148 134 150 174 209 172 147 136 122 116 128 154 183 143 120 121 170 140 114 112 122 119 107 110 120 106 119 123 118 121 119 114 111 111 111 113 111 110 107 105 101 104 113 120 123 123 102 106 109 102 113 131 110 108 110 113 125 105 121 134 132 127 137 146 147 147 148 142 136 138 145 150 150 144 136 102 96 94 95 95 88 80 82 89 86 83 80 80 80
157 143 142 141 153 139 134 146 208 220 184 155 136 128 126 133 153 168 158 117 115 116 143 113 119 126 117 108 121 127 108 125 120 123 122 114 108 111 110 105 109 111 110 108 105 100 106 119 124 122 118 102 108 104 105 130 132 135 110 111 113 119 123 107 136 129 124 134 143 147 150 151 145 144 144 150 148 148 141 148 142 131 97 93 96 80 80 84 84 91 80 82 81 81
151 210 173 142 135 135 132 147 179 216 216 175 145 133 138 165 186 189 134 115 123 113 119 121 116 128 128 115 115 127 125 125 117 119 120 112 108 110 105 106 108 110 109 105 102 99 108 123 121 124 102 108 103 100 111 133 132 136 115 107 120 118 121 124 120 121 128 134 140 145 152 147 149 146 143 152 149 150 154 150 142 96 98 91 87 81 83 85 81 86 82 86 82 84
143 181 189 166 133 139 131 140 151 179 206 194 159 140 131 163 190 162 155 117 131 127 112 111 126 130 129 115 122 125 118 119 113 112 118 119 116 110 109 105 108 109 108 104 99 100 108 123 120 124 99 105 101 103 123 132 135 137 117 107 133 140 135 133 136 139 135 142 150 146 151 152 153 152 152 155 154 151 147 147 146 98 99 98 86 82 83 89 83 82 83 89 85 86
160 226 244 144 136 150 137 148 142 126 138 211 180 157 146 141 168 163 116 121 123 135 113 111 126 124 130 125 108 125 120 125 124 110 114 114 113 109 103 107 108 108 107 102 100 105 125 124 127 119 100 102 100 100 114 125 136 137 140 115 118 138 133 126 138 139 145 148 152 149 153 155 154 156 152 156 152 143 138 106 133 146 101 103 98 84 83 88 90 84 84 91 87 88
209 150 133 138 141 152 155 132 146 147 130 140 207 171 147 144 177 173 115 124 123 134 119 112 111 114 129 123 125 127 126 125 115 108 107 108 116 103 107 107 107 107 106 103 99 115 125 126 127 102 104 100 99 99 109 129 136 137 141 122 111 145 140 133 136 141 146 151 153 152 154 155 155 157 149 154 150 122 133 104 107 133 140 102 92 85 84 87 93 87 85 89 95 91
145 137 147 144 131 158 166 156 157 148 130 122 169 192 141 145 187 140 115 114 116 135 134 117 111 113 123 123 126 122 124 124 116 109 109 106 110 102 104 106 106 106 106 103 98 113 126 122 106 97 103 98 99 98 113 132 137 135 140 129 122 145 145 138 140 142 151 154 155 154 154 157 156 152 114 147 149 116 117 107 106 121 109 106 99 95 90 85 94 92 86 93 102 97
134 137 153 164 158 166 164 162 143 131 138 137 128 203 137 151 190 136 114 119 121 135 131 111 122 110 127 121 126 111 108 124 117 111 117 105 102 101 107 106 105 105 105 104 100 120 124 126 109 106 99 100 98 98 104 127 136 135 142 129 119 147 148 149 147 145 149 155 155 153 151 157 156 151 115 148 146 111 110 110 110 108 108 108 107 106 98 86 86 95 90 93 105 103
145 143 148 163 167 162 149 144 152 122 192 165 163 184 153 144 171 187 145 112 135 128 127 130 111 120 121 115 127 118 109 121 119 123 122 106 104 104 105 105 105 104 104 100 99 126 121 128 107 104 97 97 97 97 99 131 133 137 140 119 134 143 140 146 151 148 151 154 154 147 154 156 157 150 121 142 126 114 112 112 107 113 111 112 110 109 109 108 86 89 96 97 107 99
167 159 166 166 165 157 130 128 137 122 175 209 180 189 148 168 188 140 120 113 134 126 124 120 130 110 128 113 118 119 114 124 118 123 122 104 104 104 104 104 104 103 103 97 96 103 127 124 106 96 102 97 98 103 108 139 130 139 141 121 141 135 144 150 151 154 151 152 155 153 153 155 152 148 143 142 115 105 111 115 88 90 114 112 100 100 105 112 101 88 85 97 106 95
170 168 168 165 160 154 137 133 117 118 181 179 204 168 150 177 155 112 113 127 133 132 126 130 116 127 115 110 124 110 117 119 111 109 113 99 101 103 103 104 103 102 101 97 96 96 117 127 97 100 96 96 107 100 110 139 138 137 137 144 137 149 139 146 151 150 152 150 153 152 153 157 151 149 148 145 117 117 111 104 91 90 98 89 89 88 90 109 88 95 85 88 101 106
173 167 163 150 134 131 122 144 194 190 195 159 153 148 150 178 136 111 111 110 128 110 109 130 114 113 111 109 113 110 119 109 101 104 101 98 105 103 102 102 102 102 96 96 105 95 104 102 99 95 95 99 114 124 111 128 141 131 130 145 139 143 146 145 149 153 151 148 153 153 153 152 151 148 145 140 119 119 102 93 91 93 89 89 88 92 91 89 88 89 96 86 100 107
165 163 162 159 157 134 127 121 141 207 167 155 157 131 152 188 135 116 124 115 111 111 120 112 118 110 110 108 116 116 117 101 99 100 99 103 104 103 102 101 101 101 95 94 96 94 112 97 96 95 97 109 133 125 123 128 142 137 132 138 147 139 150 147 143 151 147 141 152 150 152 148 149 148 145 140 122 120 121 113 91 94 90 90 90 88 88 96 96 86 92 89 95 108
165 143 141 128 134 149 132 127 120 205 173 172 183 160 151 158 185 182 169 143 132 111 108 130 114 118 107 107 110 116 119 100 98 103 103 104 104 102 101 101 100 99 94 93 95 93 99 95 97 94 95 98 133 138 138 133 139 141 134 136 144 146 150 151 146 150 144 131 139 148 149 149 144 141 145 131 123 122 121 126 91 90 91 93 91 91 89 95 102 103 103 96 100 105
161 156 142 128 120 124 134 112 128 181 206 170 185 188 169 159 162 179 174 126 135 141 116 108 113 113 103 105 114 116 104 98 99 95 103 103 102 101 101 100 99 98 93 91 94 92 93 93 94 94 95 100 119 129 139 141 135 134 137 131 132 140 146 150 148 146 131 123 128 144 147 145 142 142 143 141 140 137 135 122 98 94 98 103 91 89 93 94 102 106 101 103 100 107
