data/layers/bio1.asc
NCOLS 507 
NROWS 956 
XLLCORNER -77.7833333333333 
YLLCORNER 0 
CELLSIZE 0.00833333333333335 
NODATA_value -3.4e+38 
[rows 468 to 506 of 956, columns 264 to 351 of 507]
139 132 123 125 126 128 139 139 139 142 148 158 164 170 185 188 196 206 211 218 211 223 212 217 199 212 226 228 247 236 223 200 187 185 193 206 204 224 234 251 260 264 269 273 273 256 266 264 266 276 276 276 276 276 276 276 271 275 275 276 275 275 276 276 276 277 277 278 278 278 278 279 278 278 278 278 278 278 278 278 278 278 278 277 277 277 277 277
144 140 133 132 134 130 135 139 142 147 147 151 157 160 169 175 190 199 214 232 227 227 230 236 206 215 227 248 221 219 207 200 185 192 216 221 226 238 245 251 253 259 273 274 274 265 271 268 273 271 272 275 276 276 277 276 270 273 276 276 276 276 276 277 277 277 277 278 278 278 279 279 278 278 278 278 279 278 278 278 278 278 278 277 277 277 277 277
143 148 154 143 144 144 146 144 148 143 152 182 166 170 166 178 196 201 223 212 201 207 227 239 215 245 240 226 207 202 188 183 192 216 227 240 245 253 249 256 256 266 273 274 275 271 272 269 272 270 266 268 273 277 277 271 269 268 277 276 276 276 276 277 278 277 277 277 278 278 278 278 278 278 278 278 278 278 278 278 278 278 278 277 277 277 277 277
143 147 153 150 150 152 153 151 153 151 157 167 185 186 181 194 210 226 216 203 188 188 203 225 239 229 214 202 191 180 177 188 199 219 234 245 252 257 256 257 265 268 269 273 275 274 274 269 269 265 273 273 274 278 273 268 272 273 276 277 276 277 277 277 277 278 278 278 278 278 278 278 279 279 278 278 279 278 278 278 278 278 278 278 278 277 277 277
141 147 150 162 169 169 170 168 166 169 173 180 196 203 199 222 215 207 199 185 182 176 193 211 209 207 201 188 182 193 187 193 211 226 240 254 256 252 262 264 266 269 267 274 275 275 273 271 266 270 275 276 277 278 277 268 268 277 276 277 277 277 277 277 278 278 278 278 278 278 278 278 278 278 279 279 279 278 278 278 278 278 278 278 278 277 277 277
147 159 157 151 168 175 184 179 182 184 185 197 214 214 215 205 209 189 171 167 167 184 199 199 194 190 186 195 199 212 204 194 223 234 251 260 259 263 262 266 268 264 265 271 274 273 276 276 274 274 276 277 278 277 269 277 278 278 277 277 277 277 278 278 278 278 278 278 278 278 279 278 279 279 279 279 279 278 278 278 278 278 278 278 278 277 278 277
153 150 166 187 192 186 191 201 206 204 210 205 203 195 186 182 197 180 161 150 159 175 179 173 178 180 187 198 215 226 218 218 228 244 256 264 266 268 265 267 269 271 266 265 270 274 277 276 276 277 277 278 278 278 269 278 278 278 278 278 277 277 278 278 278 278 278 278 278 279 279 279 279 279 279 279 279 278 278 278 278 278 278 278 278 278 278 277
143 152 162 168 166 186 201 185 181 190 187 192 180 175 168 179 186 171 153 151 149 143 158 162 179 181 185 198 197 203 225 238 235 256 257 263 267 268 271 272 273 274 270 257 264 275 275 277 277 278 277 278 278 278 273 275 279 278 278 278 278 278 278 279 278 278 279 279 279 279 279 279 279 279 279 279 279 278 278 278 278 278 278 278 278 278 278 277
130 133 133 144 155 171 157 162 165 172 171 186 160 158 167 182 172 153 147 148 159 158 166 175 176 170 180 189 188 192 212 216 232 254 260 260 269 270 270 273 275 274 270 252 263 272 275 276 277 278 278 278 275 276 279 277 279 279 278 278 278 278 278 279 279 279 279 278 278 279 279 279 279 279 279 279 279 278 278 278 278 278 278 278 278 278 277 277
119 123 124 129 148 150 136 139 151 151 166 163 155 167 174 175 156 141 145 145 158 162 170 172 157 159 178 195 200 193 221 225 234 259 263 268 271 272 271 273 270 274 273 270 267 272 276 276 277 277 272 267 265 274 279 279 279 279 279 279 279 279 279 279 279 279 279 278 279 279 279 279 279 279 279 279 279 278 278 278 278 278 278 278 278 278 277 276
119 122 125 125 122 125 128 129 130 149 156 150 160 175 180 168 157 141 145 151 154 158 159 165 162 159 173 193 214 221 225 243 256 262 267 270 272 272 273 271 263 267 274 271 274 274 276 276 276 271 273 274 277 277 279 279 279 279 279 279 279 279 279 279 279 279 279 279 278 279 279 279 279 279 279 279 279 279 278 278 278 278 278 278 278 278 277 276
114 116 121 124 130 150 141 151 136 136 150 149 165 175 181 170 166 149 147 156 149 156 155 157 160 166 175 193 201 222 240 250 261 262 265 266 272 273 274 273 268 275 277 276 275 275 277 277 276 267 269 272 275 279 278 279 279 280 280 280 279 279 279 279 279 279 279 279 279 279 279 279 279 279 279 279 279 279 279 279 278 278 278 277 278 278 277 277
113 120 131 131 132 157 160 159 141 141 142 163 173 188 184 169 158 144 143 138 133 145 151 149 161 176 202 209 212 221 242 253 258 263 267 268 274 274 274 274 264 273 277 277 275 276 277 277 272 266 272 273 277 279 279 279 279 280 280 280 279 280 279 279 279 279 279 279 279 279 279 279 279 279 279 279 279 278 279 279 278 278 278 277 277 277 277 276
115 125 146 151 142 158 174 168 161 155 155 165 183 189 185 175 164 141 130 131 147 162 168 164 170 177 197 200 221 239 255 258 261 263 267 270 273 274 275 276 275 275 277 278 276 277 277 278 274 275 275 277 278 279 279 279 279 280 280 280 280 280 279 280 280 279 279 279 279 279 279 279 279 279 279 279 279 279 279 279 278 278 278 277 277 277 277 276
112 131 135 153 164 165 172 180 172 169 175 178 193 191 187 180 167 148 130 148 156 159 182 177 180 196 198 201 212 237 255 259 263 268 269 270 273 274 275 276 276 277 277 278 277 278 278 277 273 276 278 278 279 279 279 279 280 280 280 280 280 280 280 280 280 280 280 280 279 279 279 279 279 279 279 279 279 278 278 278 278 278 277 277 277 277 277 276
124 149 147 150 174 175 176 184 188 189 189 181 196 195 187 182 154 127 135 158 175 171 176 199 189 192 217 226 234 249 255 260 264 267 270 273 274 274 275 277 277 277 278 278 279 278 279 276 277 279 279 279 279 279 279 279 279 280 280 280 280 281 280 281 280 280 280 280 279 279 280 280 280 279 279 279 279 278 278 278 278 278 277 277 277 277 277 276
150 156 162 151 165 169 146 169 170 176 191 198 198 192 188 179 158 137 150 158 179 187 192 208 213 201 212 239 246 255 260 263 264 268 269 269 274 274 275 277 276 277 277 278 278 279 279 279 279 279 279 280 279 279 279 279 280 279 280 280 280 280 280 281 281 280 280 280 279 280 280 280 279 279 279 279 278 278 278 278 278 278 277 277 277 277 275 270
158 168 173 161 160 155 149 163 158 174 182 203 202 198 192 177 150 138 145 164 185 191 197 195 222 222 223 245 252 257 261 263 265 265 268 270 272 273 274 276 275 275 277 277 278 279 279 279 279 279 280 280 280 280 279 280 280 280 280 280 280 280 280 280 280 280 280 280 280 280 280 279 279 279 279 279 278 278 278 278 278 278 277 277 277 277 276 271
149 165 174 178 170 160 170 171 172 177 197 206 205 198 193 175 165 144 152 170 168 167 165 179 203 225 231 242 252 257 261 262 266 269 268 275 275 276 277 276 276 275 277 277 278 279 277 279 279 279 279 279 280 280 280 280 280 280 280 280 280 280 280 280 280 280 280 280 280 279 280 279 279 279 279 279 279 278 278 278 278 278 277 277 277 276 276 275
158 167 175 189 178 171 181 192 180 194 214 210 204 201 198 172 159 146 141 148 153 155 164 181 195 214 237 250 254 255 257 263 269 269 270 275 276 275 277 275 275 277 277 272 278 279 277 278 279 278 279 279 280 280 280 280 280 280 280 280 280 280 280 280 280 280 280 280 280 280 280 279 279 279 279 279 279 278 278 278 278 278 278 278 277 276 276 275
145 158 171 189 174 193 200 204 192 209 208 216 210 200 189 168 147 135 144 160 166 168 177 189 207 219 230 247 248 250 257 263 270 271 272 274 277 276 278 276 278 278 277 269 278 279 278 279 279 279 279 280 280 280 280 280 280 280 280 279 280 280 280 280 280 280 280 280 280 279 280 279 279 279 279 279 279 278 279 279 278 278 278 277 277 276 275 272
141 162 164 185 194 180 191 191 218 210 216 216 210 194 174 160 146 141 155 178 182 183 191 192 207 221 238 245 248 249 258 262 271 272 273 274 274 275 278 277 278 278 276 269 278 279 279 279 279 280 280 280 281 280 280 280 280 280 279 280 280 280 280 280 279 279 280 280 280 280 279 280 279 279 279 279 279 279 279 279 278 278 278 277 276 276 274 269
144 156 177 189 177 169 178 176 200 218 223 221 216 193 180 155 140 146 163 175 188 204 211 204 217 232 248 243 237 247 257 260 270 272 275 275 276 277 278 278 279 279 279 268 278 278 280 280 280 280 280 280 280 280 280 280 280 279 280 280 280 280 279 280 280 280 280 280 280 280 280 279 279 279 279 279 279 278 278 279 278 279 277 277 276 274 269 265
160 153 174 171 172 174 174 183 206 232 230 220 206 184 165 157 147 147 153 170 186 200 225 220 222 241 252 241 235 252 261 271 273 273 274 275 276 278 278 277 279 279 277 277 279 279 279 280 280 280 280 280 280 279 278 279 280 280 280 280 280 280 279 279 279 280 280 280 280 280 280 280 280 279 279 279 279 279 279 278 279 278 277 276 275 271 266 255
178 160 173 185 188 194 188 197 218 237 230 219 206 190 173 164 155 162 165 180 192 206 227 239 242 249 256 239 238 254 263 270 275 275 275 275 277 278 278 277 277 277 269 279 279 280 280 280 280 280 280 279 279 279 279 280 280 280 280 280 280 280 280 280 280 279 280 280 280 280 280 280 279 279 279 279 278 279 278 279 278 278 277 276 272 269 255 239
175 181 171 181 196 199 201 205 229 237 228 208 194 192 184 172 153 174 180 183 198 219 234 231 244 254 259 237 247 257 273 273 275 276 276 277 278 278 278 271 271 269 261 279 279 279 280 280 280 280 280 279 278 279 280 280 280 280 279 280 280 280 280 280 280 279 279 279 280 280 280 280 280 279 279 279 279 278 278 279 278 277 277 273 266 252 244 257
194 185 166 179 184 191 217 219 235 240 230 219 198 181 174 159 162 181 194 195 202 215 233 240 245 257 262 244 255 267 273 276 276 275 277 276 277 277 275 268 270 272 278 278 278 280 280 280 278 277 278 278 279 280 280 279 279 279 279 280 280 281 280 280 280 280 279 279 280 280 280 280 279 279 279 279 279 279 279 278 278 277 272 268 267 253 242 251
203 188 168 174 189 204 213 230 241 241 233 228 190 183 169 158 165 182 202 226 221 227 242 253 256 262 260 255 260 270 273 274 275 276 277 276 277 276 266 270 277 278 278 278 279 279 280 278 278 278 279 279 280 280 279 279 280 280 280 280 280 281 281 280 280 280 280 280 280 280 280 280 279 279 279 279 279 279 279 279 278 277 270 265 258 244 246 263
207 187 189 177 183 203 216 241 245 243 238 212 186 174 167 172 183 186 201 217 235 247 250 256 259 261 259 258 270 271 274 275 276 276 275 276 275 263 269 277 277 278 279 279 279 279 280 279 279 279 279 280 280 279 279 279 280 280 280 280 281 281 281 280 280 280 280 280 280 280 280 280 279 279 279 279 279 279 279 279 277 275 271 264 254 238 252 259
217 199 184 180 199 220 228 241 247 245 238 219 192 175 160 174 195 200 210 214 234 250 257 257 261 255 258 266 271 272 273 275 276 276 275 276 271 267 277 277 278 279 279 278 278 278 279 279 279 279 279 280 280 279 280 280 280 281 281 281 281 281 280 280 280 280 280 280 280 280 280 280 279 279 279 279 279 279 279 278 277 275 271 265 255 246 256 263
217 212 192 175 205 223 245 246 249 247 240 206 191 172 169 178 196 225 234 240 242 254 258 264 253 253 265 272 272 274 274 275 274 274 275 274 264 275 277 278 278 278 279 278 277 279 280 280 278 279 278 279 280 280 280 280 280 281 281 281 281 281 281 280 280 280 280 280 280 280 280 279 279 279 279 279 279 279 279 278 277 273 271 266 257 241 263 260
232 227 201 198 212 244 246 250 252 248 243 230 208 189 194 204 206 224 233 248 257 260 266 266 249 254 265 273 274 274 275 275 273 272 274 273 266 274 278 277 278 278 278 276 278 280 280 279 278 279 279 279 280 280 280 280 280 281 281 281 281 281 281 280 280 280 280 280 280 280 279 279 279 279 279 279 280 279 279 278 278 277 274 266 258 254 266 273
207 240 213 205 224 244 249 249 253 246 246 239 211 199 222 226 231 237 246 250 256 265 264 268 266 261 265 272 274 274 274 272 273 274 275 271 270 277 277 278 277 277 275 275 279 279 279 279 278 279 279 280 280 280 280 281 280 281 281 281 280 281 281 281 280 280 280 280 279 279 279 279 279 279 279 279 279 279 279 278 278 276 271 266 252 264 267 273
195 229 234 219 244 246 249 250 253 251 247 238 219 229 235 244 247 251 251 258 265 265 268 271 271 268 271 273 274 273 273 271 269 273 275 273 274 277 277 277 275 276 275 278 280 280 279 278 278 280 280 280 280 280 280 280 280 281 281 280 280 281 281 281 280 280 280 279 280 280 280 279 279 279 280 279 279 279 279 278 278 273 267 257 258 270 261 273
205 196 245 241 237 240 243 245 247 255 249 233 238 249 255 257 258 251 256 262 266 268 270 267 268 272 273 272 272 273 272 271 271 274 276 266 271 273 275 276 279 279 278 279 280 278 279 279 278 279 280 280 280 280 280 280 280 280 280 280 281 281 281 280 280 280 280 280 280 280 280 280 279 280 279 279 279 279 279 278 277 273 263 254 269 269 272 275
216 209 228 245 228 230 232 246 251 256 247 242 254 261 256 262 262 262 266 267 268 267 269 268 269 270 272 272 273 270 270 273 274 275 269 258 265 270 274 276 278 279 279 279 279 278 279 279 279 279 280 280 280 280 280 280 280 280 280 280 280 280 280 280 279 280 280 280 279 279 280 280 279 280 279 279 279 279 279 278 277 272 258 264 274 269 273 274
220 229 243 248 243 238 240 246 253 256 251 259 242 244 259 258 258 266 266 265 264 266 268 269 270 270 271 272 272 271 270 272 272 270 260 265 271 273 276 278 278 275 279 278 278 278 279 279 280 280 280 280 280 280 280 280 280 281 280 280 280 280 280 280 280 280 280 280 280 280 279 279 279 280 279 279 278 279 279 278 278 275 266 275 275 274 273 273
234 237 245 249 246 244 246 249 253 244 250 246 245 248 262 261 264 266 263 254 255 262 267 267 269 269 270 271 270 266 269 271 268 256 256 259 267 276 271 275 277 278 278 277 278 276 279 279 279 279 280 280 280 280 280 280 281 281 281 280 280 280 281 281 280 280 280 280 280 280 280 280 280 280 279 279 279 278 278 278 278 278 275 273 272 271 273 271
236 243 245 251 250 248 247 251 242 241 248 250 249 258 261 262 264 264 263 255 255 259 265 258 262 265 266 265 265 266 267 267 263 255 261 264 272 278 272 277 278 278 277 277 278 279 279 279 279 279 279 279 280 280 280 280 281 281 281 281 281 281 281 280 281 280 280 280 280 280 280 280 280 280 279 279 279 278 278 277 276 263 259 273 269 268 269 270
