data/layers/bio16.asc
NCOLS 507 
NROWS 956 
XLLCORNER -77.7833333333333 
YLLCORNER 0 
CELLSIZE 0.00833333333333335 
NODATA_value -3.4e+38 
[rows 629 to 665 of 956, columns 85 to 169 of 507]
1281 1297 1261 1219 1130 1135 1106 1115 1129 1233 1096 1086 1091 1100 1059 1049 1045 1048 1031 1136 1113 1228 1243 1080 1001 982 1057 1058 1046 1181 1151 984 959 943 928 938 915 919 918 840 904 889 845 843 856 851 853 794 829 833 833 804 800 798 777 787 780 779 749 748 732 705 701 694 697 731 777 810 811 780 789 784 773 766 756 726 728 720 720 697 691 688 687 689 638
1236 1215 1148 1144 1129 1126 1142 1207 1136 1172 1080 1102 1072 1065 1057 1058 1064 1035 1056 1137 1279 1247 1100 1077 1022 1055 1065 1052 1102 1178 1158 1084 945 949 928 919 949 921 908 912 886 892 891 868 876 847 847 851 847 838 827 824 783 781 789 779 768 773 752 751 728 721 689 706 702 748 764 809 810 780 791 775 775 766 754 731 720 714 710 704 699 695 686 681 661
1218 1245 1138 1121 1131 1143 1236 1097 1093 1114 1081 1102 1076 1082 1052 1054 1042 1052 1031 1043 1131 1273 1188 1091 1030 1071 1071 1055 1130 1206 1067 1016 945 973 927 939 991 905 881 910 890 876 869 868 870 859 840 842 836 811 807 821 814 795 791 786 786 785 769 750 744 727 712 715 711 737 772 814 805 801 788 773 770 747 737 727 720 682 678 645 622 666 644 647 655
1297 1287 1161 1121 1117 1114 1104 1167 1196 1140 1074 1085 1100 1082 1054 1074 1046 1036 1031 1240 1302 1300 1111 1037 1021 1054 1071 1061 1204 1221 1107 985 1007 977 967 1037 954 913 912 902 884 916 890 888 853 863 837 854 844 830 822 798 807 800 779 782 759 767 771 765 760 740 730 705 714 714 772 804 801 785 792 782 760 745 737 726 719 703 655 615 612 628 614 648 658
1390 1326 1215 1176 1178 1192 1108 1243 1181 1106 1084 1098 1096 1093 1076 1067 1052 1031 1129 1317 1171 1150 1103 1052 1087 1085 1072 1123 1238 1194 1057 1103 1019 1004 993 996 911 921 856 890 883 915 901 891 886 874 844 832 840 842 825 811 794 797 770 775 781 780 781 770 765 754 740 727 724 730 774 814 809 783 772 782 763 750 743 730 719 711 700 663 646 664 586 606 583
1486 1389 1286 1292 1176 1242 1229 1252 1146 1147 1159 1109 1130 1080 1044 1040 1036 1030 1025 1167 1272 1113 1079 1078 1075 1086 1148 1233 1265 1224 1156 1074 1011 985 1002 933 916 903 913 897 887 899 911 897 888 876 839 834 826 834 835 822 801 781 785 773 790 791 788 780 767 767 754 738 714 730 774 819 802 780 770 774 766 753 737 728 719 711 704 688 683 668 599 567 555
1322 1493 1405 1307 1266 1275 1270 1252 1241 1223 1176 1123 1162 1054 1173 1093 1029 1047 1033 1217 1107 1096 1110 1105 1095 1092 1072 1232 1275 1175 1160 1112 1041 997 1086 974 907 876 895 890 914 889 900 904 894 877 842 857 848 841 836 829 833 831 813 780 808 805 795 786 769 767 762 747 728 731 768 820 799 780 767 769 756 746 738 725 712 704 698 691 685 661 570 555 548
1295 1295 1290 1368 1264 1283 1218 1232 1228 1217 1179 1167 1111 1046 1261 1230 1044 1217 1117 1337 1130 1106 1112 1102 1095 1150 1197 1264 1242 1184 1187 1081 978 1060 1095 921 906 902 911 895 896 901 898 884 893 891 842 833 827 820 812 807 800 800 795 769 760 803 769 797 785 775 767 761 738 733 770 805 798 780 765 765 747 743 736 720 702 671 695 681 682 654 578 552 550
1502 1342 1518 1286 1252 1223 1169 1197 1225 1215 1181 1127 1053 1075 1304 1294 1142 1311 1351 1190 1111 1116 1120 1111 1081 1183 1274 1294 1132 1103 1048 1000 1066 1118 1034 910 920 880 909 894 892 897 890 902 884 877 864 858 827 842 818 823 836 824 814 796 771 770 756 752 792 785 779 772 756 752 791 814 810 780 766 759 752 746 730 712 672 630 670 666 667 654 611 550 543
1468 1288 1463 1323 1257 1166 1145 1162 1187 1163 1111 1060 1157 1362 1353 1289 1362 1354 1220 1137 1139 1130 1124 1097 1189 1249 1323 1166 1099 1130 988 944 1042 1138 943 911 918 910 899 946 921 901 891 899 887 877 875 867 852 821 815 829 837 841 820 825 824 817 809 797 765 752 757 768 766 757 775 796 807 783 767 752 749 746 735 715 694 673 645 658 643 601 593 564 607
1290 1277 1319 1304 1266 1207 1220 1231 1167 1091 1062 1054 1124 1178 1054 1029 1084 1351 1186 1140 1143 1135 1191 1118 1215 1298 1324 1105 1044 992 1078 963 1025 1212 1026 908 891 885 898 891 929 919 904 904 886 887 878 874 864 842 826 829 829 819 836 823 808 807 796 795 791 788 784 781 758 760 764 784 801 791 764 752 749 746 734 714 705 697 688 682 671 607 565 611 632
1268 1276 1330 1472 1381 1253 1243 1234 1195 1108 1060 1105 1054 1044 1056 1100 1347 1329 1208 1153 1149 1180 1253 1283 1331 1296 1325 1196 1005 1158 937 957 1073 1209 948 909 906 911 902 890 881 888 911 902 895 884 877 872 869 855 846 837 820 826 818 819 816 827 812 807 795 793 792 786 782 737 774 799 809 800 781 759 749 741 731 721 709 695 688 679 665 644 593 641 646
1167 1256 1256 1268 1352 1273 1242 1232 1170 1088 1055 1047 1091 1080 1073 1021 1040 1081 1322 1159 1153 1142 1222 1315 1318 1345 1322 1223 967 992 931 966 1011 1208 930 913 904 899 893 889 881 875 873 881 887 869 852 872 864 860 852 853 830 839 834 824 819 814 808 807 800 795 795 790 786 784 779 774 797 801 780 765 754 740 726 715 703 694 685 679 655 617 633 651 640
1141 1196 1154 1259 1248 1352 1246 1230 1202 1091 1122 1111 1135 1123 1061 1027 1056 1332 1172 1167 1155 1235 1330 1380 1294 1195 1303 1234 1085 988 935 935 1041 1012 914 919 901 904 928 885 891 890 871 868 862 864 861 860 848 841 840 837 833 834 828 823 817 807 800 795 784 787 781 771 787 779 764 763 750 768 784 769 764 740 726 713 703 692 684 675 668 663 656 633 631
1125 1125 1151 1234 1244 1249 1251 1228 1165 1185 1205 1161 1101 1042 1028 1032 1028 1388 1179 1169 1169 1209 1253 1286 1264 1295 1005 1084 1343 1011 957 922 915 927 906 911 914 930 905 897 906 901 894 890 875 861 856 867 861 850 851 848 846 827 826 819 809 805 801 799 793 787 785 781 785 778 770 772 785 770 757 775 766 761 742 715 702 694 696 678 664 655 657 646 638
1124 1209 1133 1180 1222 1247 1238 1243 1216 1208 1155 1096 1040 1082 1049 1055 1273 1312 1177 1176 1172 1179 1201 1219 1258 1380 1071 1007 965 965 939 917 912 916 922 918 912 894 890 896 887 885 888 881 879 879 859 858 858 860 852 844 847 839 835 825 813 809 799 799 796 796 793 787 785 782 778 783 793 799 791 781 766 755 752 714 714 699 699 684 672 658 648 643 603
1117 1111 1103 1097 1094 1248 1222 1225 1217 1205 1149 1086 1043 1027 1122 1162 1359 1195 1152 1180 1199 1269 1332 1301 1369 1122 1047 1029 943 940 931 970 1007 924 913 913 912 894 888 885 884 883 876 880 886 872 864 853 851 852 843 846 842 839 835 825 816 815 812 806 795 797 799 800 793 782 778 795 798 802 791 774 759 748 731 727 724 715 709 698 682 673 656 643 639
1134 1137 1182 1113 1130 1201 1239 1156 1219 1210 1197 1123 1107 1059 1014 1376 1308 1192 1143 1194 1227 1327 1379 1330 1331 1186 1024 994 944 1023 1121 1127 1005 905 921 898 904 892 889 892 884 884 877 874 867 861 858 857 846 847 847 846 840 836 826 821 822 807 811 808 804 796 791 776 785 775 780 784 799 798 792 778 768 753 730 715 705 695 710 698 686 666 648 645 629
1265 1281 1259 1209 1174 1130 1178 1132 1185 1148 1195 1040 1033 1106 1246 1367 1239 1228 1197 1204 1297 1355 1385 1304 1365 1362 1373 1081 1066 1024 1012 982 915 914 901 899 907 903 900 896 893 886 878 870 865 862 857 851 847 849 842 847 836 832 824 819 810 807 802 797 793 792 785 773 776 770 767 802 800 793 793 783 772 762 748 735 721 709 700 683 680 659 651 644 579
1241 1252 1270 1258 1120 1104 1097 1088 1111 1049 1200 1150 1065 1206 1396 1250 1245 1309 1262 1276 1368 1390 1380 1347 1330 1328 1362 1107 1067 947 936 918 905 903 903 896 895 905 896 888 893 887 882 881 874 865 869 858 857 842 838 841 830 819 818 820 811 805 799 793 794 786 777 773 761 767 782 807 810 803 793 781 766 753 752 741 729 716 697 679 671 660 654 624 555
1275 1274 1156 1108 1101 1130 1076 1061 1054 1052 1101 1120 1027 1021 1385 1277 1296 1379 1372 1367 1391 1329 1368 1381 1348 1279 1346 984 957 954 923 906 908 908 911 897 894 904 889 885 882 888 885 876 869 877 863 855 855 855 842 836 828 822 816 811 807 800 797 792 787 778 778 772 767 766 779 798 807 802 795 784 768 755 742 738 730 717 703 684 671 659 623 601 493
1183 1113 1137 1089 1131 1162 1081 1082 1243 1149 1062 1035 1203 1156 1397 1258 1266 1341 1380 1381 1386 1262 1230 1315 1208 1040 1071 948 939 945 919 905 909 904 899 895 902 892 901 890 885 880 875 872 869 877 866 864 883 881 846 844 833 831 826 812 806 808 803 798 789 787 779 775 762 767 787 811 807 803 793 784 774 761 744 725 715 720 702 684 675 665 532 501 499
1257 1146 1103 1144 1257 1158 1103 1059 1389 1385 1093 1053 1196 1316 1248 1259 1293 1343 1382 1329 1340 1287 1164 1149 1126 977 1081 983 925 918 906 907 904 901 899 894 899 892 892 898 889 887 879 875 869 865 873 906 886 863 850 849 841 833 828 821 807 804 798 801 794 785 786 778 769 768 787 806 796 800 794 784 774 762 742 730 717 703 703 683 675 667 597 589 508
1222 1285 1272 1253 1257 1122 1063 1055 1302 1342 1359 1375 1398 1268 1237 1272 1299 1337 1381 1355 1198 1220 1277 1072 1133 968 1029 956 932 912 909 909 905 902 898 894 901 892 891 889 895 892 888 882 869 871 870 887 875 858 854 850 843 835 831 828 823 816 801 806 799 794 789 780 781 774 793 816 805 800 782 781 773 764 742 726 716 697 699 675 655 602 616 504 486
1185 1178 1177 1206 1255 1108 1062 1093 1060 1392 1352 1309 1290 1236 1184 1251 1294 1348 1385 1370 1288 1176 1069 1117 970 953 934 925 927 912 909 906 903 900 896 893 898 896 891 887 888 882 878 874 878 899 883 871 870 866 859 853 848 840 833 831 826 819 810 802 801 799 796 786 785 781 801 813 806 799 791 782 773 763 746 733 718 687 699 688 650 625 587 515 552
1194 1282 1198 1208 1253 1169 1118 1110 1052 1052 1085 1366 1239 1204 1171 1256 1302 1388 1380 1301 1192 1122 1055 1032 976 1023 945 926 915 911 909 904 901 898 895 893 893 901 894 887 881 887 889 875 875 886 868 864 867 861 862 855 850 844 837 834 828 822 817 810 802 797 794 795 785 777 797 801 797 800 794 783 774 764 752 736 719 704 700 690 681 612 608 589 545
1160 1272 1128 1117 1251 1213 1129 1084 1075 1048 1198 1378 1279 1276 1287 1275 1304 1368 1379 1307 1223 1172 1051 1008 1084 997 935 921 918 912 909 904 900 898 894 891 892 890 898 892 881 879 879 881 873 871 866 865 860 861 858 855 850 845 841 837 832 825 819 813 806 801 796 790 787 800 802 798 801 801 797 786 775 763 748 736 721 711 685 693 665 630 608 565 535
1160 1257 1199 1091 1125 1192 1075 1061 1246 1358 1318 1381 1262 1307 1319 1340 1345 1387 1346 1272 1260 1137 1007 1021 1078 1000 999 921 920 914 908 903 899 897 894 891 888 888 890 894 883 881 879 877 877 870 870 865 866 866 857 855 850 846 842 838 832 826 821 814 809 807 798 792 796 810 807 806 809 799 796 778 775 763 750 737 724 714 678 609 573 525 500 497 492
1189 1222 1090 1077 1083 1123 1126 1050 1161 1374 1328 1323 1224 1265 1315 1362 1382 1382 1329 1290 1205 1118 1094 1111 973 952 935 922 917 913 908 903 899 896 893 890 889 887 885 890 889 885 879 877 874 873 871 870 863 864 860 852 851 847 843 839 833 826 822 815 813 811 801 793 789 821 820 811 814 808 788 773 773 763 754 738 726 716 705 697 686 602 555 509 509
1223 1278 1127 1075 1068 1064 1071 1045 1281 1395 1190 1202 1185 1293 1322 1364 1352 1355 1294 1215 1230 1179 1126 1028 970 946 930 926 918 914 907 902 899 896 893 891 889 888 886 884 885 890 883 881 876 874 876 872 870 864 862 859 853 850 846 842 835 828 822 818 810 812 809 801 792 789 802 817 816 811 799 787 776 765 754 743 732 718 708 661 687 662 539 534 533
1285 1191 1212 1072 1074 1058 1071 1045 1400 1362 1184 1273 1329 1332 1339 1387 1340 1240 1213 1213 1173 1127 1125 1020 970 939 935 948 920 922 908 904 899 898 895 892 890 889 887 885 884 886 884 889 884 877 877 877 873 868 862 860 856 852 848 843 838 832 824 817 814 808 809 810 801 802 814 827 819 811 799 788 776 763 749 740 730 719 711 661 598 645 597 552 502
1195 1095 1143 1073 1078 1140 1085 1043 1278 1287 1292 1339 1343 1362 1344 1378 1388 1291 1151 1134 1168 1095 1089 1000 966 945 935 932 948 919 909 905 900 897 893 892 892 889 888 885 884 887 881 882 885 879 878 875 874 871 867 862 854 850 848 845 840 834 825 819 821 831 812 809 810 805 821 827 822 812 799 786 773 763 751 743 730 723 670 635 588 512 501 497 499
1160 1081 1099 1067 1070 1191 1109 1103 1152 1352 1337 1365 1367 1386 1373 1377 1373 1361 1236 1049 1087 1009 1052 1075 1043 953 934 930 928 944 911 905 902 898 896 893 891 890 889 888 885 886 885 882 882 882 877 880 878 874 870 865 861 856 852 848 842 835 829 820 818 833 832 817 811 806 815 820 822 812 800 789 777 763 753 745 731 677 632 547 527 526 615 542 635
1209 1089 1075 1065 1074 1099 1383 1413 1405 1329 1359 1393 1401 1398 1395 1372 1376 1269 1104 1013 1058 1012 1070 1028 999 960 940 931 930 937 955 912 903 899 896 894 891 890 889 888 887 885 884 884 887 882 881 879 882 876 873 869 864 859 855 850 844 839 827 821 849 857 858 836 827 831 810 813 818 804 797 790 776 764 754 744 730 710 582 540 533 719 780 721 783
1166 1083 1068 1149 1112 1401 1414 1383 1371 1371 1394 1396 1390 1354 1337 1264 1212 1123 1038 991 992 992 1017 992 943 934 957 938 945 919 919 941 907 901 898 896 894 891 890 890 889 887 887 885 884 888 890 879 880 880 875 870 867 861 857 852 846 835 830 849 843 879 879 846 833 801 819 817 821 812 796 790 778 766 755 745 679 581 548 537 532 789 788 789 779
1177 1111 1092 1139 1313 1375 1332 1379 1354 1262 1330 1404 1225 1256 1154 1144 1127 1114 1037 988 975 967 967 944 937 932 946 923 923 918 916 918 913 919 900 898 896 894 892 891 891 890 889 887 886 885 889 889 886 883 878 874 868 861 857 854 849 843 840 894 858 861 889 867 836 847 823 823 820 813 801 790 778 766 762 752 700 636 548 602 578 793 792 793 794
1148 1078 1065 1075 1289 1361 1353 1398 1328 1169 1369 1400 1296 1137 1159 995 990 1161 1085 1021 991 959 964 939 937 927 923 923 919 907 912 915 896 896 935 905 898 896 897 895 894 893 891 890 889 891 889 893 889 887 882 875 871 863 856 851 848 845 868 884 873 873 862 879 857 864 807 825 827 815 801 794 781 754 594 681 679 565 556 602 796 796 796 797 797
