data/layers/bio17.asc
NCOLS 507 
NROWS 956 
XLLCORNER -77.7833333333333 
YLLCORNER 0 
CELLSIZE 0.00833333333333335 
NODATA_value -3.4e+38 
[rows 494 to 531 of 956, columns 344 to 429 of 507]
215 215 214 207 207 217 229 223 220 223 229 231 233 230 236 237 240 242 245 249 255 264 271 274 274 273 276 278 282 283 285 288 288 281 243 237 180 164 163 162 162 161 161 162 165 171 168 166 178 169 171 180 197 194 202 209 217 222 229 244 234 211 206 196 198 205 215 226 242 246 235 245 253 256 246 241 234 237 232 222 208 194 181 185 173 170
216 218 208 202 208 225 226 214 217 229 231 232 228 231 236 237 240 243 245 252 259 269 273 276 274 273 277 279 281 283 286 289 285 256 228 190 174 169 164 162 163 161 163 169 174 169 168 182 183 175 176 186 209 203 214 229 232 236 244 245 242 207 202 200 202 207 229 239 246 252 256 243 251 253 249 252 252 236 222 216 208 204 199 200 183 176
217 219 211 202 213 229 219 213 227 230 231 225 229 232 237 237 242 243 245 251 256 265 269 274 271 273 276 276 281 284 286 285 276 241 199 184 178 169 164 163 165 167 169 178 173 168 170 182 186 177 183 196 217 213 215 248 252 249 258 242 223 211 202 203 206 217 239 248 254 254 267 250 242 246 256 247 236 223 218 223 226 208 208 208 213 187
217 219 211 203 212 224 215 213 229 230 221 230 231 237 238 237 241 250 248 263 262 264 265 270 269 273 276 279 281 280 228 246 224 214 199 186 180 169 164 164 168 170 179 181 169 167 170 177 179 185 193 206 217 219 242 256 256 260 260 244 223 208 205 210 215 227 239 249 255 263 266 257 256 256 262 246 243 236 236 234 226 221 221 216 211 184
219 213 209 203 210 226 210 214 228 232 230 226 234 233 235 237 248 255 261 260 259 262 264 267 269 274 275 251 253 249 217 243 243 233 213 184 177 171 164 166 170 174 187 177 168 167 175 176 182 182 200 207 213 229 246 264 264 264 251 233 220 210 210 217 235 243 249 251 264 268 258 255 259 258 242 260 252 250 254 236 232 232 224 214 205 198
218 219 218 202 208 214 212 228 229 220 234 231 232 235 237 239 253 257 259 260 260 263 264 267 272 262 256 262 260 250 252 274 273 251 221 188 182 170 165 166 173 186 177 173 166 171 173 175 179 182 194 207 222 240 256 262 273 261 247 231 217 220 221 231 242 243 247 258 260 257 251 257 250 260 246 258 258 251 232 239 218 227 223 216 214 213
219 220 211 202 215 208 212 228 230 219 232 233 230 231 234 240 247 254 261 262 261 263 264 269 258 263 268 253 250 271 287 289 282 272 230 199 181 171 165 172 185 178 174 169 165 170 170 174 183 194 188 214 231 253 262 267 273 254 238 227 225 231 237 241 255 245 248 251 244 250 244 251 246 252 234 246 245 233 230 211 217 223 207 186 199 193
219 212 199 206 207 216 209 229 230 222 231 230 230 238 238 238 241 253 260 264 262 262 264 264 269 268 264 266 280 287 291 292 278 240 214 185 174 168 166 180 178 169 166 165 165 168 172 177 186 197 208 222 228 256 271 273 267 248 231 231 236 240 252 242 252 250 253 249 238 238 226 246 246 243 230 239 235 236 215 211 215 221 211 194 180 177
218 211 198 208 209 212 225 229 230 231 235 224 236 231 236 240 241 247 258 264 267 266 267 273 273 265 275 283 288 290 289 287 243 231 198 187 170 166 171 176 170 168 165 164 167 169 173 179 188 196 212 235 250 268 272 273 258 239 237 240 252 253 256 248 261 249 247 238 235 223 221 234 236 226 227 213 223 212 208 234 237 206 223 210 194 176
218 206 201 201 224 213 227 230 231 231 226 224 228 231 240 238 242 248 255 265 269 267 267 272 272 270 282 286 289 288 282 279 227 202 185 174 170 168 177 176 173 170 165 164 166 169 174 181 188 199 209 233 255 268 277 271 261 247 244 250 257 262 262 256 243 238 225 232 221 207 206 234 237 213 205 202 212 195 213 227 215 210 214 202 183 171
217 217 198 221 224 225 227 229 231 233 229 234 228 232 244 240 245 255 261 265 265 264 265 273 277 275 283 287 291 290 284 255 218 198 177 174 168 173 171 173 169 167 165 166 166 170 174 182 185 197 206 227 252 267 278 273 267 250 261 254 243 248 254 265 251 248 228 222 211 197 206 227 235 213 192 188 185 198 223 236 200 189 201 202 184 189
218 219 219 217 217 216 227 223 230 231 236 238 242 243 234 250 254 258 261 263 262 263 271 275 273 279 285 288 289 290 283 228 205 183 182 170 169 174 168 169 167 166 165 166 169 173 180 188 188 203 210 228 256 264 271 263 254 257 263 264 252 250 262 264 251 248 244 231 216 193 210 206 223 212 201 184 185 208 228 185 187 193 206 214 206 200
216 193 198 217 209 210 215 222 230 234 228 228 242 240 241 252 254 257 258 255 259 263 272 276 271 275 285 286 284 279 194 215 184 184 174 171 178 169 168 168 168 167 166 167 172 177 186 197 214 219 236 247 259 264 267 260 259 261 267 266 253 272 271 258 248 237 235 221 206 188 182 189 212 192 178 174 190 190 186 177 181 194 210 219 211 196
199 194 196 221 218 212 210 213 223 223 223 235 234 234 233 247 256 256 253 255 266 270 270 276 280 282 287 285 272 255 209 185 185 178 172 172 171 169 168 171 170 167 166 169 171 181 185 197 207 222 242 248 255 261 275 265 264 267 272 266 263 273 258 254 248 241 230 210 204 194 181 171 172 169 180 180 185 174 172 185 197 214 209 214 209 191
195 198 216 219 222 209 207 216 215 216 228 237 227 230 238 246 255 253 253 256 265 264 272 276 280 281 281 289 210 191 182 182 183 174 172 172 170 170 169 171 168 167 167 167 169 170 180 190 204 222 236 244 246 255 266 265 266 267 250 262 264 255 258 245 249 248 224 224 220 209 201 186 169 164 173 168 166 170 184 197 211 226 227 220 195 175
189 200 216 219 210 209 211 212 212 219 229 229 225 236 248 251 252 249 256 259 267 272 274 279 277 265 264 254 176 178 180 182 176 175 173 172 173 181 172 168 168 168 168 168 173 177 175 184 196 217 229 238 241 238 248 256 264 250 250 265 265 247 251 241 249 245 244 243 230 226 203 181 173 164 163 164 169 172 194 213 233 230 223 213 197 174
187 205 215 213 214 221 217 218 211 220 231 223 226 237 248 246 244 249 252 256 265 274 276 278 278 260 234 215 187 183 181 176 175 174 172 176 183 173 172 170 169 169 168 170 172 178 182 183 193 205 224 228 224 231 243 254 243 249 255 256 255 239 244 232 230 236 224 231 237 218 211 187 172 167 164 169 177 177 194 213 213 215 222 212 182 176
187 202 201 197 204 205 206 212 211 218 227 225 225 243 244 239 244 247 250 258 267 272 271 277 274 258 207 177 183 180 177 176 174 174 179 186 173 172 170 173 173 169 168 170 173 187 191 199 205 204 211 217 226 237 236 240 241 250 255 245 253 251 232 206 219 200 208 217 188 189 189 185 169 165 164 172 185 196 207 202 222 227 227 215 196 190
186 189 197 198 218 203 207 207 209 216 224 221 227 245 248 239 244 247 251 255 267 266 262 271 275 261 194 179 181 178 178 178 182 186 190 178 174 178 181 172 171 171 169 171 174 187 199 206 221 227 216 216 227 240 241 235 236 249 242 238 251 245 248 237 205 192 182 182 184 176 180 180 167 166 169 175 185 199 219 230 221 223 213 198 184 182
192 203 212 213 216 204 216 209 210 213 222 220 225 239 242 240 247 251 254 256 261 270 246 263 262 243 181 185 183 184 186 188 183 186 175 173 184 186 173 172 172 169 170 171 176 183 189 201 216 234 230 222 227 240 243 241 243 236 227 234 238 249 238 240 223 221 194 175 169 170 172 167 177 169 167 175 180 194 231 237 237 228 216 186 177 180
187 209 212 213 217 211 221 227 228 230 220 219 222 232 248 248 255 255 255 255 264 279 254 216 207 210 180 186 188 187 187 182 188 178 176 200 197 183 173 173 172 170 173 177 177 183 192 213 224 234 250 244 240 225 239 239 229 214 214 229 232 241 224 234 226 238 205 185 175 177 165 171 189 168 167 170 187 206 214 217 240 220 215 185 188 202
186 188 208 208 215 218 220 223 227 230 232 230 224 245 248 249 254 258 255 256 275 281 246 188 182 181 184 187 188 211 182 184 177 183 195 207 187 183 173 173 172 172 175 181 188 189 207 214 226 226 251 251 253 236 230 239 228 204 202 214 210 207 221 220 191 202 185 194 187 174 166 189 176 166 174 183 198 220 240 230 228 222 195 195 212 201
187 187 190 213 215 216 213 209 219 228 222 235 239 241 248 252 252 255 254 256 276 279 218 202 193 183 184 210 196 198 187 178 182 193 234 206 186 175 175 173 173 175 180 187 191 197 209 224 236 238 235 243 248 241 218 233 223 215 188 189 192 199 226 213 188 178 170 178 173 166 186 189 167 174 178 189 216 230 234 255 222 205 211 201 211 184
204 207 189 208 213 213 207 214 210 213 220 226 237 240 245 249 251 253 254 264 280 238 216 235 212 212 247 271 225 226 191 180 192 241 238 196 177 175 174 173 173 178 185 200 200 207 218 234 247 254 248 250 235 217 219 214 205 212 176 173 185 195 206 224 216 198 172 167 167 190 206 175 168 173 196 215 237 259 248 242 228 218 215 209 198 179
201 204 195 210 210 204 216 211 214 212 218 228 234 237 243 244 241 256 253 268 283 226 212 233 251 251 286 233 254 247 192 184 234 257 227 182 175 177 175 175 175 178 186 200 208 216 227 248 250 256 254 244 232 214 206 198 192 198 184 172 178 179 204 197 197 177 169 168 171 232 182 168 168 174 191 219 250 244 230 240 242 229 219 222 194 178
202 200 194 206 209 200 217 210 212 211 217 225 231 233 235 237 252 264 267 283 239 224 196 221 255 284 300 262 277 250 192 206 267 272 196 180 176 175 175 178 183 184 186 196 210 226 243 254 256 256 243 245 239 212 192 190 184 191 194 168 172 184 194 184 189 173 168 171 206 204 170 169 175 173 185 200 221 244 243 250 240 232 235 224 214 198
199 187 192 207 208 196 214 209 207 212 215 218 225 227 232 250 273 274 281 240 196 194 202 232 246 276 285 287 260 196 197 295 276 231 218 191 180 176 177 186 194 195 197 203 219 234 246 248 253 250 236 228 232 226 210 195 185 177 194 170 168 176 170 175 193 181 169 184 233 202 171 169 174 184 197 221 250 253 253 248 229 229 231 215 198 200
187 179 187 204 209 200 209 203 208 211 217 222 224 229 245 273 274 275 215 221 198 214 258 276 272 309 302 248 197 200 282 295 263 255 208 187 179 175 180 197 203 208 211 218 230 241 258 258 258 243 239 233 217 219 199 205 185 171 177 169 170 169 171 186 198 180 170 206 240 193 172 170 176 187 210 229 235 245 255 241 222 234 224 197 180 180
175 177 185 206 207 205 205 203 207 207 216 235 230 249 269 276 265 208 229 204 232 251 293 309 309 308 288 307 224 280 321 293 241 208 188 180 178 179 180 186 199 207 229 232 248 255 248 256 260 246 249 247 223 201 190 191 194 171 170 170 184 173 183 196 180 169 206 245 216 180 169 171 177 192 213 226 239 245 240 228 208 225 224 213 179 175
175 181 190 203 207 194 204 203 206 208 215 226 255 270 266 263 226 208 246 232 259 291 309 311 285 297 328 330 335 343 270 265 249 202 187 179 179 184 187 191 205 226 244 254 261 265 253 251 256 253 242 237 230 197 177 175 170 172 178 173 171 180 197 186 170 199 252 219 190 173 171 173 175 195 222 245 245 245 225 209 207 211 208 191 177 179
178 193 192 204 206 191 195 201 204 207 220 245 269 262 249 215 222 224 251 280 284 305 310 275 269 322 331 333 340 347 258 223 192 191 182 180 179 181 192 204 220 235 252 263 265 268 256 253 253 252 253 230 208 192 173 171 171 171 171 173 178 172 180 173 198 258 232 201 182 171 173 174 183 206 225 247 237 243 221 202 212 198 185 182 178 204
190 197 200 205 199 216 193 201 202 211 234 267 268 259 217 214 215 265 296 298 299 300 309 254 315 331 331 328 342 293 272 218 193 185 180 182 182 185 195 197 209 220 239 261 271 267 261 249 239 245 241 224 200 182 182 202 192 185 191 177 204 178 171 173 256 250 208 184 173 173 175 177 186 195 212 232 234 219 226 185 198 202 185 176 178 177
192 199 201 202 190 205 195 199 209 232 267 268 254 223 215 230 265 293 297 296 310 286 299 323 328 315 316 340 285 253 202 223 193 182 183 188 189 196 197 199 210 225 239 253 261 260 258 256 242 231 223 211 196 194 207 215 210 203 211 179 192 227 180 194 281 239 194 183 173 172 174 172 182 199 215 232 232 206 201 188 183 207 192 180 182 177
192 197 196 193 184 196 191 196 219 255 267 259 223 215 220 247 294 299 260 252 303 287 297 295 300 306 335 328 267 219 191 192 186 182 188 198 206 211 205 201 207 219 231 246 256 256 259 255 252 245 241 225 214 204 215 239 236 233 202 173 173 209 242 263 289 281 228 209 194 188 174 179 191 211 216 219 218 201 182 176 179 189 193 190 178 182
191 194 179 185 210 187 194 204 228 267 267 239 210 230 254 293 295 302 274 297 315 284 282 288 300 322 331 300 269 216 189 186 183 183 188 200 214 216 217 216 212 216 229 241 250 260 256 252 251 255 248 245 235 221 223 213 211 225 206 186 173 213 216 253 261 328 269 209 185 177 174 186 198 196 207 201 189 182 176 177 176 181 199 187 178 183
193 193 192 229 224 190 194 196 224 265 269 251 222 264 288 296 251 307 309 308 277 277 283 299 321 329 332 280 244 202 188 186 187 188 188 195 203 219 232 234 227 227 247 246 252 253 248 246 253 248 244 248 243 236 217 193 189 195 195 178 182 224 216 204 224 281 274 216 190 173 174 176 183 179 209 191 180 178 177 178 179 197 203 191 179 178
194 178 204 249 225 188 191 207 242 272 268 232 243 282 287 259 249 274 311 275 279 279 284 306 340 345 305 293 257 204 188 186 191 202 197 207 214 227 242 249 243 235 247 251 248 241 240 245 236 236 243 249 233 214 203 205 186 183 178 173 205 213 188 175 189 246 313 297 240 209 188 180 175 181 201 194 180 176 188 177 182 200 219 190 181 203
182 194 212 254 233 218 191 210 252 277 265 231 241 295 248 245 252 257 272 269 274 280 286 314 333 316 242 255 269 217 192 186 190 196 205 214 223 231 260 261 249 241 247 248 239 237 238 226 221 228 239 238 228 218 228 225 202 202 177 182 205 186 176 174 187 244 339 201 183 176 174 188 187 192 185 178 177 179 185 182 180 191 212 194 193 215
