data/layers/bio13.asc
NCOLS 507 
NROWS 956 
XLLCORNER -77.7833333333333 
YLLCORNER 0 
CELLSIZE 0.00833333333333335 
NODATA_value -3.4e+38 
[rows 190 to 227 of 956, columns 344 to 429 of 507]
356 349 342 338 370 412 422 406 378 377 375 392 380 368 364 360 358 362 357 356 358 368 381 352 364 366 348 347 347 348 351 349 349 349 351 350 350 350 350 350 350 350 350 349 347 348 347 345 343 341 339 337 335 333 331 329 327 325 324 322 321 320 318 317 316 316 318 319 321 323 325 327 329 333 335 337 339 340 342 345 346 348 350 352 354 356
418 383 368 357 338 366 383 408 412 386 384 387 380 380 376 372 370 364 363 371 370 373 362 362 360 358 348 347 348 348 353 349 349 350 351 350 350 350 351 351 352 352 352 352 350 350 349 347 345 343 341 339 336 335 333 331 329 327 325 323 321 321 320 319 318 316 318 319 321 323 325 327 329 333 335 337 339 341 343 345 346 348 350 352 353 356
446 421 401 383 366 342 331 366 403 392 383 382 394 383 382 378 383 366 365 358 353 349 353 355 348 364 351 348 351 349 349 349 350 351 352 351 351 352 354 353 354 354 355 354 353 352 350 349 347 345 342 341 338 337 335 333 331 329 327 324 323 322 321 320 319 318 318 319 321 323 325 327 329 333 335 337 339 341 343 345 346 349 352 353 354 356
407 431 418 432 412 358 350 336 355 368 364 357 384 399 368 403 391 371 359 358 350 344 347 346 346 347 347 348 352 349 349 350 351 352 352 352 351 354 357 356 356 357 356 358 357 354 353 350 348 346 344 342 341 339 337 335 333 331 329 327 325 324 323 322 321 319 318 319 321 323 325 327 329 331 334 337 339 342 345 345 348 350 354 353 359 355
408 402 403 422 405 384 380 352 334 335 337 351 366 400 372 396 395 382 365 355 347 359 352 346 347 347 353 351 352 351 350 350 351 352 357 352 352 358 357 358 360 360 360 361 359 357 355 353 351 349 346 345 343 340 339 337 335 333 331 329 328 326 324 323 322 321 321 320 321 323 325 327 329 331 334 337 340 342 346 350 350 349 351 351 358 360
447 399 379 385 378 363 352 347 361 336 337 339 366 393 373 384 391 372 351 350 358 366 360 355 347 355 356 349 352 352 350 351 352 353 362 353 353 356 361 361 362 363 363 363 361 359 357 355 352 350 348 346 345 342 340 338 336 335 333 331 329 328 326 324 323 322 321 320 321 323 325 327 329 331 334 336 338 344 346 350 351 352 349 353 360 361
455 411 395 375 382 386 405 412 376 365 360 339 339 383 350 379 389 370 362 361 358 358 354 350 348 361 353 352 352 352 353 357 358 354 367 355 355 356 361 363 365 366 367 365 364 362 360 357 355 353 351 348 346 344 342 340 338 336 334 332 330 329 327 326 324 323 322 321 321 323 325 327 329 331 333 335 339 344 347 351 349 349 350 354 361 356
435 426 426 407 391 409 406 394 386 384 364 344 340 343 341 350 380 381 375 357 352 361 347 350 374 356 351 358 350 351 355 353 355 360 370 360 358 359 363 367 369 370 369 367 366 364 362 359 357 355 353 351 348 346 344 342 340 338 336 334 332 330 328 327 326 325 323 322 322 324 325 327 329 331 333 336 338 343 350 351 352 350 352 359 359 357
473 466 450 432 409 408 402 411 397 414 395 368 341 345 344 346 348 388 380 358 352 348 354 365 366 361 351 356 353 355 355 353 355 356 371 370 360 362 365 368 372 372 371 369 368 366 364 362 359 357 355 353 350 348 346 344 342 340 338 336 334 332 330 328 327 325 325 323 322 324 325 327 330 332 334 338 342 346 350 349 350 348 353 359 359 357
465 454 431 409 399 407 404 417 433 414 395 362 351 363 356 345 350 370 374 360 359 356 354 367 369 350 355 362 351 352 353 354 356 358 373 362 363 366 373 373 376 374 373 372 370 368 366 363 361 359 357 355 352 350 348 346 344 341 339 337 335 334 331 330 328 327 326 324 323 324 326 328 329 332 334 337 340 342 350 348 347 349 351 361 359 358
486 427 409 398 397 405 415 408 416 419 390 362 362 367 368 372 352 353 376 365 352 357 359 364 371 360 372 367 360 353 355 357 359 361 373 365 366 372 374 377 376 376 376 374 372 370 368 365 363 361 359 356 354 352 350 347 345 343 341 339 337 335 333 331 330 328 327 325 324 324 326 328 330 332 334 336 344 347 349 346 348 353 357 364 366 356
482 458 427 422 413 406 424 421 409 419 376 368 376 376 366 374 346 350 383 361 352 348 359 358 354 369 383 359 367 356 354 356 360 366 377 372 369 377 379 379 381 379 378 377 374 372 370 368 365 363 361 358 356 354 351 349 347 345 343 340 338 336 335 333 331 329 328 326 325 324 326 328 332 332 334 337 341 345 347 347 348 350 356 358 354 360
471 481 469 424 427 424 436 434 426 413 391 389 381 388 350 353 345 347 361 350 348 351 349 350 351 376 365 358 391 368 355 360 361 365 365 370 375 386 382 381 384 383 381 378 376 374 371 370 367 365 362 360 358 355 353 351 348 346 344 342 340 338 336 334 332 330 329 327 326 324 326 328 330 332 334 336 338 342 346 346 348 353 350 351 363 362
429 465 464 440 428 421 435 434 434 424 391 386 386 404 377 345 346 366 348 349 348 351 363 360 360 382 360 359 355 383 363 359 361 374 373 370 380 388 388 386 387 385 383 381 379 377 374 372 369 367 364 362 359 357 355 352 350 348 345 343 341 339 337 335 333 332 330 328 327 325 327 328 330 332 335 336 339 341 346 347 354 353 350 359 367 365
413 451 415 450 409 416 425 427 440 411 397 396 393 406 395 350 351 351 357 372 353 350 351 362 381 378 357 360 354 354 382 362 367 369 376 373 381 392 392 391 390 388 386 383 381 379 376 374 371 369 366 363 361 358 356 354 351 349 347 345 342 340 338 336 334 333 331 329 327 326 327 329 331 333 336 337 340 345 344 349 355 353 351 359 365 362
378 379 383 405 403 392 427 438 430 407 393 395 395 413 417 357 348 347 352 380 350 350 354 353 377 379 358 361 363 356 365 373 369 375 377 379 392 396 395 394 392 390 388 385 383 381 378 375 373 370 368 365 362 360 357 355 353 350 348 346 344 342 340 338 336 334 332 330 328 327 328 330 331 334 337 338 340 342 344 346 354 349 351 359 366 366
400 400 383 381 384 388 418 423 417 401 388 395 395 409 402 373 347 349 359 376 365 363 386 373 382 352 358 365 367 356 357 379 376 377 379 385 398 398 395 396 394 392 390 388 385 383 380 377 374 372 369 364 363 361 359 356 354 352 349 347 345 343 341 339 337 335 333 331 329 327 329 331 332 334 337 338 339 341 344 351 352 354 355 361 367 366
380 385 381 426 387 395 420 415 411 387 384 394 396 395 402 387 348 349 357 357 368 366 360 374 395 358 357 364 370 358 361 372 392 393 383 398 402 402 398 397 396 395 392 390 387 384 382 379 376 373 371 367 363 361 360 358 355 353 350 348 346 344 342 339 337 335 334 332 330 328 329 331 332 335 336 338 339 341 344 351 352 359 361 358 363 373
406 425 418 484 412 397 399 412 411 381 395 396 399 394 405 406 355 349 351 354 366 351 359 382 370 354 360 365 365 361 365 367 372 384 388 401 406 404 404 402 399 397 394 392 389 386 383 380 378 375 371 369 365 363 361 359 356 353 351 349 347 345 342 340 338 336 334 332 331 329 329 331 333 334 335 337 339 341 350 353 355 354 366 368 369 368
408 446 494 487 448 440 392 403 390 385 393 384 382 413 408 404 375 349 360 351 364 352 372 393 355 355 355 358 367 367 368 376 378 385 400 408 409 406 406 404 401 399 396 393 391 388 385 382 379 376 373 370 368 364 362 359 356 354 352 350 348 345 343 341 339 337 335 333 331 329 329 330 332 334 336 338 340 341 347 357 358 365 367 360 361 362
424 434 494 494 465 432 420 408 390 379 374 372 360 376 407 383 351 351 367 368 356 376 388 384 356 354 355 356 373 373 367 375 383 386 400 410 412 411 409 407 404 401 398 395 392 389 386 383 380 377 374 371 369 366 363 359 357 356 353 351 349 346 344 342 340 338 336 334 332 330 329 331 332 334 336 338 342 342 354 356 358 361 364 370 363 359
428 440 461 494 461 450 435 417 422 394 380 367 363 361 375 401 356 365 376 380 391 374 377 356 357 354 356 360 365 378 373 378 385 394 403 415 415 414 411 409 406 402 399 396 393 390 387 384 381 378 375 372 370 367 364 360 358 356 354 352 349 347 345 343 340 338 336 334 332 330 330 331 333 334 337 339 341 345 359 356 353 363 359 362 361 358
438 474 460 464 446 453 472 434 446 421 357 362 365 406 350 368 371 363 370 354 361 367 379 361 356 355 357 358 366 373 377 381 388 400 413 416 418 416 413 410 407 404 400 397 394 391 386 383 381 379 376 373 370 368 365 362 360 357 355 352 350 348 345 343 341 339 337 335 333 331 330 332 334 335 337 339 340 343 359 357 355 359 363 362 357 355
433 451 452 450 464 473 474 464 443 424 425 369 347 396 349 371 357 364 365 358 352 361 355 361 357 356 357 364 368 378 378 383 397 402 413 418 418 417 413 411 407 404 401 398 395 391 386 384 382 379 377 374 371 368 366 363 360 358 355 353 351 348 346 344 342 339 337 335 333 331 331 332 334 338 338 338 343 365 361 353 359 356 359 360 355 356
477 444 455 474 486 493 451 431 436 427 409 401 354 349 358 358 367 355 359 365 361 355 361 361 355 356 359 362 371 386 382 386 397 407 414 417 417 416 413 410 407 404 401 398 395 392 388 385 383 380 377 374 371 369 366 363 361 358 356 353 351 349 346 344 342 340 338 336 334 333 332 333 335 336 337 339 344 358 353 355 359 350 354 355 361 356
489 524 501 512 510 444 435 444 425 421 410 414 351 359 370 356 371 359 357 361 354 356 361 359 356 357 361 363 375 389 386 392 404 413 414 415 415 414 412 410 407 404 401 398 395 392 389 386 383 380 377 374 372 369 366 364 361 359 356 354 351 349 347 345 342 340 338 336 334 334 334 334 337 337 340 346 363 355 353 349 356 355 352 361 354 355
509 503 532 520 517 469 431 431 414 421 420 386 350 369 379 383 357 353 367 354 355 363 364 356 357 360 361 370 378 389 388 393 406 412 413 413 412 412 410 408 406 403 400 398 395 392 389 386 383 380 377 375 372 369 367 364 362 359 357 354 352 349 347 345 343 341 338 336 334 333 336 336 336 338 339 350 360 361 351 352 351 349 356 353 354 355
477 462 488 496 520 451 433 429 418 414 414 412 357 375 373 368 354 366 358 354 355 355 357 358 358 361 367 372 382 388 389 400 408 411 411 411 410 409 409 407 405 402 400 397 394 391 388 386 383 380 377 374 372 369 367 364 362 359 357 354 352 350 347 345 343 341 339 337 335 334 337 337 339 338 340 360 355 358 350 349 348 354 353 353 354 356
444 441 480 473 488 461 446 443 426 419 412 350 365 362 352 355 356 366 359 355 359 360 356 359 360 364 368 375 394 393 395 401 408 409 409 409 409 408 407 405 403 400 399 396 393 390 388 385 383 380 377 374 372 369 367 364 362 359 357 355 352 350 348 345 343 341 339 337 335 335 341 339 338 338 343 358 353 354 352 349 351 352 351 354 357 359
428 462 479 464 458 460 436 434 427 422 403 353 356 350 351 353 358 355 355 357 365 360 363 361 364 366 371 380 388 392 400 403 406 407 408 408 407 406 405 404 402 400 397 395 392 390 387 385 382 380 377 374 371 369 367 364 362 359 357 355 352 350 348 346 343 341 339 337 335 335 335 341 339 340 341 356 350 354 352 351 352 351 352 355 362 366
434 422 438 471 450 463 430 420 420 419 407 355 357 353 357 353 361 358 353 373 362 357 359 361 363 366 375 378 382 393 399 404 405 406 406 406 405 404 403 402 400 397 395 391 391 389 386 384 382 379 377 373 371 369 367 364 362 359 357 355 352 350 348 346 343 341 339 337 335 335 335 340 337 339 341 345 348 355 358 348 350 351 354 362 370 368
452 453 422 421 436 464 438 411 401 384 396 352 370 388 355 355 355 357 359 374 367 356 356 362 365 367 373 377 384 392 400 402 403 404 404 404 403 403 401 400 399 396 395 392 390 388 385 384 381 379 376 374 371 368 366 364 362 359 357 355 352 350 348 346 343 341 339 337 335 333 335 336 337 340 341 347 354 360 350 354 351 351 355 360 370 369
496 484 470 435 423 453 452 443 409 385 381 353 356 363 353 355 354 360 355 371 365 357 357 366 365 368 373 378 387 393 398 400 402 402 402 402 402 401 400 398 397 395 393 391 389 386 384 383 380 378 376 373 371 368 366 364 361 359 357 354 352 350 348 346 343 341 339 337 335 333 335 336 338 339 342 345 352 358 355 354 355 352 356 362 372 368
445 444 454 438 439 415 437 454 410 392 373 360 352 353 355 355 355 356 356 371 361 356 360 366 371 371 375 382 387 390 396 399 400 400 400 400 400 399 398 397 395 393 392 390 387 385 384 381 379 377 375 372 370 368 366 363 361 359 356 354 352 350 348 345 343 341 339 337 335 335 337 336 338 343 342 344 347 351 353 350 354 353 356 365 375 366
451 444 471 457 455 409 421 432 403 387 349 368 366 354 357 358 370 359 356 375 365 357 361 366 374 374 378 386 389 394 395 397 399 398 399 398 398 397 396 395 393 392 390 388 386 385 383 381 379 376 374 372 370 367 365 363 361 358 356 354 352 350 347 345 343 341 339 337 337 338 337 338 339 341 341 343 344 345 350 351 350 354 358 377 378 367
441 480 499 468 447 417 391 425 382 387 370 360 355 356 356 353 356 356 367 371 359 358 361 365 371 374 380 387 391 393 396 396 397 397 397 396 396 395 394 393 392 390 388 387 385 384 382 380 378 375 373 371 369 367 364 362 360 358 356 354 351 349 347 345 343 341 339 337 338 339 338 339 340 340 341 342 345 345 348 348 349 352 361 376 378 366
440 490 451 451 454 438 404 384 378 387 355 354 353 354 357 361 358 355 357 369 356 360 360 365 373 378 381 386 391 394 395 395 395 395 395 395 394 394 393 392 390 389 388 386 384 383 381 379 377 375 373 370 368 366 364 362 360 357 355 353 351 349 347 345 343 341 339 337 340 338 337 338 340 340 342 343 344 345 346 348 349 360 363 377 374 364
425 452 459 368 376 412 391 360 365 361 351 376 353 355 355 354 355 356 357 367 361 361 364 368 373 380 382 385 387 392 392 393 393 393 392 392 392 392 391 390 389 387 386 385 383 381 380 378 376 374 372 370 367 365 363 361 359 357 355 353 351 348 346 344 342 340 338 336 339 337 337 338 340 341 343 348 346 345 346 348 349 362 367 377 371 363
