data/layers/bio17.asc
NCOLS 507 
NROWS 956 
XLLCORNER -77.7833333333333 
YLLCORNER 0 
CELLSIZE 0.00833333333333335 
NODATA_value -3.4e+38 
[rows 38 to 75 of 956, columns 344 to 429 of 507]
315 320 321 325 325 328 331 334 335 337 340 341 342 344 345 347 349 348 356 359 359 360 362 365 367 363 389 398 361 374 387 390 377 382 344 342 317 313 311 310 306 303 301 301 301 301 299 304 301 292 289 291 283 292 290 290 287 -3.4e+38 -3.4e+38 -3.4e+38 -3.4e+38 -3.4e+38 -3.4e+38 -3.4e+38 -3.4e+38 -3.4e+38 -3.4e+38 -3.4e+38 -3.4e+38 -3.4e+38 -3.4e+38 -3.4e+38 -3.4e+38 -3.4e+38 -3.4e+38 -3.4e+38 -3.4e+38 -3.4e+38 -3.4e+38 -3.4e+38 -3.4e+38 -3.4e+38 -3.4e+38 -3.4e+38 -3.4e+38 -3.4e+38
317 323 324 326 329 331 334 336 340 341 341 344 347 346 348 350 349 351 361 363 374 367 369 364 363 367 389 391 361 372 376 378 373 384 376 350 322 314 312 316 318 307 304 303 301 305 305 304 302 298 290 286 285 290 294 293 289 286 -3.4e+38 -3.4e+38 -3.4e+38 -3.4e+38 -3.4e+38 -3.4e+38 -3.4e+38 -3.4e+38 -3.4e+38 -3.4e+38 -3.4e+38 -3.4e+38 -3.4e+38 -3.4e+38 -3.4e+38 -3.4e+38 -3.4e+38 -3.4e+38 -3.4e+38 -3.4e+38 -3.4e+38 -3.4e+38 -3.4e+38 -3.4e+38 -3.4e+38 -3.4e+38 -3.4e+38 -3.4e+38
321 324 327 329 330 335 338 339 340 342 344 345 347 348 350 351 352 362 367 363 361 360 359 363 363 362 361 380 363 363 362 369 380 394 372 360 321 315 319 327 318 306 306 312 307 309 306 309 301 297 292 292 287 294 298 294 289 288 -3.4e+38 -3.4e+38 -3.4e+38 -3.4e+38 -3.4e+38 -3.4e+38 -3.4e+38 -3.4e+38 -3.4e+38 -3.4e+38 -3.4e+38 -3.4e+38 -3.4e+38 -3.4e+38 -3.4e+38 -3.4e+38 -3.4e+38 -3.4e+38 -3.4e+38 -3.4e+38 -3.4e+38 -3.4e+38 -3.4e+38 -3.4e+38 -3.4e+38 -3.4e+38 -3.4e+38 -3.4e+38
325 327 331 332 335 337 341 342 344 345 347 348 350 350 352 353 357 363 370 372 368 366 374 367 362 361 375 392 364 369 384 383 394 391 366 345 359 327 340 326 322 310 310 310 311 314 312 311 304 301 295 297 293 299 296 293 293 290 280 -3.4e+38 -3.4e+38 -3.4e+38 -3.4e+38 -3.4e+38 -3.4e+38 -3.4e+38 -3.4e+38 -3.4e+38 -3.4e+38 -3.4e+38 -3.4e+38 -3.4e+38 -3.4e+38 -3.4e+38 -3.4e+38 -3.4e+38 -3.4e+38 -3.4e+38 -3.4e+38 -3.4e+38 -3.4e+38 -3.4e+38 -3.4e+38 -3.4e+38 -3.4e+38 -3.4e+38
327 330 333 335 338 340 343 345 347 347 350 351 352 353 355 355 360 368 368 369 371 369 374 383 377 373 376 396 366 372 374 370 393 383 360 336 322 345 344 328 308 308 306 305 308 310 308 313 304 302 299 294 297 300 295 294 296 289 284 -3.4e+38 -3.4e+38 -3.4e+38 -3.4e+38 -3.4e+38 -3.4e+38 -3.4e+38 -3.4e+38 -3.4e+38 -3.4e+38 -3.4e+38 -3.4e+38 -3.4e+38 -3.4e+38 -3.4e+38 -3.4e+38 -3.4e+38 -3.4e+38 -3.4e+38 -3.4e+38 -3.4e+38 -3.4e+38 -3.4e+38 -3.4e+38 -3.4e+38 -3.4e+38 -3.4e+38
331 333 336 337 341 343 345 346 349 349 351 353 355 355 357 360 362 371 368 370 369 369 373 378 380 381 384 394 374 380 379 389 402 395 358 336 324 317 326 315 312 308 307 306 307 310 311 311 311 306 303 300 299 303 293 297 293 291 281 276 -3.4e+38 -3.4e+38 -3.4e+38 -3.4e+38 -3.4e+38 -3.4e+38 -3.4e+38 -3.4e+38 -3.4e+38 -3.4e+38 -3.4e+38 -3.4e+38 -3.4e+38 -3.4e+38 -3.4e+38 -3.4e+38 -3.4e+38 -3.4e+38 -3.4e+38 -3.4e+38 -3.4e+38 -3.4e+38 -3.4e+38 -3.4e+38 -3.4e+38 -3.4e+38
333 337 339 341 344 347 350 349 351 352 354 355 357 358 362 363 366 373 373 375 380 380 372 373 375 376 384 393 381 379 375 402 397 385 351 329 322 318 320 319 312 309 312 309 309 308 311 317 315 310 301 298 301 308 299 299 297 289 274 272 -3.4e+38 -3.4e+38 -3.4e+38 -3.4e+38 -3.4e+38 -3.4e+38 -3.4e+38 -3.4e+38 -3.4e+38 -3.4e+38 -3.4e+38 -3.4e+38 -3.4e+38 -3.4e+38 -3.4e+38 -3.4e+38 -3.4e+38 -3.4e+38 -3.4e+38 -3.4e+38 -3.4e+38 -3.4e+38 -3.4e+38 -3.4e+38 -3.4e+38 -3.4e+38
336 339 342 344 347 350 353 351 354 356 357 358 360 364 368 367 368 371 368 372 382 380 378 379 377 377 383 386 370 382 384 405 402 367 335 332 323 317 319 315 308 309 312 312 314 312 309 311 315 311 305 298 302 309 303 302 298 288 280 275 -3.4e+38 -3.4e+38 -3.4e+38 -3.4e+38 -3.4e+38 -3.4e+38 -3.4e+38 -3.4e+38 -3.4e+38 -3.4e+38 -3.4e+38 -3.4e+38 -3.4e+38 -3.4e+38 -3.4e+38 -3.4e+38 -3.4e+38 -3.4e+38 -3.4e+38 -3.4e+38 -3.4e+38 -3.4e+38 -3.4e+38 -3.4e+38 -3.4e+38 -3.4e+38
338 342 345 347 349 352 356 354 357 358 359 360 361 362 368 373 371 370 375 370 373 371 375 381 371 370 386 379 370 371 386 411 404 351 343 329 329 324 331 319 309 311 312 314 315 321 312 310 314 313 311 300 301 310 306 301 295 289 285 279 267 -3.4e+38 -3.4e+38 -3.4e+38 -3.4e+38 -3.4e+38 -3.4e+38 -3.4e+38 -3.4e+38 -3.4e+38 -3.4e+38 -3.4e+38 -3.4e+38 -3.4e+38 -3.4e+38 -3.4e+38 -3.4e+38 -3.4e+38 -3.4e+38 -3.4e+38 -3.4e+38 -3.4e+38 -3.4e+38 -3.4e+38 -3.4e+38 -3.4e+38
340 345 346 350 352 355 359 358 360 361 363 365 364 365 367 374 378 377 380 372 375 376 374 376 371 375 372 372 382 379 399 412 408 368 358 331 329 327 322 328 307 310 311 318 320 318 317 312 313 318 310 301 301 307 306 300 296 290 283 276 269 -3.4e+38 -3.4e+38 -3.4e+38 -3.4e+38 -3.4e+38 -3.4e+38 -3.4e+38 -3.4e+38 -3.4e+38 -3.4e+38 -3.4e+38 -3.4e+38 -3.4e+38 -3.4e+38 -3.4e+38 -3.4e+38 -3.4e+38 -3.4e+38 -3.4e+38 -3.4e+38 -3.4e+38 -3.4e+38 -3.4e+38 -3.4e+38 -3.4e+38
343 347 350 352 356 357 361 360 363 367 368 368 366 369 371 372 374 381 387 375 379 381 371 377 384 389 372 390 385 383 408 408 408 379 339 334 330 342 331 331 314 313 314 316 321 321 321 311 307 319 313 308 306 306 307 304 301 292 287 278 273 -3.4e+38 -3.4e+38 -3.4e+38 -3.4e+38 -3.4e+38 -3.4e+38 -3.4e+38 -3.4e+38 -3.4e+38 -3.4e+38 -3.4e+38 -3.4e+38 -3.4e+38 -3.4e+38 -3.4e+38 -3.4e+38 -3.4e+38 -3.4e+38 -3.4e+38 -3.4e+38 -3.4e+38 -3.4e+38 -3.4e+38 -3.4e+38 -3.4e+38
346 349 352 355 358 360 363 362 364 369 371 371 374 374 374 376 375 379 390 377 385 384 376 377 382 391 389 389 386 386 408 414 391 381 353 339 344 338 328 333 306 314 314 316 315 330 321 314 307 318 319 310 307 305 307 301 300 297 289 280 271 269 -3.4e+38 -3.4e+38 -3.4e+38 -3.4e+38 -3.4e+38 -3.4e+38 -3.4e+38 -3.4e+38 -3.4e+38 -3.4e+38 -3.4e+38 -3.4e+38 -3.4e+38 -3.4e+38 -3.4e+38 -3.4e+38 -3.4e+38 -3.4e+38 -3.4e+38 -3.4e+38 -3.4e+38 -3.4e+38 -3.4e+38 -3.4e+38
349 352 355 358 360 363 365 365 368 371 372 373 375 376 377 380 379 380 382 377 381 383 382 379 384 390 392 390 384 386 402 412 412 385 363 362 349 339 339 338 328 312 315 319 317 330 325 307 308 304 320 309 306 304 308 303 300 295 292 283 272 272 -3.4e+38 -3.4e+38 -3.4e+38 -3.4e+38 -3.4e+38 -3.4e+38 -3.4e+38 -3.4e+38 -3.4e+38 -3.4e+38 -3.4e+38 -3.4e+38 -3.4e+38 -3.4e+38 -3.4e+38 -3.4e+38 -3.4e+38 -3.4e+38 -3.4e+38 -3.4e+38 -3.4e+38 -3.4e+38 -3.4e+38 -3.4e+38
352 354 357 360 363 365 367 370 370 374 375 377 378 380 380 379 378 383 379 383 379 381 382 382 380 382 381 391 378 379 402 411 385 372 362 356 352 340 335 336 327 319 317 320 321 324 331 315 310 309 321 308 307 305 307 305 302 299 291 283 276 277 -3.4e+38 -3.4e+38 -3.4e+38 -3.4e+38 -3.4e+38 -3.4e+38 -3.4e+38 -3.4e+38 -3.4e+38 -3.4e+38 -3.4e+38 -3.4e+38 -3.4e+38 -3.4e+38 -3.4e+38 -3.4e+38 -3.4e+38 -3.4e+38 -3.4e+38 -3.4e+38 -3.4e+38 -3.4e+38 -3.4e+38 -3.4e+38
354 357 361 364 366 369 370 372 372 375 378 379 380 382 382 383 381 383 384 385 386 379 378 379 380 382 381 377 380 380 388 397 396 398 350 350 352 355 332 330 324 318 321 316 325 326 326 314 309 306 322 313 307 306 306 303 302 299 290 282 278 281 -3.4e+38 -3.4e+38 -3.4e+38 -3.4e+38 -3.4e+38 -3.4e+38 -3.4e+38 -3.4e+38 -3.4e+38 -3.4e+38 -3.4e+38 -3.4e+38 -3.4e+38 -3.4e+38 -3.4e+38 -3.4e+38 -3.4e+38 -3.4e+38 -3.4e+38 -3.4e+38 -3.4e+38 -3.4e+38 -3.4e+38 -3.4e+38
358 361 363 366 369 371 372 373 375 377 379 380 382 384 384 383 379 388 387 388 388 381 381 381 387 379 384 391 382 399 406 404 399 376 351 341 361 343 331 331 328 321 321 319 322 329 332 318 315 310 323 312 308 307 307 304 302 298 290 280 282 286 287 -3.4e+38 -3.4e+38 -3.4e+38 -3.4e+38 -3.4e+38 -3.4e+38 -3.4e+38 -3.4e+38 -3.4e+38 -3.4e+38 -3.4e+38 -3.4e+38 -3.4e+38 -3.4e+38 -3.4e+38 -3.4e+38 -3.4e+38 -3.4e+38 -3.4e+38 -3.4e+38 -3.4e+38 -3.4e+38 -3.4e+38
361 363 364 367 371 375 373 375 377 379 380 382 383 385 384 385 383 384 386 389 388 389 383 381 385 386 380 381 377 389 404 401 391 387 382 385 363 342 328 332 327 323 322 316 325 329 333 322 317 310 323 311 310 308 308 305 303 297 289 284 289 290 291 -3.4e+38 -3.4e+38 -3.4e+38 -3.4e+38 -3.4e+38 -3.4e+38 -3.4e+38 -3.4e+38 -3.4e+38 -3.4e+38 -3.4e+38 -3.4e+38 -3.4e+38 -3.4e+38 -3.4e+38 -3.4e+38 -3.4e+38 -3.4e+38 -3.4e+38 -3.4e+38 -3.4e+38 -3.4e+38 -3.4e+38
363 365 367 369 374 378 375 376 378 380 382 383 385 385 386 385 383 383 388 390 389 387 382 383 388 387 384 384 379 378 397 400 395 396 387 392 381 345 329 332 326 324 323 319 326 329 334 322 319 313 320 313 310 309 307 305 305 299 291 294 293 295 290 -3.4e+38 -3.4e+38 -3.4e+38 -3.4e+38 -3.4e+38 -3.4e+38 -3.4e+38 -3.4e+38 -3.4e+38 -3.4e+38 -3.4e+38 -3.4e+38 -3.4e+38 -3.4e+38 -3.4e+38 -3.4e+38 -3.4e+38 -3.4e+38 -3.4e+38 -3.4e+38 -3.4e+38 -3.4e+38 -3.4e+38
365 366 370 373 377 380 382 378 380 381 383 385 386 386 386 387 385 389 390 389 390 390 389 390 390 382 379 384 381 392 398 397 395 392 368 374 387 342 328 332 334 327 326 322 329 330 335 329 326 316 323 315 311 309 306 306 304 305 299 299 300 299 288 282 -3.4e+38 -3.4e+38 -3.4e+38 -3.4e+38 -3.4e+38 -3.4e+38 -3.4e+38 -3.4e+38 -3.4e+38 -3.4e+38 -3.4e+38 -3.4e+38 -3.4e+38 -3.4e+38 -3.4e+38 -3.4e+38 -3.4e+38 -3.4e+38 -3.4e+38 -3.4e+38 -3.4e+38 -3.4e+38
367 370 373 373 379 381 382 381 382 383 385 385 386 389 388 386 386 388 387 388 390 392 392 392 388 382 378 377 383 394 394 393 390 377 366 366 368 348 335 331 336 325 325 324 332 336 331 328 319 320 326 312 312 311 308 307 305 307 301 303 300 293 287 280 -3.4e+38 -3.4e+38 -3.4e+38 -3.4e+38 -3.4e+38 -3.4e+38 -3.4e+38 -3.4e+38 -3.4e+38 -3.4e+38 -3.4e+38 -3.4e+38 -3.4e+38 -3.4e+38 -3.4e+38 -3.4e+38 -3.4e+38 -3.4e+38 -3.4e+38 -3.4e+38 -3.4e+38 -3.4e+38
368 373 374 374 378 382 383 381 383 384 385 387 388 389 389 388 389 392 390 392 391 389 387 389 391 382 378 381 381 394 391 386 379 371 359 342 351 332 330 333 344 339 325 327 331 330 324 323 318 323 320 313 312 311 309 308 309 310 307 302 300 291 285 281 -3.4e+38 -3.4e+38 -3.4e+38 -3.4e+38 -3.4e+38 -3.4e+38 -3.4e+38 -3.4e+38 -3.4e+38 -3.4e+38 -3.4e+38 -3.4e+38 -3.4e+38 -3.4e+38 -3.4e+38 -3.4e+38 -3.4e+38 -3.4e+38 -3.4e+38 -3.4e+38 -3.4e+38 -3.4e+38
371 372 374 375 379 381 383 383 384 386 386 387 389 390 389 388 391 391 382 389 392 384 388 390 380 378 379 378 384 389 388 376 363 353 353 345 330 333 331 337 343 339 330 333 336 331 326 319 315 317 317 314 312 311 311 308 311 310 304 303 300 293 290 282 280 -3.4e+38 -3.4e+38 -3.4e+38 -3.4e+38 -3.4e+38 -3.4e+38 -3.4e+38 -3.4e+38 -3.4e+38 -3.4e+38 -3.4e+38 -3.4e+38 -3.4e+38 -3.4e+38 -3.4e+38 -3.4e+38 -3.4e+38 -3.4e+38 -3.4e+38 -3.4e+38 -3.4e+38
372 374 375 376 380 381 382 385 385 387 388 387 388 390 390 393 392 389 387 387 387 387 381 382 378 378 377 378 384 389 384 374 367 330 346 345 346 335 332 349 346 344 337 325 321 329 329 321 320 316 318 317 314 314 314 313 309 306 304 301 298 296 289 283 282 -3.4e+38 -3.4e+38 -3.4e+38 -3.4e+38 -3.4e+38 -3.4e+38 -3.4e+38 -3.4e+38 -3.4e+38 -3.4e+38 -3.4e+38 -3.4e+38 -3.4e+38 -3.4e+38 -3.4e+38 -3.4e+38 -3.4e+38 -3.4e+38 -3.4e+38 -3.4e+38 -3.4e+38
373 376 377 378 381 383 384 385 386 388 387 388 389 390 390 392 392 389 383 385 381 380 379 379 378 378 376 377 380 385 381 379 368 340 350 340 355 343 334 340 345 349 338 324 323 326 322 322 320 319 320 317 315 315 317 311 309 306 303 303 300 297 293 287 290 -3.4e+38 -3.4e+38 -3.4e+38 -3.4e+38 -3.4e+38 -3.4e+38 -3.4e+38 -3.4e+38 -3.4e+38 -3.4e+38 -3.4e+38 -3.4e+38 -3.4e+38 -3.4e+38 -3.4e+38 -3.4e+38 -3.4e+38 -3.4e+38 -3.4e+38 -3.4e+38 -3.4e+38
375 377 380 381 382 384 385 386 386 387 388 389 388 390 391 392 391 387 382 390 387 381 380 381 377 376 376 376 382 387 385 378 363 345 350 344 336 344 337 333 332 351 337 329 325 327 324 323 323 319 321 320 316 316 314 312 310 307 306 303 303 303 295 288 294 293 -3.4e+38 -3.4e+38 -3.4e+38 -3.4e+38 -3.4e+38 -3.4e+38 -3.4e+38 -3.4e+38 -3.4e+38 -3.4e+38 -3.4e+38 -3.4e+38 -3.4e+38 -3.4e+38 -3.4e+38 -3.4e+38 -3.4e+38 -3.4e+38 -3.4e+38 -3.4e+38
378 378 381 382 384 385 385 386 387 388 389 389 391 391 390 392 390 385 389 388 387 382 379 378 376 376 374 374 377 381 379 378 372 355 369 369 353 347 350 337 333 345 341 326 326 327 326 326 324 324 323 324 317 319 315 313 311 307 306 306 304 304 300 295 297 297 -3.4e+38 -3.4e+38 -3.4e+38 -3.4e+38 -3.4e+38 -3.4e+38 -3.4e+38 -3.4e+38 -3.4e+38 -3.4e+38 -3.4e+38 -3.4e+38 -3.4e+38 -3.4e+38 -3.4e+38 -3.4e+38 -3.4e+38 -3.4e+38 -3.4e+38 -3.4e+38
381 380 383 384 384 386 386 387 388 391 391 390 392 393 392 390 389 389 388 389 387 381 378 377 383 379 374 373 379 381 375 381 377 372 360 357 351 335 336 347 354 343 347 337 333 328 328 327 325 320 321 317 314 317 315 311 311 309 307 304 303 301 302 300 299 299 -3.4e+38 -3.4e+38 -3.4e+38 -3.4e+38 -3.4e+38 -3.4e+38 -3.4e+38 -3.4e+38 -3.4e+38 -3.4e+38 -3.4e+38 -3.4e+38 -3.4e+38 -3.4e+38 -3.4e+38 -3.4e+38 -3.4e+38 -3.4e+38 -3.4e+38 -3.4e+38
382 381 384 385 386 387 388 388 390 392 391 392 391 392 390 392 387 386 387 387 387 383 379 381 380 379 373 373 376 378 373 379 378 372 345 358 350 341 334 353 354 351 348 341 341 337 335 328 325 322 318 318 314 314 314 313 310 307 307 305 304 299 304 304 301 299 -3.4e+38 -3.4e+38 -3.4e+38 -3.4e+38 -3.4e+38 -3.4e+38 -3.4e+38 -3.4e+38 -3.4e+38 -3.4e+38 -3.4e+38 -3.4e+38 -3.4e+38 -3.4e+38 -3.4e+38 -3.4e+38 -3.4e+38 -3.4e+38 -3.4e+38 -3.4e+38
384 384 386 386 388 389 389 388 392 392 392 393 392 391 392 390 391 387 387 387 386 379 379 377 379 376 378 372 371 371 380 377 374 373 343 352 357 347 340 337 348 343 342 330 326 332 332 331 328 327 320 316 312 313 311 313 311 308 307 306 304 303 300 304 302 301 299 -3.4e+38 -3.4e+38 -3.4e+38 -3.4e+38 -3.4e+38 -3.4e+38 -3.4e+38 -3.4e+38 -3.4e+38 -3.4e+38 -3.4e+38 -3.4e+38 -3.4e+38 -3.4e+38 -3.4e+38 -3.4e+38 -3.4e+38 -3.4e+38 -3.4e+38
385 386 384 387 388 390 390 390 390 392 393 393 393 391 391 385 385 392 390 384 384 386 381 381 377 378 380 378 370 375 372 366 366 374 354 351 361 354 348 351 345 349 332 327 324 331 331 331 333 327 322 319 315 314 312 313 311 308 307 307 304 306 305 304 304 303 301 -3.4e+38 -3.4e+38 -3.4e+38 -3.4e+38 -3.4e+38 -3.4e+38 -3.4e+38 -3.4e+38 -3.4e+38 -3.4e+38 -3.4e+38 -3.4e+38 -3.4e+38 -3.4e+38 -3.4e+38 -3.4e+38 -3.4e+38 -3.4e+38 -3.4e+38
383 386 386 388 389 391 391 391 390 393 392 394 393 393 392 392 386 391 390 385 387 384 382 382 379 375 380 379 369 374 377 364 367 372 359 353 361 354 354 350 345 347 338 328 326 327 328 329 330 329 324 318 318 315 312 313 311 309 307 307 304 306 305 305 305 303 302 -3.4e+38 -3.4e+38 -3.4e+38 -3.4e+38 -3.4e+38 -3.4e+38 -3.4e+38 -3.4e+38 -3.4e+38 -3.4e+38 -3.4e+38 -3.4e+38 -3.4e+38 -3.4e+38 -3.4e+38 -3.4e+38 -3.4e+38 -3.4e+38 -3.4e+38
384 388 388 387 390 392 392 393 390 391 391 393 394 392 394 389 391 391 390 386 386 383 386 375 375 376 381 377 368 367 373 367 363 362 368 366 361 359 352 342 335 340 345 332 334 330 328 325 327 326 323 318 317 313 312 311 311 310 310 307 304 306 306 306 305 304 302 302 -3.4e+38 -3.4e+38 -3.4e+38 -3.4e+38 -3.4e+38 -3.4e+38 -3.4e+38 -3.4e+38 -3.4e+38 -3.4e+38 -3.4e+38 -3.4e+38 -3.4e+38 -3.4e+38 -3.4e+38 -3.4e+38 -3.4e+38 -3.4e+38
387 388 384 391 391 392 392 393 392 391 390 394 393 394 393 391 390 389 390 386 384 386 384 378 373 375 376 375 372 366 370 360 347 354 354 351 358 357 353 347 339 339 341 341 331 331 327 323 323 319 327 319 317 314 314 312 311 310 308 307 307 307 306 306 305 305 302 302 -3.4e+38 -3.4e+38 -3.4e+38 -3.4e+38 -3.4e+38 -3.4e+38 -3.4e+38 -3.4e+38 -3.4e+38 -3.4e+38 -3.4e+38 -3.4e+38 -3.4e+38 -3.4e+38 -3.4e+38 -3.4e+38 -3.4e+38 -3.4e+38
385 391 390 390 391 391 395 393 393 390 385 395 394 392 392 391 388 390 390 383 387 385 380 379 375 375 374 375 373 366 367 365 358 358 358 345 353 354 352 349 343 336 333 329 327 326 324 323 321 320 325 318 316 315 312 311 311 311 309 307 307 309 307 307 306 306 303 302 -3.4e+38 -3.4e+38 -3.4e+38 -3.4e+38 -3.4e+38 -3.4e+38 -3.4e+38 -3.4e+38 -3.4e+38 -3.4e+38 -3.4e+38 -3.4e+38 -3.4e+38 -3.4e+38 -3.4e+38 -3.4e+38 -3.4e+38 -3.4e+38
392 387 393 392 392 392 394 394 392 377 383 394 392 392 393 391 390 390 388 383 386 383 382 379 373 374 370 374 372 367 365 370 364 357 346 343 341 352 351 345 335 331 329 328 329 328 327 324 322 320 322 319 316 312 313 312 311 311 310 309 307 307 310 308 307 305 304 302 301 -3.4e+38 -3.4e+38 -3.4e+38 -3.4e+38 -3.4e+38 -3.4e+38 -3.4e+38 -3.4e+38 -3.4e+38 -3.4e+38 -3.4e+38 -3.4e+38 -3.4e+38 -3.4e+38 -3.4e+38 -3.4e+38 -3.4e+38
387 391 394 390 393 393 393 395 394 374 380 391 393 392 392 388 389 388 385 383 384 383 381 377 372 374 376 374 372 365 366 368 353 351 342 340 338 340 343 336 335 332 329 328 328 326 325 323 322 321 318 317 316 314 313 312 312 311 310 310 308 308 309 308 306 304 304 303 302 -3.4e+38 -3.4e+38 -3.4e+38 -3.4e+38 -3.4e+38 -3.4e+38 -3.4e+38 -3.4e+38 -3.4e+38 -3.4e+38 -3.4e+38 -3.4e+38 -3.4e+38 -3.4e+38 -3.4e+38 -3.4e+38 -3.4e+38
385 387 391 391 392 395 390 394 396 381 377 376 387 392 391 388 389 387 386 386 383 382 379 370 373 374 374 373 371 369 368 366 348 344 340 340 338 338 337 337 335 332 328 325 327 323 326 324 321 321 318 317 314 312 313 312 312 311 311 308 308 308 309 307 307 305 305 303 302 -3.4e+38 -3.4e+38 -3.4e+38 -3.4e+38 -3.4e+38 -3.4e+38 -3.4e+38 -3.4e+38 -3.4e+38 -3.4e+38 -3.4e+38 -3.4e+38 -3.4e+38 -3.4e+38 -3.4e+38 -3.4e+38 -3.4e+38
379 386 393 393 389 393 393 395 394 388 375 389 394 392 390 389 389 387 384 384 382 381 379 372 374 374 373 371 369 369 367 366 356 342 341 339 339 337 336 333 336 331 329 326 324 323 324 322 321 319 318 317 314 313 313 313 311 311 311 309 309 311 309 308 306 306 304 304 303 -3.4e+38 -3.4e+38 -3.4e+38 -3.4e+38 -3.4e+38 -3.4e+38 -3.4e+38 -3.4e+38 -3.4e+38 -3.4e+38 -3.4e+38 -3.4e+38 -3.4e+38 -3.4e+38 -3.4e+38 -3.4e+38 -3.4e+38
