data/layers/bio16.asc
NCOLS 507 
NROWS 956 
XLLCORNER -77.7833333333333 
YLLCORNER 0 
CELLSIZE 0.00833333333333335 
NODATA_value -3.4e+38 
[rows 111 to 147 of 956, columns 85 to 169 of 507]
-3.4e+38 -3.4e+38 -3.4e+38 -3.4e+38 -3.4e+38 -3.4e+38 -3.4e+38 -3.4e+38 -3.4e+38 -3.4e+38 -3.4e+38 -3.4e+38 -3.4e+38 -3.4e+38 -3.4e+38 -3.4e+38 -3.4e+38 -3.4e+38 -3.4e+38 -3.4e+38 -3.4e+38 -3.4e+38 -3.4e+38 -3.4e+38 -3.4e+38 -3.4e+38 -3.4e+38 -3.4e+38 -3.4e+38 -3.4e+38 -3.4e+38 -3.4e+38 -3.4e+38 -3.4e+38 -3.4e+38 -3.4e+38 -3.4e+38 -3.4e+38 -3.4e+38 -3.4e+38 -3.4e+38 -3.4e+38 -3.4e+38 -3.4e+38 -3.4e+38 -3.4e+38 1379 1182 1129 1296 1355 1388 1410 1426 1435 1432 1398 1411 1409 1423 1373 1172 1203 1121 1035 1039 1081 1011 981 1003 1058 1127 1097 1139 1259 1351 1306 1211 1198 1271 1351 1342 1269 1206 1196
-3.4e+38 -3.4e+38 -3.4e+38 -3.4e+38 -3.4e+38 -3.4e+38 -3.4e+38 -3.4e+38 -3.4e+38 -3.4e+38 -3.4e+38 -3.4e+38 -3.4e+38 -3.4e+38 -3.4e+38 -3.4e+38 -3.4e+38 -3.4e+38 -3.4e+38 -3.4e+38 -3.4e+38 -3.4e+38 -3.4e+38 -3.4e+38 -3.4e+38 -3.4e+38 -3.4e+38 -3.4e+38 -3.4e+38 -3.4e+38 -3.4e+38 -3.4e+38 -3.4e+38 -3.4e+38 -3.4e+38 -3.4e+38 -3.4e+38 -3.4e+38 -3.4e+38 -3.4e+38 -3.4e+38 -3.4e+38 -3.4e+38 -3.4e+38 -3.4e+38 1408 1372 1125 1175 1254 1333 1388 1417 1426 1425 1406 1421 1380 1414 1419 1387 1263 1104 1084 1064 1077 1030 1048 1014 999 1140 1239 1191 1238 1295 1213 1335 1263 1073 1162 1249 1178 1323 1317 1220
-3.4e+38 -3.4e+38 -3.4e+38 -3.4e+38 -3.4e+38 -3.4e+38 -3.4e+38 -3.4e+38 -3.4e+38 -3.4e+38 -3.4e+38 -3.4e+38 -3.4e+38 -3.4e+38 -3.4e+38 -3.4e+38 -3.4e+38 -3.4e+38 -3.4e+38 -3.4e+38 -3.4e+38 -3.4e+38 -3.4e+38 -3.4e+38 -3.4e+38 -3.4e+38 -3.4e+38 -3.4e+38 -3.4e+38 -3.4e+38 -3.4e+38 -3.4e+38 -3.4e+38 -3.4e+38 -3.4e+38 -3.4e+38 -3.4e+38 -3.4e+38 -3.4e+38 -3.4e+38 -3.4e+38 -3.4e+38 -3.4e+38 -3.4e+38 1401 1406 1333 1263 1273 1336 1373 1395 1401 1416 1420 1405 1407 1374 1403 1405 1385 1304 1112 1078 1107 1150 1106 1100 1010 1010 1056 1079 1218 1234 1253 1305 1254 1218 1092 1139 1193 1199 1219 1220 1228
-3.4e+38 -3.4e+38 -3.4e+38 -3.4e+38 -3.4e+38 -3.4e+38 -3.4e+38 -3.4e+38 -3.4e+38 -3.4e+38 -3.4e+38 -3.4e+38 -3.4e+38 -3.4e+38 -3.4e+38 -3.4e+38 -3.4e+38 -3.4e+38 -3.4e+38 -3.4e+38 -3.4e+38 -3.4e+38 -3.4e+38 -3.4e+38 -3.4e+38 -3.4e+38 -3.4e+38 -3.4e+38 -3.4e+38 -3.4e+38 -3.4e+38 -3.4e+38 -3.4e+38 -3.4e+38 -3.4e+38 -3.4e+38 -3.4e+38 -3.4e+38 -3.4e+38 -3.4e+38 -3.4e+38 -3.4e+38 -3.4e+38 1393 1398 1381 1373 1378 1368 1381 1332 1257 1349 1402 1407 1394 1398 1359 1386 1394 1360 1308 1111 1041 1077 1121 1163 1108 1024 993 1022 1126 1231 1349 1317 1196 1169 1128 1065 1161 1078 1195 1148 1179 1161
-3.4e+38 -3.4e+38 -3.4e+38 -3.4e+38 -3.4e+38 -3.4e+38 -3.4e+38 -3.4e+38 -3.4e+38 -3.4e+38 -3.4e+38 -3.4e+38 -3.4e+38 -3.4e+38 -3.4e+38 -3.4e+38 -3.4e+38 -3.4e+38 -3.4e+38 -3.4e+38 -3.4e+38 -3.4e+38 -3.4e+38 -3.4e+38 -3.4e+38 -3.4e+38 -3.4e+38 -3.4e+38 -3.4e+38 -3.4e+38 -3.4e+38 -3.4e+38 -3.4e+38 -3.4e+38 -3.4e+38 -3.4e+38 -3.4e+38 -3.4e+38 -3.4e+38 -3.4e+38 -3.4e+38 -3.4e+38 1389 1391 1396 1399 1390 1402 1404 1389 1379 1249 1330 1395 1410 1403 1394 1386 1374 1392 1368 1262 1103 1072 1055 1118 1166 1114 1042 1013 1033 1230 1313 1234 1306 1172 1142 1027 1103 1118 1024 1146 1097 1212 1121
-3.4e+38 -3.4e+38 -3.4e+38 -3.4e+38 -3.4e+38 -3.4e+38 -3.4e+38 -3.4e+38 -3.4e+38 -3.4e+38 -3.4e+38 -3.4e+38 -3.4e+38 -3.4e+38 -3.4e+38 -3.4e+38 -3.4e+38 -3.4e+38 -3.4e+38 -3.4e+38 -3.4e+38 -3.4e+38 -3.4e+38 -3.4e+38 -3.4e+38 -3.4e+38 -3.4e+38 -3.4e+38 -3.4e+38 -3.4e+38 -3.4e+38 -3.4e+38 -3.4e+38 -3.4e+38 -3.4e+38 -3.4e+38 -3.4e+38 -3.4e+38 -3.4e+38 -3.4e+38 -3.4e+38 1382 1385 1388 1391 1397 1400 1402 1400 1358 1387 1365 1389 1407 1404 1392 1403 1390 1345 1364 1362 1305 1223 1133 1092 1196 1191 1180 1124 1078 1149 1310 1228 1123 1253 1254 1074 987 1068 1073 1008 1115 1061 1196 1147
-3.4e+38 -3.4e+38 -3.4e+38 -3.4e+38 -3.4e+38 -3.4e+38 -3.4e+38 -3.4e+38 -3.4e+38 -3.4e+38 -3.4e+38 -3.4e+38 -3.4e+38 -3.4e+38 -3.4e+38 -3.4e+38 -3.4e+38 -3.4e+38 -3.4e+38 -3.4e+38 -3.4e+38 -3.4e+38 -3.4e+38 -3.4e+38 -3.4e+38 -3.4e+38 -3.4e+38 -3.4e+38 -3.4e+38 -3.4e+38 -3.4e+38 -3.4e+38 -3.4e+38 -3.4e+38 -3.4e+38 -3.4e+38 -3.4e+38 -3.4e+38 -3.4e+38 -3.4e+38 -3.4e+38 1380 1383 1386 1389 1391 1394 1398 1398 1403 1401 1395 1394 1405 1384 1397 1406 1396 1325 1315 1298 1227 1221 1148 1166 1169 1185 1217 1176 1229 1246 1215 1189 1107 1221 1197 1022 965 967 974 984 999 936 1114 1037
-3.4e+38 -3.4e+38 -3.4e+38 -3.4e+38 -3.4e+38 -3.4e+38 -3.4e+38 -3.4e+38 -3.4e+38 -3.4e+38 -3.4e+38 -3.4e+38 -3.4e+38 -3.4e+38 -3.4e+38 -3.4e+38 -3.4e+38 -3.4e+38 -3.4e+38 -3.4e+38 -3.4e+38 -3.4e+38 -3.4e+38 -3.4e+38 -3.4e+38 -3.4e+38 -3.4e+38 -3.4e+38 -3.4e+38 -3.4e+38 -3.4e+38 -3.4e+38 -3.4e+38 -3.4e+38 -3.4e+38 -3.4e+38 -3.4e+38 -3.4e+38 -3.4e+38 -3.4e+38 1374 1378 1380 1384 1386 1389 1392 1396 1398 1400 1401 1403 1395 1403 1390 1402 1402 1364 1289 1265 1267 1340 1270 1139 1172 1131 1147 1174 1112 1057 1086 1115 1062 1126 1253 1223 1156 1029 1017 1000 972 1084 992 976 975
-3.4e+38 -3.4e+38 -3.4e+38 -3.4e+38 -3.4e+38 -3.4e+38 -3.4e+38 -3.4e+38 -3.4e+38 -3.4e+38 -3.4e+38 -3.4e+38 -3.4e+38 -3.4e+38 -3.4e+38 -3.4e+38 -3.4e+38 -3.4e+38 -3.4e+38 -3.4e+38 -3.4e+38 -3.4e+38 -3.4e+38 -3.4e+38 -3.4e+38 -3.4e+38 -3.4e+38 -3.4e+38 -3.4e+38 -3.4e+38 -3.4e+38 -3.4e+38 -3.4e+38 -3.4e+38 -3.4e+38 -3.4e+38 -3.4e+38 -3.4e+38 -3.4e+38 1370 1373 1377 1379 1382 1382 1387 1390 1392 1395 1396 1399 1397 1401 1401 1395 1404 1392 1379 1393 1342 1367 1355 1198 1115 1162 1113 1073 1085 1118 1018 1000 997 1032 1169 1241 1265 1238 1101 1098 1089 1086 1105 1028 1011 991
-3.4e+38 -3.4e+38 -3.4e+38 -3.4e+38 -3.4e+38 -3.4e+38 -3.4e+38 -3.4e+38 -3.4e+38 -3.4e+38 -3.4e+38 -3.4e+38 -3.4e+38 -3.4e+38 -3.4e+38 -3.4e+38 -3.4e+38 -3.4e+38 -3.4e+38 -3.4e+38 -3.4e+38 -3.4e+38 -3.4e+38 -3.4e+38 -3.4e+38 -3.4e+38 -3.4e+38 -3.4e+38 -3.4e+38 -3.4e+38 -3.4e+38 -3.4e+38 -3.4e+38 -3.4e+38 -3.4e+38 -3.4e+38 -3.4e+38 -3.4e+38 1364 1369 1372 1374 1377 1380 1369 1385 1388 1390 1390 1392 1394 1396 1394 1399 1398 1393 1382 1394 1353 1370 1371 1350 1254 1081 1091 1052 1022 1134 1080 1009 977 998 1029 1081 1220 1109 1234 1263 1218 1144 1159 1143 1078 1077 1044
-3.4e+38 -3.4e+38 -3.4e+38 -3.4e+38 -3.4e+38 -3.4e+38 -3.4e+38 -3.4e+38 -3.4e+38 -3.4e+38 -3.4e+38 -3.4e+38 -3.4e+38 -3.4e+38 -3.4e+38 -3.4e+38 -3.4e+38 -3.4e+38 -3.4e+38 -3.4e+38 -3.4e+38 -3.4e+38 -3.4e+38 -3.4e+38 -3.4e+38 -3.4e+38 -3.4e+38 -3.4e+38 -3.4e+38 -3.4e+38 -3.4e+38 -3.4e+38 -3.4e+38 -3.4e+38 -3.4e+38 -3.4e+38 -3.4e+38 1360 1363 1366 1369 1372 1375 1378 1362 1381 1385 1385 1374 1387 1390 1393 1395 1395 1394 1385 1333 1355 1282 1334 1281 1352 1278 1135 1073 1080 1045 1102 1093 1016 976 1035 1071 1150 1124 1074 1173 1114 1122 1169 1106 1095 1044 1004 948
-3.4e+38 -3.4e+38 -3.4e+38 -3.4e+38 -3.4e+38 -3.4e+38 -3.4e+38 -3.4e+38 -3.4e+38 -3.4e+38 -3.4e+38 -3.4e+38 -3.4e+38 -3.4e+38 -3.4e+38 -3.4e+38 -3.4e+38 -3.4e+38 -3.4e+38 -3.4e+38 -3.4e+38 -3.4e+38 -3.4e+38 -3.4e+38 -3.4e+38 -3.4e+38 -3.4e+38 -3.4e+38 -3.4e+38 -3.4e+38 -3.4e+38 -3.4e+38 -3.4e+38 -3.4e+38 -3.4e+38 -3.4e+38 1356 1358 1362 1364 1367 1370 1373 1375 1358 1374 1382 1383 1364 1379 1387 1390 1389 1391 1392 1385 1367 1353 1224 1267 1218 1320 1120 1101 1141 1054 1034 1053 1093 1033 994 1027 1058 1061 1044 1187 1140 1006 1045 1155 1091 1023 1044 976 927
-3.4e+38 -3.4e+38 -3.4e+38 -3.4e+38 -3.4e+38 -3.4e+38 -3.4e+38 -3.4e+38 -3.4e+38 -3.4e+38 -3.4e+38 -3.4e+38 -3.4e+38 -3.4e+38 -3.4e+38 -3.4e+38 -3.4e+38 -3.4e+38 -3.4e+38 -3.4e+38 -3.4e+38 -3.4e+38 -3.4e+38 -3.4e+38 -3.4e+38 -3.4e+38 -3.4e+38 -3.4e+38 -3.4e+38 -3.4e+38 -3.4e+38 -3.4e+38 -3.4e+38 -3.4e+38 -3.4e+38 -3.4e+38 1356 1357 1360 1363 1366 1368 1370 1374 1350 1369 1380 1372 1362 1364 1386 1385 1374 1370 1389 1388 1386 1353 1226 1245 1195 1284 1138 1135 1189 1100 1032 1034 1071 1037 990 1022 1013 1009 1109 1213 1169 1046 975 1092 1106 1023 978 956 928
-3.4e+38 -3.4e+38 -3.4e+38 -3.4e+38 -3.4e+38 -3.4e+38 -3.4e+38 -3.4e+38 -3.4e+38 -3.4e+38 -3.4e+38 -3.4e+38 -3.4e+38 -3.4e+38 -3.4e+38 -3.4e+38 -3.4e+38 -3.4e+38 -3.4e+38 -3.4e+38 -3.4e+38 -3.4e+38 -3.4e+38 -3.4e+38 -3.4e+38 -3.4e+38 -3.4e+38 -3.4e+38 -3.4e+38 -3.4e+38 -3.4e+38 -3.4e+38 -3.4e+38 -3.4e+38 -3.4e+38 -3.4e+38 1356 1357 1359 1361 1363 1366 1368 1370 1305 1317 1368 1373 1369 1367 1381 1364 1349 1332 1319 1330 1363 1379 1210 1231 1225 1213 1197 1206 1175 1102 1039 1011 1043 994 970 993 997 1044 1162 1252 1118 1052 983 1190 1145 1016 974 940 921
-3.4e+38 -3.4e+38 -3.4e+38 -3.4e+38 -3.4e+38 -3.4e+38 -3.4e+38 -3.4e+38 -3.4e+38 -3.4e+38 -3.4e+38 -3.4e+38 -3.4e+38 -3.4e+38 -3.4e+38 -3.4e+38 -3.4e+38 -3.4e+38 -3.4e+38 -3.4e+38 -3.4e+38 -3.4e+38 -3.4e+38 -3.4e+38 -3.4e+38 -3.4e+38 -3.4e+38 -3.4e+38 -3.4e+38 -3.4e+38 -3.4e+38 -3.4e+38 -3.4e+38 -3.4e+38 -3.4e+38 1353 1355 1357 1359 1361 1362 1364 1366 1369 1360 1360 1356 1375 1376 1373 1362 1314 1320 1281 1224 1237 1316 1364 1356 1228 1222 1199 1155 1151 1124 1078 1038 1016 1016 988 961 987 1001 1074 1217 1185 996 999 980 1138 1118 1091 984 963 923
-3.4e+38 -3.4e+38 -3.4e+38 -3.4e+38 -3.4e+38 -3.4e+38 -3.4e+38 -3.4e+38 -3.4e+38 -3.4e+38 -3.4e+38 -3.4e+38 -3.4e+38 -3.4e+38 -3.4e+38 -3.4e+38 -3.4e+38 -3.4e+38 -3.4e+38 -3.4e+38 -3.4e+38 -3.4e+38 -3.4e+38 -3.4e+38 -3.4e+38 -3.4e+38 -3.4e+38 -3.4e+38 -3.4e+38 -3.4e+38 -3.4e+38 -3.4e+38 -3.4e+38 -3.4e+38 -3.4e+38 1354 1356 1358 1358 1361 1362 1365 1366 1368 1369 1370 1367 1373 1374 1373 1346 1291 1308 1256 1181 1191 1300 1354 1341 1297 1201 1166 1151 1130 1081 1058 1033 1055 1016 991 994 1028 1011 1104 1201 1103 980 980 991 1048 1079 1023 950 953 924
-3.4e+38 -3.4e+38 -3.4e+38 -3.4e+38 -3.4e+38 -3.4e+38 -3.4e+38 -3.4e+38 -3.4e+38 -3.4e+38 -3.4e+38 -3.4e+38 -3.4e+38 -3.4e+38 -3.4e+38 -3.4e+38 -3.4e+38 -3.4e+38 -3.4e+38 -3.4e+38 -3.4e+38 -3.4e+38 -3.4e+38 -3.4e+38 -3.4e+38 -3.4e+38 -3.4e+38 -3.4e+38 -3.4e+38 -3.4e+38 -3.4e+38 -3.4e+38 -3.4e+38 -3.4e+38 -3.4e+38 1353 1355 1357 1360 1361 1363 1365 1366 1367 1369 1367 1370 1371 1371 1369 1363 1340 1326 1273 1204 1240 1301 1335 1350 1316 1211 1108 1117 1117 1104 1055 1038 1071 1032 1013 1011 1094 1117 1091 1215 1129 1034 984 974 1015 1127 1028 951 938 923
-3.4e+38 -3.4e+38 -3.4e+38 -3.4e+38 -3.4e+38 -3.4e+38 -3.4e+38 -3.4e+38 -3.4e+38 -3.4e+38 -3.4e+38 -3.4e+38 -3.4e+38 -3.4e+38 -3.4e+38 -3.4e+38 -3.4e+38 -3.4e+38 -3.4e+38 -3.4e+38 -3.4e+38 -3.4e+38 -3.4e+38 -3.4e+38 -3.4e+38 -3.4e+38 -3.4e+38 -3.4e+38 -3.4e+38 -3.4e+38 -3.4e+38 -3.4e+38 -3.4e+38 -3.4e+38 1352 1354 1356 1358 1360 1362 1363 1365 1367 1368 1368 1369 1368 1369 1368 1364 1352 1345 1295 1240 1154 1208 1294 1331 1347 1281 1264 1086 1134 1102 1062 1050 1087 1119 1072 1031 1088 1152 1074 1132 1157 1062 997 971 965 968 1051 1001 955 933 926
-3.4e+38 -3.4e+38 -3.4e+38 -3.4e+38 -3.4e+38 -3.4e+38 -3.4e+38 -3.4e+38 -3.4e+38 -3.4e+38 -3.4e+38 -3.4e+38 -3.4e+38 -3.4e+38 -3.4e+38 -3.4e+38 -3.4e+38 -3.4e+38 -3.4e+38 -3.4e+38 -3.4e+38 -3.4e+38 -3.4e+38 -3.4e+38 -3.4e+38 -3.4e+38 -3.4e+38 -3.4e+38 -3.4e+38 -3.4e+38 -3.4e+38 -3.4e+38 -3.4e+38 -3.4e+38 1353 1354 1357 1358 1361 1362 1363 1365 1367 1367 1363 1364 1364 1366 1365 1360 1356 1325 1300 1243 1168 1212 1300 1338 1331 1283 1130 1074 1115 1074 1078 1093 1063 1100 1108 1093 1147 1075 1013 1039 1137 1070 1003 991 967 979 1053 964 945 940 933
-3.4e+38 -3.4e+38 -3.4e+38 -3.4e+38 -3.4e+38 -3.4e+38 -3.4e+38 -3.4e+38 -3.4e+38 -3.4e+38 -3.4e+38 -3.4e+38 -3.4e+38 -3.4e+38 -3.4e+38 -3.4e+38 -3.4e+38 -3.4e+38 -3.4e+38 -3.4e+38 -3.4e+38 -3.4e+38 -3.4e+38 -3.4e+38 -3.4e+38 -3.4e+38 -3.4e+38 -3.4e+38 -3.4e+38 -3.4e+38 -3.4e+38 -3.4e+38 -3.4e+38 -3.4e+38 1353 1354 1357 1359 1362 1363 1363 1367 1366 1366 1367 1358 1362 1365 1364 1348 1329 1290 1248 1155 1146 1228 1318 1327 1326 1304 1196 1074 1082 1079 1100 1110 1138 1116 1121 1161 1094 1115 1029 1013 1082 1025 986 990 978 966 1011 1074 956 946 946
-3.4e+38 -3.4e+38 -3.4e+38 -3.4e+38 -3.4e+38 -3.4e+38 -3.4e+38 -3.4e+38 -3.4e+38 -3.4e+38 -3.4e+38 -3.4e+38 -3.4e+38 -3.4e+38 -3.4e+38 -3.4e+38 -3.4e+38 -3.4e+38 -3.4e+38 -3.4e+38 -3.4e+38 -3.4e+38 -3.4e+38 -3.4e+38 -3.4e+38 -3.4e+38 -3.4e+38 -3.4e+38 -3.4e+38 -3.4e+38 -3.4e+38 -3.4e+38 -3.4e+38 1351 1354 1355 1358 1361 1362 1363 1364 1367 1368 1359 1355 1353 1361 1364 1359 1334 1286 1185 1153 1111 1145 1237 1294 1296 1325 1296 1222 1099 1107 1082 1066 1062 1079 1062 1097 1144 1058 1079 1054 1009 1018 1036 994 1002 1011 980 1006 1009 1003 959 971
-3.4e+38 -3.4e+38 -3.4e+38 -3.4e+38 -3.4e+38 -3.4e+38 -3.4e+38 -3.4e+38 -3.4e+38 -3.4e+38 -3.4e+38 -3.4e+38 -3.4e+38 -3.4e+38 -3.4e+38 -3.4e+38 -3.4e+38 -3.4e+38 -3.4e+38 -3.4e+38 -3.4e+38 -3.4e+38 -3.4e+38 -3.4e+38 -3.4e+38 -3.4e+38 -3.4e+38 -3.4e+38 -3.4e+38 -3.4e+38 -3.4e+38 -3.4e+38 -3.4e+38 1353 1354 1355 1358 1360 1362 1364 1366 1367 1368 1369 1348 1350 1358 1358 1337 1304 1256 1125 1129 1105 1118 1147 1241 1299 1311 1301 1191 1127 1119 1097 1052 1049 1044 1047 1083 1143 1085 1121 1043 1015 996 996 1021 997 1007 1010 1019 980 960 953 949
-3.4e+38 -3.4e+38 -3.4e+38 -3.4e+38 -3.4e+38 -3.4e+38 -3.4e+38 -3.4e+38 -3.4e+38 -3.4e+38 -3.4e+38 -3.4e+38 -3.4e+38 -3.4e+38 -3.4e+38 -3.4e+38 -3.4e+38 -3.4e+38 -3.4e+38 -3.4e+38 -3.4e+38 -3.4e+38 -3.4e+38 -3.4e+38 -3.4e+38 -3.4e+38 -3.4e+38 -3.4e+38 -3.4e+38 -3.4e+38 -3.4e+38 -3.4e+38 -3.4e+38 1354 1355 1356 1359 1360 1362 1364 1365 1368 1369 1369 1353 1352 1350 1351 1329 1292 1241 1170 1097 1098 1112 1115 1170 1247 1292 1283 1153 1131 1121 1091 1061 1076 1069 1071 1122 1174 1067 1063 1102 1045 1002 995 1011 988 998 992 1000 975 954 948 947
-3.4e+38 -3.4e+38 -3.4e+38 -3.4e+38 -3.4e+38 -3.4e+38 -3.4e+38 -3.4e+38 -3.4e+38 -3.4e+38 -3.4e+38 -3.4e+38 -3.4e+38 -3.4e+38 -3.4e+38 -3.4e+38 -3.4e+38 -3.4e+38 -3.4e+38 -3.4e+38 -3.4e+38 -3.4e+38 -3.4e+38 -3.4e+38 -3.4e+38 -3.4e+38 -3.4e+38 -3.4e+38 -3.4e+38 -3.4e+38 -3.4e+38 -3.4e+38 1351 1354 1356 1358 1359 1361 1363 1365 1366 1369 1368 1371 1369 1362 1347 1344 1345 1331 1294 1239 1156 1100 1126 1127 1162 1181 1253 1260 1137 1109 1130 1118 1106 1122 1121 1063 1129 1067 1032 1045 1069 1075 1067 1000 994 1010 1005 993 977 978 963 944 944
-3.4e+38 -3.4e+38 -3.4e+38 -3.4e+38 -3.4e+38 -3.4e+38 -3.4e+38 -3.4e+38 -3.4e+38 -3.4e+38 -3.4e+38 -3.4e+38 -3.4e+38 -3.4e+38 -3.4e+38 -3.4e+38 -3.4e+38 -3.4e+38 -3.4e+38 -3.4e+38 -3.4e+38 -3.4e+38 -3.4e+38 -3.4e+38 -3.4e+38 -3.4e+38 -3.4e+38 -3.4e+38 -3.4e+38 -3.4e+38 -3.4e+38 -3.4e+38 1351 1354 1356 1358 1360 1362 1364 1365 1367 1369 1369 1369 1371 1371 1342 1307 1328 1325 1306 1270 1229 1166 1151 1150 1214 1173 1256 1252 1126 1114 1124 1099 1089 1108 1122 1141 1119 1080 1038 1026 1034 1037 1029 1011 988 996 1008 1001 994 970 961 942 942
-3.4e+38 -3.4e+38 -3.4e+38 -3.4e+38 -3.4e+38 -3.4e+38 -3.4e+38 -3.4e+38 -3.4e+38 -3.4e+38 -3.4e+38 -3.4e+38 -3.4e+38 -3.4e+38 -3.4e+38 -3.4e+38 -3.4e+38 -3.4e+38 -3.4e+38 -3.4e+38 -3.4e+38 -3.4e+38 -3.4e+38 -3.4e+38 -3.4e+38 -3.4e+38 -3.4e+38 -3.4e+38 -3.4e+38 -3.4e+38 -3.4e+38 1351 1354 1355 1358 1360 1362 1364 1365 1366 1368 1370 1371 1371 1371 1370 1329 1299 1272 1312 1324 1298 1281 1231 1175 1153 1240 1237 1176 1249 1123 1117 1129 1095 1077 1091 1110 1071 1125 1064 1033 1028 1033 1027 1023 1012 988 991 1009 1004 995 968 959 949 942
-3.4e+38 -3.4e+38 -3.4e+38 -3.4e+38 -3.4e+38 -3.4e+38 -3.4e+38 -3.4e+38 -3.4e+38 -3.4e+38 -3.4e+38 -3.4e+38 -3.4e+38 -3.4e+38 -3.4e+38 -3.4e+38 -3.4e+38 -3.4e+38 -3.4e+38 -3.4e+38 -3.4e+38 -3.4e+38 -3.4e+38 -3.4e+38 -3.4e+38 -3.4e+38 -3.4e+38 -3.4e+38 -3.4e+38 -3.4e+38 -3.4e+38 1352 1355 1358 1359 1361 1363 1365 1366 1368 1368 1371 1372 1371 1371 1370 1355 1319 1286 1299 1334 1336 1306 1295 1207 1191 1239 1247 1192 1153 1133 1131 1131 1100 1084 1073 1093 1085 1084 1064 1046 1045 1049 1014 1017 1014 987 992 1006 1007 998 976 964 947 944
-3.4e+38 -3.4e+38 -3.4e+38 -3.4e+38 -3.4e+38 -3.4e+38 -3.4e+38 -3.4e+38 -3.4e+38 -3.4e+38 -3.4e+38 -3.4e+38 -3.4e+38 -3.4e+38 -3.4e+38 -3.4e+38 -3.4e+38 -3.4e+38 -3.4e+38 -3.4e+38 -3.4e+38 -3.4e+38 -3.4e+38 -3.4e+38 -3.4e+38 -3.4e+38 -3.4e+38 -3.4e+38 -3.4e+38 -3.4e+38 -3.4e+38 1354 1355 1359 1360 1362 1364 1366 1367 1369 1370 1372 1373 1374 1372 1371 1364 1336 1308 1321 1347 1341 1328 1318 1310 1277 1221 1272 1257 1139 1126 1140 1130 1101 1083 1074 1091 1071 1068 1062 1056 1037 1028 1014 1040 1004 990 995 999 1008 1000 988 969 950 944
-3.4e+38 -3.4e+38 -3.4e+38 -3.4e+38 -3.4e+38 -3.4e+38 -3.4e+38 -3.4e+38 -3.4e+38 -3.4e+38 -3.4e+38 -3.4e+38 -3.4e+38 -3.4e+38 -3.4e+38 -3.4e+38 -3.4e+38 -3.4e+38 -3.4e+38 -3.4e+38 -3.4e+38 -3.4e+38 -3.4e+38 -3.4e+38 -3.4e+38 -3.4e+38 -3.4e+38 -3.4e+38 -3.4e+38 -3.4e+38 1352 1356 1358 1361 1361 1365 1366 1367 1369 1370 1372 1373 1372 1373 1372 1372 1367 1357 1346 1355 1339 1353 1347 1334 1323 1300 1273 1283 1236 1146 1131 1134 1138 1105 1081 1073 1083 1079 1072 1066 1054 1028 1017 1022 1030 993 992 1005 1007 995 1001 989 971 959 951
-3.4e+38 -3.4e+38 -3.4e+38 -3.4e+38 -3.4e+38 -3.4e+38 -3.4e+38 -3.4e+38 -3.4e+38 -3.4e+38 -3.4e+38 -3.4e+38 -3.4e+38 -3.4e+38 -3.4e+38 -3.4e+38 -3.4e+38 -3.4e+38 -3.4e+38 -3.4e+38 -3.4e+38 -3.4e+38 -3.4e+38 -3.4e+38 -3.4e+38 -3.4e+38 -3.4e+38 -3.4e+38 -3.4e+38 -3.4e+38 1355 1359 1360 1361 1363 1366 1368 1368 1372 1372 1373 1374 1374 1374 1375 1371 1370 1362 1325 1319 1278 1310 1328 1332 1331 1320 1284 1286 1187 1142 1143 1139 1124 1113 1084 1086 1090 1080 1065 1068 1054 1031 1018 1021 1032 1010 998 1000 1002 1006 1005 995 976 962 954
-3.4e+38 -3.4e+38 -3.4e+38 -3.4e+38 -3.4e+38 -3.4e+38 -3.4e+38 -3.4e+38 -3.4e+38 -3.4e+38 -3.4e+38 -3.4e+38 -3.4e+38 -3.4e+38 -3.4e+38 -3.4e+38 -3.4e+38 -3.4e+38 -3.4e+38 -3.4e+38 -3.4e+38 -3.4e+38 -3.4e+38 -3.4e+38 -3.4e+38 -3.4e+38 -3.4e+38 -3.4e+38 -3.4e+38 -3.4e+38 1357 1360 1361 1364 1367 1368 1370 1372 1372 1374 1375 1376 1376 1376 1376 1373 1369 1362 1328 1295 1244 1258 1286 1301 1315 1319 1310 1270 1226 1150 1145 1136 1134 1118 1093 1085 1092 1075 1058 1070 1057 1036 1039 1035 1033 1022 1003 1003 1022 1015 1009 1001 976 968 957
-3.4e+38 -3.4e+38 -3.4e+38 -3.4e+38 -3.4e+38 -3.4e+38 -3.4e+38 -3.4e+38 -3.4e+38 -3.4e+38 -3.4e+38 -3.4e+38 -3.4e+38 -3.4e+38 -3.4e+38 -3.4e+38 -3.4e+38 -3.4e+38 -3.4e+38 -3.4e+38 -3.4e+38 -3.4e+38 -3.4e+38 -3.4e+38 -3.4e+38 -3.4e+38 -3.4e+38 -3.4e+38 -3.4e+38 1356 1359 1361 1363 1364 1368 1371 1372 1373 1375 1377 1376 1379 1378 1379 1378 1376 1359 1352 1334 1292 1236 1209 1226 1258 1291 1289 1280 1244 1197 1158 1140 1138 1141 1137 1106 1089 1094 1076 1069 1071 1054 1052 1060 1041 1025 1019 1011 1005 1002 1006 1014 1001 976 965 959
-3.4e+38 -3.4e+38 -3.4e+38 -3.4e+38 -3.4e+38 -3.4e+38 -3.4e+38 -3.4e+38 -3.4e+38 -3.4e+38 -3.4e+38 -3.4e+38 -3.4e+38 -3.4e+38 -3.4e+38 -3.4e+38 -3.4e+38 -3.4e+38 -3.4e+38 -3.4e+38 -3.4e+38 -3.4e+38 -3.4e+38 -3.4e+38 -3.4e+38 -3.4e+38 -3.4e+38 -3.4e+38 -3.4e+38 1357 1361 1363 1364 1368 1371 1373 1374 1377 1378 1379 1380 1381 1382 1382 1381 1378 1376 1369 1343 1298 1236 1178 1192 1226 1280 1262 1224 1198 1161 1159 1138 1142 1144 1127 1108 1101 1091 1075 1078 1069 1062 1065 1057 1036 1012 1009 1014 1012 1022 1026 1018 1010 984 967 961
-3.4e+38 -3.4e+38 -3.4e+38 -3.4e+38 -3.4e+38 -3.4e+38 -3.4e+38 -3.4e+38 -3.4e+38 -3.4e+38 -3.4e+38 -3.4e+38 -3.4e+38 -3.4e+38 -3.4e+38 -3.4e+38 -3.4e+38 -3.4e+38 -3.4e+38 -3.4e+38 -3.4e+38 -3.4e+38 -3.4e+38 -3.4e+38 -3.4e+38 -3.4e+38 -3.4e+38 -3.4e+38 -3.4e+38 1360 1363 1365 1369 1370 1373 1374 1376 1379 1380 1381 1383 1383 1384 1384 1381 1381 1377 1372 1352 1321 1266 1199 1177 1191 1190 1232 1173 1169 1165 1156 1141 1142 1145 1125 1110 1099 1087 1078 1078 1078 1075 1063 1059 1052 1029 1008 1010 1024 1057 1016 998 1014 1005 972 964
-3.4e+38 -3.4e+38 -3.4e+38 -3.4e+38 -3.4e+38 -3.4e+38 -3.4e+38 -3.4e+38 -3.4e+38 -3.4e+38 -3.4e+38 -3.4e+38 -3.4e+38 -3.4e+38 -3.4e+38 -3.4e+38 -3.4e+38 -3.4e+38 -3.4e+38 -3.4e+38 -3.4e+38 -3.4e+38 -3.4e+38 -3.4e+38 -3.4e+38 -3.4e+38 -3.4e+38 -3.4e+38 -3.4e+38 1364 1365 1368 1371 1374 1375 1376 1379 1381 1383 1385 1384 1384 1386 1386 1385 1383 1380 1375 1364 1354 1305 1250 1207 1180 1159 1175 1177 1172 1164 1157 1142 1146 1146 1120 1109 1097 1103 1087 1083 1085 1078 1069 1057 1054 1040 1023 1025 1049 1051 1010 1019 1015 1005 993 974
-3.4e+38 -3.4e+38 -3.4e+38 -3.4e+38 -3.4e+38 -3.4e+38 -3.4e+38 -3.4e+38 -3.4e+38 -3.4e+38 -3.4e+38 -3.4e+38 -3.4e+38 -3.4e+38 -3.4e+38 -3.4e+38 -3.4e+38 -3.4e+38 -3.4e+38 -3.4e+38 -3.4e+38 -3.4e+38 -3.4e+38 -3.4e+38 -3.4e+38 -3.4e+38 -3.4e+38 -3.4e+38 -3.4e+38 1366 1369 1372 1374 1376 1378 1380 1382 1385 1386 1387 1388 1388 1389 1388 1388 1386 1387 1375 1348 1344 1319 1288 1232 1217 1168 1161 1170 1173 1157 1155 1150 1146 1142 1130 1121 1115 1106 1102 1096 1090 1081 1064 1062 1047 1038 1028 1037 1023 1054 1036 1028 1001 996 997 984
-3.4e+38 -3.4e+38 -3.4e+38 -3.4e+38 -3.4e+38 -3.4e+38 -3.4e+38 -3.4e+38 -3.4e+38 -3.4e+38 -3.4e+38 -3.4e+38 -3.4e+38 -3.4e+38 -3.4e+38 -3.4e+38 -3.4e+38 -3.4e+38 -3.4e+38 -3.4e+38 -3.4e+38 -3.4e+38 -3.4e+38 -3.4e+38 -3.4e+38 -3.4e+38 -3.4e+38 -3.4e+38 1367 1370 1372 1375 1377 1379 1382 1383 1386 1387 1388 1390 1390 1392 1392 1392 1392 1389 1386 1384 1332 1324 1302 1299 1276 1242 1188 1156 1157 1155 1146 1153 1155 1148 1144 1131 1124 1119 1113 1103 1099 1092 1079 1070 1067 1056 1048 1029 1031 1050 1065 1039 1028 1016 1004 997 987
