data/layers/bio15.asc
NCOLS 507 
NROWS 956 
XLLCORNER -77.7833333333333 
YLLCORNER 0 
CELLSIZE 0.00833333333333335 
NODATA_value -3.4e+38 
[rows 672 to 713 of 956, columns 95 to 189 of 507]
52 47 45 52 47 41 40 40 42 41 41 40 40 40 40 39 40 40 40 39 39 39 39 40 41 43 45 46 49 52 52 52 52 52 52 51 52 51 51 50 51 50 45 45 44 43 44 43 40 40 39 40 40 39 39 40 40 40 37 35 37 36 37 36 34 32 26 19 19 33 34 34 34 33 34 33 33 32 30 28 26 32 34 33 27 23 23 31 30 22 28 22 19 19 18
51 43 45 52 49 44 41 40 40 40 40 40 40 40 40 40 40 40 40 40 39 39 39 39 39 40 42 43 50 51 52 52 52 52 52 52 52 52 52 51 51 48 47 44 43 43 43 41 41 40 39 39 41 40 40 42 41 40 36 35 37 37 36 35 32 30 20 28 33 32 31 33 33 32 34 34 34 33 31 26 31 27 32 34 32 25 26 33 32 27 22 20 19 18 19
48 41 48 53 53 44 41 40 40 41 40 40 40 40 40 40 40 40 40 40 39 39 41 41 40 43 44 47 54 54 53 53 53 53 52 52 52 52 52 52 51 50 48 44 42 43 42 40 40 39 40 39 41 41 41 42 40 37 37 35 38 37 37 35 31 20 24 32 31 31 30 30 31 32 31 33 34 33 34 34 32 26 32 30 33 31 24 27 32 29 25 21 20 19 19
41 41 48 54 54 48 41 41 41 40 41 40 40 41 41 40 40 41 41 40 41 40 39 40 42 40 43 45 49 54 54 54 53 53 53 53 52 52 52 52 51 50 49 47 44 43 41 40 40 39 40 40 41 42 43 41 39 38 38 36 38 37 36 36 26 21 32 30 29 28 30 28 28 30 32 33 34 34 34 34 31 20 19 19 24 30 22 23 23 31 28 22 21 19 18
41 42 48 49 47 42 41 40 41 40 40 41 41 41 40 40 40 40 41 40 41 41 40 40 43 42 42 41 47 46 49 49 51 53 53 52 53 52 52 49 47 48 46 46 45 43 40 40 41 39 40 42 43 43 43 42 39 40 38 37 38 37 36 29 19 30 30 30 29 28 28 27 28 29 30 31 33 33 34 34 23 22 20 20 21 21 19 19 19 19 24 19 18 18 18
42 41 44 44 44 41 41 41 41 41 41 41 40 40 40 41 41 41 41 41 40 40 40 40 40 40 42 43 42 48 52 54 54 52 53 52 52 52 51 50 45 46 45 44 44 42 41 40 40 40 41 42 45 41 42 41 41 40 37 37 37 37 37 26 22 30 29 29 29 27 27 26 27 28 29 30 31 32 33 34 32 21 21 19 20 21 22 22 22 20 19 18 19 19 19
42 41 41 43 42 42 41 41 42 41 40 40 41 41 41 42 42 41 41 40 40 41 41 40 40 40 39 40 40 44 50 55 54 54 54 52 51 51 50 47 45 43 44 44 42 41 41 40 40 40 40 42 44 38 42 41 41 41 38 37 38 38 34 23 26 30 28 28 29 28 27 26 26 27 28 29 30 31 32 34 34 33 33 27 19 20 20 20 21 21 20 20 18 19 19
41 41 44 46 44 42 41 41 41 41 41 41 41 42 42 42 42 41 41 41 41 41 42 41 40 40 39 39 39 40 41 46 50 50 53 52 52 50 48 47 46 45 44 42 41 41 40 40 40 42 42 42 44 41 38 42 40 40 39 38 38 38 34 19 29 30 29 28 28 27 27 26 26 27 28 28 29 30 32 34 34 33 30 25 19 19 20 20 20 20 20 21 21 19 19
42 43 47 46 42 41 42 41 41 41 41 41 42 42 42 41 42 42 42 41 41 41 42 42 40 41 42 44 42 40 40 40 42 47 54 52 50 48 47 47 46 45 43 42 41 41 40 41 41 43 46 43 45 44 42 42 40 40 40 39 38 38 36 20 28 31 29 28 26 27 27 27 26 26 27 27 29 30 31 33 34 33 26 26 24 19 20 20 20 20 20 20 21 21 19
42 42 45 44 42 42 42 41 41 41 41 41 42 42 41 42 43 42 41 41 41 41 41 41 42 43 43 47 45 44 46 41 40 43 48 48 52 47 45 45 47 44 43 42 41 41 41 41 42 42 45 46 43 43 43 42 40 41 40 40 40 39 39 29 23 31 30 28 29 28 29 29 27 26 27 28 28 29 32 33 34 34 33 24 21 19 19 19 19 19 19 19 20 22 22
42 43 43 42 42 42 42 41 42 42 41 42 41 41 41 42 43 43 42 42 41 41 41 42 46 47 49 45 56 54 50 46 45 41 42 49 51 47 44 43 44 43 42 41 41 41 41 44 44 46 46 44 43 44 43 41 41 40 40 40 38 28 22 20 20 29 31 30 30 30 29 29 29 27 26 27 27 29 30 32 34 34 30 31 27 27 28 26 25 26 19 19 20 21 24
43 43 43 42 42 42 42 42 41 41 42 41 41 41 43 43 42 42 43 41 41 41 42 45 47 52 52 53 52 51 54 50 51 46 45 53 53 51 48 44 43 42 41 41 41 41 41 43 46 35 33 39 43 44 42 41 41 41 40 40 39 32 23 19 22 26 31 31 30 31 30 30 29 28 27 27 27 28 32 34 33 32 31 20 22 24 29 31 30 21 19 19 19 21 21
43 43 43 43 43 42 42 42 42 42 41 41 42 43 42 43 42 42 42 42 42 42 42 46 52 56 53 52 56 56 56 54 56 55 45 45 52 52 47 46 43 42 42 41 41 41 41 42 45 42 38 26 40 43 42 41 40 40 40 40 40 35 28 25 20 24 27 32 32 31 30 31 30 30 30 28 28 30 33 34 34 21 20 20 21 20 20 20 23 19 19 19 19 20 21
43 43 43 43 43 42 43 42 43 43 42 42 43 43 43 43 43 43 43 42 42 42 41 45 46 50 49 52 48 49 53 51 53 55 48 53 48 51 53 51 44 43 43 41 41 41 43 45 46 44 32 23 37 42 41 41 41 40 40 40 40 36 29 27 22 20 26 30 32 31 32 32 32 31 31 29 31 33 34 34 34 29 23 20 20 20 19 20 19 19 19 19 19 20 22
43 43 43 43 42 43 43 43 42 43 42 42 42 43 44 43 43 43 42 42 43 42 41 42 45 45 46 44 43 50 56 52 48 53 55 53 52 52 53 52 49 47 43 42 41 41 43 46 42 35 19 21 38 42 41 38 41 38 39 39 37 35 30 29 25 20 19 26 30 32 32 32 33 32 32 33 33 34 32 34 27 32 25 28 24 20 20 20 19 19 19 19 21 22 23
44 44 43 43 43 43 43 44 43 43 43 42 43 43 43 43 43 43 43 43 43 42 43 41 42 42 43 41 41 44 56 56 52 51 50 50 47 49 49 50 51 47 42 41 41 44 46 43 40 22 23 30 41 41 40 37 39 38 38 36 37 36 35 34 31 27 20 20 26 30 23 31 33 33 33 33 34 24 33 25 20 24 26 27 22 20 19 20 19 19 19 19 20 22 23
44 44 44 43 44 44 44 44 44 43 44 44 43 42 42 43 43 43 42 43 42 42 42 42 42 41 41 41 41 45 56 49 55 53 46 47 44 43 44 43 48 46 42 41 41 45 45 31 21 19 24 20 30 41 40 37 34 34 35 39 39 39 39 36 34 29 20 20 24 21 22 31 31 31 33 30 23 24 33 25 22 22 20 23 21 20 20 19 20 19 19 19 19 20 20
44 44 43 44 44 44 44 44 44 44 44 43 44 44 43 43 43 43 43 43 43 43 42 42 42 41 41 41 40 41 51 56 56 54 46 44 44 43 43 43 46 45 43 41 41 45 42 37 26 20 24 19 26 35 38 39 38 38 39 39 38 38 38 37 35 30 24 23 22 21 28 24 24 31 31 21 27 22 22 23 24 22 21 20 20 20 20 20 19 19 19 19 18 18 19
44 44 44 44 44 44 44 44 44 44 44 44 44 44 43 44 44 43 43 43 43 42 42 42 42 42 41 43 42 44 57 54 49 49 47 44 43 43 43 42 44 43 43 42 40 42 44 41 33 19 24 20 27 27 29 32 38 38 38 37 37 37 37 37 36 29 27 20 25 23 27 20 26 26 26 20 21 22 23 23 21 21 20 20 20 20 20 19 19 19 19 19 19 18 19
45 45 45 45 44 44 44 44 44 44 44 44 44 44 44 43 43 44 47 44 43 43 43 42 42 41 41 46 53 55 56 51 46 46 45 45 43 43 43 42 43 42 42 41 40 45 44 40 32 19 23 23 21 20 28 34 38 38 37 36 36 36 36 36 35 31 21 20 20 23 27 20 26 23 22 20 20 23 23 22 22 21 20 20 20 19 19 19 19 19 19 18 19 19 19
45 45 45 45 45 45 45 45 45 45 44 44 44 46 44 44 43 43 44 43 43 42 43 43 42 42 42 49 56 53 55 51 49 50 47 44 43 43 43 42 42 41 41 41 40 44 41 38 24 21 21 19 19 20 22 28 35 37 36 36 36 35 35 35 34 27 22 20 22 25 24 22 21 26 26 20 21 23 22 20 20 20 20 20 19 19 19 19 19 20 19 19 19 19 19
45 45 45 45 45 45 45 45 45 45 44 44 44 44 44 44 44 43 43 44 43 43 43 46 43 43 50 56 56 56 56 53 52 52 49 45 43 43 43 42 42 42 41 40 41 43 37 28 20 19 21 19 19 23 23 19 29 36 36 35 35 34 34 33 33 29 20 20 22 22 24 20 20 25 23 21 20 20 20 20 20 20 19 19 19 19 19 19 19 20 20 21 21 21 21
45 45 45 45 45 45 45 45 45 45 45 44 44 44 44 44 45 45 44 45 46 46 46 46 46 51 54 56 56 55 56 55 54 52 49 46 46 45 43 42 41 41 41 40 40 40 42 32 19 19 20 21 20 22 24 20 31 33 33 34 34 33 33 32 32 23 20 20 20 21 21 20 23 25 23 22 20 20 21 21 20 20 20 20 19 19 19 19 19 19 19 18 19 20 20
45 45 45 45 45 45 45 45 45 45 45 45 45 44 44 45 48 46 44 46 44 44 46 46 48 49 54 54 54 54 55 54 52 51 50 47 45 46 42 42 43 41 41 43 41 39 41 33 23 19 22 21 21 22 19 20 26 24 19 21 31 32 32 31 27 21 20 20 20 20 20 20 21 21 22 20 20 20 21 20 20 20 19 19 19 19 19 19 19 19 18 18 18 19 19
46 45 46 46 45 45 45 45 45 45 45 45 45 44 44 44 44 44 44 44 44 47 47 49 50 50 50 52 54 56 55 53 52 49 47 45 43 43 42 42 43 31 42 36 32 41 41 36 19 19 20 22 23 23 23 19 19 20 20 20 23 29 31 31 28 21 20 20 23 25 22 25 21 20 20 20 20 20 21 21 20 20 20 19 19 19 19 19 20 20 19 19 19 19 20
46 46 46 46 45 46 45 45 45 45 45 45 45 45 44 44 44 44 44 45 47 44 46 49 46 47 48 50 46 55 55 53 51 50 47 45 43 42 42 38 25 24 37 31 18 21 30 18 20 19 21 24 24 24 24 23 22 22 21 22 20 19 28 29 26 20 20 20 20 26 24 25 21 20 20 20 21 21 20 20 20 20 19 19 19 19 19 19 19 19 19 19 19 19 19
46 46 46 46 46 46 45 45 45 45 45 45 46 45 45 45 44 45 46 44 44 47 47 44 50 51 53 52 53 48 54 55 54 52 48 45 43 43 43 41 28 22 32 25 19 24 21 25 19 20 20 25 25 24 23 24 23 23 23 23 20 19 20 27 24 23 21 21 21 24 21 24 23 21 21 20 20 20 23 20 20 20 19 19 18 19 19 19 19 19 18 19 19 19 19
46 46 46 46 46 46 45 46 45 45 45 45 50 47 45 46 45 44 47 46 50 50 50 52 53 48 52 53 55 53 55 53 49 49 49 45 43 42 42 39 41 19 18 19 21 24 25 24 19 20 23 24 25 25 25 25 25 25 24 24 22 21 20 21 21 20 20 20 21 20 23 23 23 22 22 21 21 21 21 20 19 19 19 18 18 19 19 19 19 18 19 19 19 19 19
46 46 46 46 46 46 46 45 45 45 45 47 51 48 45 49 47 44 47 50 52 51 52 56 55 49 52 55 55 52 50 53 49 46 46 49 44 42 42 39 27 22 21 22 21 23 25 25 23 24 25 25 24 25 25 24 24 25 25 24 25 23 20 20 20 22 20 22 23 21 23 21 22 21 21 21 20 20 20 19 19 19 18 19 18 18 18 18 18 18 18 19 19 19 19
47 46 46 46 46 46 46 46 45 45 46 50 52 51 48 51 50 45 46 49 52 53 55 57 54 51 52 55 55 52 48 49 48 45 44 47 44 42 41 30 24 18 21 23 24 24 25 26 26 27 26 25 22 22 24 25 24 23 25 25 24 23 19 22 21 23 25 24 20 20 22 20 20 20 20 20 19 20 20 20 19 19 19 19 18 18 18 19 18 17 17 18 18 18 19
46 46 46 46 46 46 46 46 46 46 50 55 59 51 51 51 49 45 45 48 53 57 56 55 56 54 53 55 52 53 49 46 47 43 43 43 46 42 41 30 35 29 20 21 19 23 26 27 27 27 26 23 20 19 22 24 25 25 25 21 24 25 20 20 21 23 21 24 20 22 22 20 21 20 20 19 19 19 19 20 20 18 18 18 19 18 18 18 19 18 17 17 17 17 19
47 47 47 46 46 46 46 46 46 46 51 55 57 55 51 48 47 46 45 48 52 55 56 54 56 56 55 54 49 52 48 44 45 43 42 42 45 44 42 40 34 37 27 19 22 24 26 26 26 27 26 25 21 19 19 20 20 23 24 22 24 23 24 23 20 23 21 21 20 22 21 20 20 21 19 19 19 19 19 20 18 18 18 18 18 18 18 18 18 19 19 17 17 17 18
47 47 47 47 46 46 46 46 46 50 51 54 56 57 50 49 49 51 47 47 51 54 56 54 53 52 53 55 50 48 46 44 43 42 42 33 43 45 42 40 39 38 29 19 23 23 26 27 27 27 27 28 23 19 21 20 19 22 21 19 19 20 26 25 20 23 22 22 20 22 20 20 21 19 19 19 19 19 19 18 18 18 18 18 18 18 18 18 18 18 18 18 16 17 17
47 47 47 47 46 47 48 49 47 51 56 56 57 58 56 55 51 54 53 47 49 56 56 53 49 49 53 53 52 48 45 43 38 38 27 28 41 43 40 39 38 35 28 21 19 23 25 26 27 24 27 28 25 19 20 21 20 22 19 19 20 20 20 23 20 23 21 21 21 20 20 20 20 21 19 19 19 18 19 18 18 18 18 18 18 18 18 18 18 18 18 18 16 16 17
47 47 47 47 48 48 50 51 55 47 55 59 59 58 58 57 54 57 54 50 53 56 53 49 45 48 52 48 51 49 46 41 28 26 18 25 40 43 40 38 35 29 23 20 24 24 25 24 23 21 22 23 20 19 25 20 22 22 21 21 19 21 22 23 20 20 21 21 20 20 20 19 20 20 19 19 18 18 18 18 18 18 18 18 18 18 18 18 18 18 18 17 16 16 17
47 47 47 47 47 47 51 55 57 52 54 58 59 58 58 58 56 57 57 54 52 57 55 48 47 50 51 47 49 49 46 42 28 18 20 18 38 42 39 38 36 33 30 19 20 21 24 23 22 23 19 23 21 24 21 20 25 24 22 19 22 20 21 20 20 21 21 20 20 19 20 21 21 20 20 20 19 19 18 18 18 18 18 18 18 18 18 18 18 18 18 18 16 16 17
47 47 47 47 47 48 51 55 58 56 55 58 57 56 54 58 58 57 57 56 55 56 53 46 44 47 49 48 46 48 47 42 38 32 18 18 37 40 39 34 33 29 25 19 19 22 19 19 20 22 19 20 20 23 23 19 24 24 23 19 22 20 20 21 21 20 20 20 20 19 19 19 19 20 20 19 19 19 18 18 18 18 18 18 18 17 17 17 17 17 18 18 17 17 17
47 47 47 46 46 47 48 55 56 59 59 58 55 53 53 57 56 53 57 57 56 54 54 45 43 42 45 48 42 45 47 44 41 40 27 18 25 37 40 36 32 29 25 24 19 23 19 19 20 21 19 20 22 19 21 22 23 24 23 19 19 21 21 21 21 20 20 20 20 20 19 19 20 19 20 19 19 18 18 18 18 18 18 18 18 18 17 17 17 17 17 18 17 17 17
47 48 47 47 46 47 47 49 50 55 60 59 56 56 52 53 52 52 57 56 53 56 56 50 46 44 44 45 43 42 41 40 36 38 26 18 20 34 39 37 34 32 30 24 20 19 18 20 22 21 19 20 21 19 20 20 22 24 22 22 20 21 20 20 20 23 20 20 20 20 19 19 19 18 18 19 18 18 18 18 18 18 18 18 18 18 17 17 17 16 17 16 16 17 17
48 47 47 47 47 46 46 46 47 52 56 57 59 58 51 51 49 53 55 54 51 52 54 54 50 46 41 42 37 36 30 22 27 34 21 18 24 34 37 37 36 32 29 25 22 18 18 21 22 23 21 19 23 22 22 19 21 23 23 21 19 21 21 20 19 20 19 19 20 20 20 20 20 20 18 18 18 18 17 17 17 17 17 17 17 17 17 17 17 17 16 16 16 17 16
47 47 47 47 46 47 49 50 50 48 52 54 57 59 55 51 48 49 50 48 45 48 54 51 48 47 43 36 22 23 19 18 25 27 20 18 24 30 36 33 31 26 25 19 19 19 19 22 23 26 27 22 25 19 23 19 22 23 22 21 20 20 22 21 19 20 19 19 19 19 20 20 20 18 18 18 18 18 18 17 17 17 17 16 17 17 17 17 17 16 16 16 16 17 17
47 47 47 47 47 48 54 57 55 55 58 60 59 57 59 56 50 46 44 45 46 51 54 51 44 44 40 34 23 24 18 18 18 20 18 18 19 30 34 31 28 22 20 21 18 19 21 24 25 28 29 24 19 19 20 23 22 22 23 20 20 20 23 20 20 19 19 20 19 20 20 19 18 18 18 18 18 18 18 17 17 17 17 16 16 16 17 17 17 17 16 16 16 16 16
