data/layers/bio14.asc
NCOLS 507 
NROWS 956 
XLLCORNER -77.7833333333333 
YLLCORNER 0 
CELLSIZE 0.00833333333333335 
NODATA_value -3.4e+38 
[rows 820 to 860 of 956, columns 0 to 93 of 507]
-3.4e+38 -3.4e+38 -3.4e+38 -3.4e+38 -3.4e+38 -3.4e+38 -3.4e+38 -3.4e+38 -3.4e+38 -3.4e+38 -3.4e+38 45 33 34 40 39 37 42 52 67 76 73 75 61 43 44 43 36 33 31 36 41 36 33 36 43 45 44 46 47 44 41 34 41 41 42 45 53 59 64 81 101 98 93 94 96 103 99 103 106 104 104 103 100 94 101 108 116 118 119 120 114 78 74 78 81 82 87 97 110 121 127 129 130 128 114 105 101 102 107 122 127 125 130
-3.4e+38 -3.4e+38 -3.4e+38 -3.4e+38 -3.4e+38 -3.4e+38 -3.4e+38 -3.4e+38 -3.4e+38 -3.4e+38 -3.4e+38 65 65 55 35 35 34 45 63 76 68 75 73 58 43 43 44 38 35 37 40 39 35 29 30 31 44 47 47 44 43 41 30 39 37 37 42 44 52 66 94 99 97 99 102 104 98 92 96 103 96 98 89 97 93 108 113 115 118 119 118 103 85 76 77 81 83 86 99 101 113 123 128 128 128 114 110 110 105 107 121 124 124 122
-3.4e+38 -3.4e+38 -3.4e+38 -3.4e+38 -3.4e+38 -3.4e+38 -3.4e+38 -3.4e+38 -3.4e+38 -3.4e+38 -3.4e+38 87 70 40 36 38 36 55 58 60 49 63 51 47 41 43 45 43 44 43 42 37 34 30 32 46 46 47 48 40 32 36 34 37 33 39 41 43 48 75 98 98 97 103 99 104 101 91 94 99 87 87 90 91 100 107 111 112 115 117 118 102 109 88 79 81 84 86 89 93 101 112 126 126 121 120 117 106 106 114 115 109 116 121
-3.4e+38 -3.4e+38 -3.4e+38 -3.4e+38 -3.4e+38 -3.4e+38 -3.4e+38 -3.4e+38 -3.4e+38 -3.4e+38 -3.4e+38 82 75 70 53 53 56 52 43 45 42 46 40 42 42 43 44 45 47 48 48 46 35 32 32 30 47 47 49 48 44 31 34 37 36 34 40 42 37 47 57 56 80 75 92 101 100 90 87 87 87 94 90 103 104 104 109 113 115 117 117 117 114 87 78 81 84 87 89 92 97 117 125 124 127 125 125 106 102 105 105 107 108 110
-3.4e+38 -3.4e+38 -3.4e+38 -3.4e+38 -3.4e+38 -3.4e+38 -3.4e+38 -3.4e+38 -3.4e+38 -3.4e+38 86 84 82 70 59 54 47 40 36 35 35 36 38 41 43 44 45 46 47 50 48 43 37 32 31 34 48 48 50 51 51 51 33 32 37 34 33 33 38 34 35 35 41 49 51 70 90 84 84 94 97 101 106 106 97 99 105 111 113 114 117 116 106 97 79 81 85 87 90 94 107 121 127 128 130 126 117 104 106 111 104 108 112 112
-3.4e+38 -3.4e+38 -3.4e+38 -3.4e+38 -3.4e+38 -3.4e+38 -3.4e+38 -3.4e+38 -3.4e+38 -3.4e+38 87 82 79 66 54 43 38 38 34 36 38 38 40 42 44 44 45 44 47 49 47 43 42 32 32 41 49 48 49 50 52 54 55 37 39 55 59 53 48 44 35 38 38 38 39 48 54 98 101 91 96 102 101 93 96 108 111 107 113 116 117 115 103 87 81 83 86 88 91 100 112 125 127 128 128 126 108 111 125 109 104 110 118 112
-3.4e+38 -3.4e+38 -3.4e+38 -3.4e+38 -3.4e+38 -3.4e+38 -3.4e+38 -3.4e+38 -3.4e+38 -3.4e+38 79 75 63 53 46 40 34 34 36 38 39 40 40 42 44 43 41 45 47 49 45 39 36 32 32 41 49 51 52 50 53 55 53 42 59 60 60 36 36 42 57 73 53 44 57 54 57 71 87 91 100 96 90 88 103 109 111 110 113 114 117 116 115 88 83 82 85 88 92 95 101 119 126 126 124 124 121 125 125 105 115 128 110 108
-3.4e+38 -3.4e+38 -3.4e+38 -3.4e+38 -3.4e+38 -3.4e+38 -3.4e+38 -3.4e+38 -3.4e+38 -3.4e+38 67 63 53 49 33 33 35 36 37 39 39 40 41 42 42 40 36 36 44 47 40 36 37 33 39 46 43 51 53 51 54 51 55 53 60 62 54 37 48 70 80 99 77 62 69 78 73 65 94 103 95 84 92 97 103 110 113 114 116 115 114 115 115 93 80 82 85 90 92 94 103 112 121 124 126 127 128 123 116 107 128 135 117 118
-3.4e+38 -3.4e+38 -3.4e+38 -3.4e+38 -3.4e+38 -3.4e+38 -3.4e+38 -3.4e+38 -3.4e+38 -3.4e+38 52 46 41 33 33 34 36 37 38 39 40 41 41 43 41 43 45 38 33 33 34 36 40 34 34 39 46 52 53 53 56 57 58 60 61 63 56 38 57 80 106 106 103 93 102 89 86 76 77 96 87 92 101 105 107 109 110 113 115 115 112 101 102 88 82 83 86 91 95 98 106 117 122 125 127 113 107 109 114 127 136 130 106 108
-3.4e+38 -3.4e+38 -3.4e+38 -3.4e+38 -3.4e+38 -3.4e+38 -3.4e+38 -3.4e+38 -3.4e+38 -3.4e+38 46 40 34 33 34 35 37 38 39 40 41 42 43 43 43 45 46 47 49 45 43 44 48 39 38 38 37 36 48 54 54 58 56 58 61 63 49 42 47 71 98 108 106 102 103 96 98 84 89 83 82 84 92 95 99 104 108 111 115 114 101 93 86 83 83 84 87 98 105 100 115 122 126 124 108 109 110 108 122 133 136 126 110 108
-3.4e+38 -3.4e+38 -3.4e+38 -3.4e+38 -3.4e+38 -3.4e+38 -3.4e+38 -3.4e+38 -3.4e+38 -3.4e+38 38 35 34 33 34 36 37 38 40 40 41 42 43 44 45 46 47 48 49 46 41 35 45 39 46 38 47 46 53 54 58 59 61 61 63 60 43 52 59 68 109 109 107 106 105 101 99 98 94 89 89 99 99 95 99 103 108 111 113 113 110 89 84 83 82 87 104 101 114 116 117 123 124 108 103 109 112 126 132 130 135 126 111 134
-3.4e+38 -3.4e+38 -3.4e+38 -3.4e+38 -3.4e+38 -3.4e+38 -3.4e+38 -3.4e+38 -3.4e+38 35 34 33 33 34 35 36 37 38 39 38 41 42 42 43 45 46 47 48 50 51 43 36 49 39 38 37 38 46 55 58 50 53 60 63 60 50 48 60 59 62 80 105 108 109 109 108 102 101 100 98 98 96 104 107 109 108 111 111 113 107 91 95 82 82 84 95 107 95 100 106 114 124 115 100 102 105 117 131 130 130 133 134 137 131
-3.4e+38 -3.4e+38 -3.4e+38 -3.4e+38 -3.4e+38 -3.4e+38 -3.4e+38 -3.4e+38 -3.4e+38 33 33 33 34 34 35 36 37 39 38 39 39 41 41 43 45 46 47 49 50 50 47 42 43 53 53 54 56 56 56 58 48 46 47 56 63 50 48 48 51 51 74 98 111 112 110 111 105 110 102 103 105 103 107 109 112 111 112 114 112 103 93 81 81 82 94 111 100 93 101 110 109 100 98 100 102 113 121 130 130 128 129 133 136 129
-3.4e+38 -3.4e+38 -3.4e+38 -3.4e+38 -3.4e+38 -3.4e+38 -3.4e+38 -3.4e+38 -3.4e+38 33 33 33 34 35 35 36 37 37 38 45 40 42 49 44 45 47 48 50 51 50 48 46 38 51 54 55 56 56 57 57 59 62 49 43 44 46 45 46 52 51 81 100 112 112 112 112 103 110 106 105 110 107 111 113 115 113 114 113 106 98 88 81 82 88 103 111 89 91 107 100 94 96 98 100 104 116 126 130 130 129 127 133 131 127
-3.4e+38 -3.4e+38 -3.4e+38 -3.4e+38 -3.4e+38 -3.4e+38 -3.4e+38 -3.4e+38 -3.4e+38 33 33 34 34 35 36 38 47 52 53 62 49 68 68 59 51 49 49 51 52 52 48 46 44 40 41 56 57 57 52 53 61 62 62 48 50 47 53 57 80 77 90 105 113 113 114 114 104 110 105 108 110 108 110 114 115 114 115 112 102 89 80 81 82 87 100 115 88 89 91 92 94 96 98 101 117 119 128 128 128 128 128 128 126 127
-3.4e+38 -3.4e+38 -3.4e+38 -3.4e+38 -3.4e+38 -3.4e+38 -3.4e+38 -3.4e+38 -3.4e+38 33 33 34 34 35 38 39 46 50 68 78 66 65 74 67 59 60 50 51 52 49 48 45 45 45 43 56 58 58 54 52 58 63 65 50 53 67 80 64 95 92 104 107 112 114 115 107 108 111 106 112 113 111 111 110 114 113 114 110 99 82 81 82 82 84 105 103 91 89 91 92 94 96 98 110 123 125 127 129 130 130 129 130 130 129
-3.4e+38 -3.4e+38 -3.4e+38 -3.4e+38 -3.4e+38 -3.4e+38 -3.4e+38 -3.4e+38 -3.4e+38 33 34 34 35 36 39 42 48 58 72 83 80 78 81 72 70 53 52 52 53 53 50 51 49 45 45 46 59 60 57 51 54 48 65 53 48 52 91 96 105 102 100 108 111 114 114 110 108 112 110 112 113 112 111 114 114 112 111 108 95 83 88 87 85 84 85 91 88 89 91 92 94 96 100 106 119 126 127 129 129 127 126 131 134 133
-3.4e+38 -3.4e+38 -3.4e+38 -3.4e+38 -3.4e+38 -3.4e+38 -3.4e+38 -3.4e+38 -3.4e+38 33 34 35 36 38 39 42 46 51 69 80 83 76 80 76 75 69 66 61 54 52 51 53 55 53 51 45 56 60 60 53 47 50 65 57 50 61 91 97 105 107 99 102 113 111 113 112 112 111 110 113 111 114 112 113 112 113 109 98 90 93 100 96 88 85 85 87 88 89 91 102 102 98 104 122 125 125 125 125 126 126 130 133 130 132
-3.4e+38 -3.4e+38 -3.4e+38 -3.4e+38 -3.4e+38 -3.4e+38 -3.4e+38 -3.4e+38 33 35 36 37 41 41 40 43 49 63 67 78 85 61 78 75 66 60 54 54 53 53 54 58 57 55 54 49 46 60 62 48 48 48 54 58 53 66 90 96 100 109 105 100 108 109 112 114 113 111 108 110 110 106 110 110 110 110 104 91 90 91 103 111 109 92 87 87 88 89 91 107 97 102 118 123 124 124 125 127 127 124 128 131 126 119
-3.4e+38 -3.4e+38 -3.4e+38 -3.4e+38 -3.4e+38 -3.4e+38 -3.4e+38 -3.4e+38 39 37 37 37 41 40 41 45 49 59 62 68 66 59 79 79 74 65 67 57 55 54 55 56 58 57 56 54 50 50 63 52 49 51 54 50 52 67 89 104 107 107 111 103 100 106 111 112 108 109 107 98 110 109 107 106 102 93 88 87 90 96 108 113 104 101 89 88 89 90 91 93 95 98 121 123 123 124 125 127 112 129 128 132 103 112
-3.4e+38 -3.4e+38 -3.4e+38 -3.4e+38 -3.4e+38 -3.4e+38 -3.4e+38 -3.4e+38 42 39 38 40 39 40 41 44 51 55 57 58 55 62 72 76 77 72 74 64 57 56 57 59 58 57 56 54 54 48 63 56 50 53 51 59 76 79 95 103 106 108 111 106 101 104 107 108 111 102 102 97 104 106 102 91 91 85 85 88 93 101 106 113 113 107 98 89 89 90 91 93 96 103 121 122 122 124 124 112 101 107 130 131 107 108
-3.4e+38 -3.4e+38 -3.4e+38 -3.4e+38 -3.4e+38 -3.4e+38 -3.4e+38 -3.4e+38 41 40 44 40 43 42 47 49 51 50 49 50 51 55 61 72 78 72 76 67 58 59 61 62 61 59 57 54 53 54 59 50 52 57 52 69 84 101 107 99 107 111 110 111 104 103 107 111 108 106 97 91 90 92 80 79 80 82 90 95 102 104 108 109 110 95 91 91 90 91 91 94 99 111 122 122 121 122 125 126 112 100 114 116 119 106
-3.4e+38 -3.4e+38 -3.4e+38 -3.4e+38 -3.4e+38 -3.4e+38 -3.4e+38 -3.4e+38 42 41 44 45 47 45 46 51 47 47 48 49 50 53 62 66 69 66 57 60 56 58 66 63 62 59 58 57 53 62 54 51 60 58 64 77 91 105 108 107 99 109 112 109 105 104 109 105 102 99 94 85 79 76 78 79 83 88 97 100 107 108 109 110 109 103 95 96 100 91 91 94 107 115 121 122 120 120 122 126 114 104 103 102 112 106
-3.4e+38 -3.4e+38 -3.4e+38 -3.4e+38 -3.4e+38 -3.4e+38 -3.4e+38 -3.4e+38 43 43 42 48 51 49 50 50 46 46 49 48 48 52 51 53 61 57 55 56 55 60 61 61 61 60 59 57 53 63 51 53 67 66 76 84 93 99 106 108 106 103 107 112 108 110 110 107 101 100 95 79 76 77 79 83 88 94 99 106 108 110 111 111 112 113 112 111 96 91 91 95 106 119 121 121 120 119 123 126 103 102 110 111 106 106
-3.4e+38 -3.4e+38 -3.4e+38 -3.4e+38 -3.4e+38 -3.4e+38 -3.4e+38 46 43 46 43 49 53 45 45 50 45 44 48 50 48 48 49 51 53 52 53 54 55 56 57 58 55 50 51 53 62 53 52 60 84 70 78 87 98 100 103 108 107 109 107 110 106 109 104 104 101 91 83 77 76 77 82 91 95 98 104 108 109 111 112 111 114 114 114 108 95 94 93 100 110 116 121 120 122 120 121 124 99 102 110 108 112 109
-3.4e+38 -3.4e+38 -3.4e+38 -3.4e+38 -3.4e+38 -3.4e+38 -3.4e+38 50 47 44 47 54 53 45 41 47 46 44 47 50 50 48 49 50 51 52 53 55 56 56 57 50 51 56 51 53 54 53 56 62 72 84 90 91 91 92 95 96 98 100 104 106 102 106 103 101 97 86 78 76 77 79 85 94 100 103 107 110 111 111 113 112 114 113 113 111 96 93 91 103 115 119 120 120 116 123 122 117 110 106 104 108 110 115
-3.4e+38 -3.4e+38 -3.4e+38 -3.4e+38 -3.4e+38 -3.4e+38 -3.4e+38 50 50 44 47 54 51 46 42 44 46 46 46 46 49 49 49 50 52 54 53 50 52 56 57 50 52 59 66 53 54 54 56 64 75 87 92 95 94 92 100 105 104 106 108 103 98 100 102 92 94 81 75 77 77 80 85 92 100 106 108 110 113 112 113 113 115 114 113 109 98 93 94 113 118 119 119 120 119 104 124 124 118 100 103 106 111 110
-3.4e+38 -3.4e+38 -3.4e+38 -3.4e+38 -3.4e+38 -3.4e+38 -3.4e+38 51 51 50 48 51 50 50 46 43 46 45 47 46 47 49 52 50 53 51 50 48 48 50 49 51 57 63 65 72 75 67 60 67 80 87 94 101 103 106 91 107 99 102 105 103 91 96 98 96 80 78 78 77 79 81 87 99 105 108 109 112 113 113 114 114 114 111 101 104 96 93 97 105 118 118 120 111 101 100 101 98 99 104 107 110 109 111
-3.4e+38 -3.4e+38 -3.4e+38 -3.4e+38 -3.4e+38 -3.4e+38 -3.4e+38 47 46 46 43 46 49 53 47 44 46 47 45 47 47 49 50 52 51 50 50 51 49 50 54 56 57 62 65 73 79 80 70 78 87 90 93 98 104 107 103 94 96 104 99 99 95 88 94 92 86 77 82 78 83 90 97 102 107 110 112 112 110 112 112 112 109 94 88 86 96 92 102 117 104 117 113 113 97 96 100 108 103 108 103 104 111 113
-3.4e+38 -3.4e+38 -3.4e+38 -3.4e+38 -3.4e+38 -3.4e+38 -3.4e+38 43 43 39 41 43 48 48 42 43 45 44 45 46 49 50 52 51 52 52 53 50 51 51 52 53 56 61 66 74 74 93 90 87 89 91 94 99 103 105 107 100 99 103 97 92 90 80 84 80 83 77 86 79 87 92 98 104 106 110 113 112 109 100 104 108 102 95 86 89 87 89 107 116 95 97 94 99 102 104 107 107 101 105 116 103 105 107
-3.4e+38 -3.4e+38 -3.4e+38 -3.4e+38 -3.4e+38 -3.4e+38 -3.4e+38 41 39 37 38 41 39 41 42 43 45 44 45 47 48 49 50 51 55 55 51 50 56 56 54 53 55 61 66 67 74 88 94 86 92 91 94 92 93 100 103 107 104 102 101 95 95 92 86 87 79 80 91 79 85 92 97 101 109 108 111 109 107 93 86 91 86 87 87 91 96 94 115 117 116 92 96 105 106 108 109 107 106 101 102 104 104 104
-3.4e+38 -3.4e+38 -3.4e+38 -3.4e+38 -3.4e+38 -3.4e+38 38 35 36 37 38 40 41 40 41 42 43 44 45 46 48 50 53 54 55 52 50 50 58 60 59 60 55 60 65 67 70 86 88 88 88 90 91 94 100 100 98 103 96 99 100 100 98 96 94 79 78 83 90 79 83 87 94 99 104 108 109 108 106 102 91 86 90 90 86 97 96 89 97 112 114 96 98 108 115 118 111 114 109 106 102 104 108 111
-3.4e+38 -3.4e+38 -3.4e+38 -3.4e+38 -3.4e+38 -3.4e+38 37 35 35 37 37 38 39 40 41 42 43 45 45 46 49 51 53 54 54 54 51 55 59 61 62 63 61 59 61 67 71 82 90 92 93 90 93 93 96 98 97 90 84 89 89 95 91 89 83 79 83 90 84 79 84 86 95 100 107 107 107 106 107 107 94 88 95 98 92 94 103 100 90 114 101 93 96 105 107 109 134 121 109 109 107 105 111 117
-3.4e+38 -3.4e+38 -3.4e+38 -3.4e+38 -3.4e+38 -3.4e+38 35 35 36 36 37 39 39 40 41 42 43 45 48 50 51 52 53 55 55 54 53 53 59 62 63 64 64 61 61 66 71 79 86 94 98 92 92 94 96 97 101 99 92 88 82 90 88 81 79 79 83 90 84 87 80 88 94 102 100 102 105 107 104 108 96 85 97 101 100 100 104 101 90 113 116 103 95 100 101 108 127 135 146 121 111 106 112 122
-3.4e+38 -3.4e+38 -3.4e+38 -3.4e+38 -3.4e+38 -3.4e+38 36 35 36 38 38 40 39 40 41 42 45 46 47 50 52 54 55 54 57 55 55 55 61 62 64 65 67 66 66 68 70 73 77 80 88 90 90 93 95 98 98 102 98 95 87 79 79 79 82 87 87 90 90 83 82 84 83 82 97 98 103 107 106 107 94 87 86 99 103 109 110 94 99 101 116 116 102 96 99 109 123 153 147 142 114 103 107 112
-3.4e+38 -3.4e+38 -3.4e+38 -3.4e+38 -3.4e+38 -3.4e+38 37 36 38 38 40 41 39 42 41 44 46 47 49 50 52 53 55 56 58 57 54 59 62 64 64 66 68 69 70 72 74 76 81 86 86 88 90 94 95 95 97 100 95 91 89 82 79 84 86 88 89 90 89 81 81 82 82 84 85 95 107 108 109 108 101 96 91 87 98 112 110 96 91 93 96 104 95 97 106 110 119 132 159 139 115 110 113 118
-3.4e+38 -3.4e+38 -3.4e+38 -3.4e+38 -3.4e+38 -3.4e+38 35 37 38 38 39 42 43 41 42 44 45 47 48 50 52 52 56 57 58 53 56 56 61 62 66 67 69 71 72 75 79 82 85 88 89 88 89 91 90 93 98 100 94 90 82 82 80 80 83 88 91 89 82 81 81 83 84 85 83 92 106 107 108 104 88 87 87 88 93 102 116 104 101 99 98 94 95 96 101 109 119 130 148 169 147 113 113 133
-3.4e+38 -3.4e+38 -3.4e+38 -3.4e+38 -3.4e+38 36 36 37 37 39 39 41 44 42 45 47 49 47 50 52 52 55 57 58 58 57 60 62 60 65 66 68 70 72 75 80 83 86 92 92 89 89 90 89 94 95 96 100 97 89 82 79 81 83 87 90 89 89 87 82 86 88 87 83 85 98 101 101 110 107 99 88 91 99 102 103 128 128 106 99 94 98 104 102 101 108 112 122 142 180 170 114 118 124
-3.4e+38 -3.4e+38 -3.4e+38 -3.4e+38 -3.4e+38 36 37 37 37 38 40 42 43 45 47 49 50 51 51 54 55 56 57 59 59 58 63 63 62 66 68 69 71 74 80 85 88 92 97 97 92 91 91 92 94 98 99 101 98 95 87 81 84 85 87 96 92 90 90 86 91 90 84 85 84 84 94 106 107 97 87 91 93 100 104 113 154 108 98 94 94 97 115 115 110 103 132 148 167 182 137 140 127 146
-3.4e+38 -3.4e+38 -3.4e+38 -3.4e+38 -3.4e+38 36 37 37 38 40 41 40 44 45 45 48 49 52 53 55 55 57 56 55 58 62 63 64 66 68 67 70 73 76 84 92 95 96 97 99 97 96 92 91 95 101 102 97 94 91 86 82 83 86 90 98 102 103 91 90 90 85 84 89 91 91 85 103 106 101 87 96 100 107 115 134 126 110 106 104 95 107 110 138 113 108 117 134 173 184 184 174 149 167
-3.4e+38 -3.4e+38 -3.4e+38 -3.4e+38 -3.4e+38 37 37 38 38 40 42 41 43 42 44 48 49 52 50 52 57 58 60 61 61 63 63 65 67 68 70 71 74 82 84 96 98 98 100 100 99 96 94 96 97 99 97 97 91 88 83 82 84 95 96 96 90 91 102 89 91 87 91 94 95 92 86 102 104 90 88 91 100 106 127 119 151 109 99 95 104 112 121 132 125 113 111 135 150 182 208 190 189 201
