data/layers/bio19.asc
NCOLS 507 
NROWS 956 
XLLCORNER -77.7833333333333 
YLLCORNER 0 
CELLSIZE 0.00833333333333335 
NODATA_value -3.4e+38 
[rows 228 to 265 of 956, columns 85 to 169 of 507]
-3.4e+38 -3.4e+38 -3.4e+38 -3.4e+38 -3.4e+38 -3.4e+38 -3.4e+38 -3.4e+38 -3.4e+38 -3.4e+38 -3.4e+38 -3.4e+38 -3.4e+38 -3.4e+38 -3.4e+38 -3.4e+38 1768 1792 1775 1777 1784 1782 1776 1784 1787 1789 1789 1799 1800 1808 1810 1813 1821 1829 1812 1819 1823 1827 1844 1846 1841 1838 1832 1829 1825 1820 1812 1809 1805 1773 1794 1788 1785 1776 1769 1759 1755 1745 1739 1732 1689 1712 1705 1697 1715 1715 1721 1747 1777 1820 1782 1807 1730 1621 1607 1663 1710 1730 1749 1675 1698 1659 1645 1643 1559
-3.4e+38 -3.4e+38 -3.4e+38 -3.4e+38 -3.4e+38 -3.4e+38 -3.4e+38 -3.4e+38 -3.4e+38 -3.4e+38 -3.4e+38 -3.4e+38 -3.4e+38 -3.4e+38 -3.4e+38 -3.4e+38 1778 1784 1776 1792 1792 1775 1789 1783 1797 1799 1798 1797 1809 1820 1827 1832 1826 1849 1855 1861 1861 1864 1864 1845 1863 1851 1848 1847 1839 1833 1827 1821 1790 1783 1774 1771 1792 1786 1780 1771 1764 1756 1748 1743 1738 1728 1716 1707 1702 1680 1726 1704 1769 1765 1785 1815 1742 1630 1615 1619 1669 1719 1713 1694 1662 1681 1653 1587 1581
-3.4e+38 -3.4e+38 -3.4e+38 -3.4e+38 -3.4e+38 -3.4e+38 -3.4e+38 -3.4e+38 -3.4e+38 -3.4e+38 -3.4e+38 -3.4e+38 -3.4e+38 -3.4e+38 -3.4e+38 -3.4e+38 1763 1780 1802 1800 1813 1792 1800 1808 1801 1804 1810 1817 1830 1827 1846 1856 1862 1871 1878 1885 1868 1869 1868 1866 1860 1872 1866 1860 1852 1846 1838 1810 1826 1819 1813 1807 1802 1794 1787 1776 1768 1765 1760 1753 1747 1740 1691 1683 1674 1738 1682 1714 1689 1733 1726 1734 1710 1618 1633 1676 1698 1696 1710 1697 1706 1679 1668 1647 1639
-3.4e+38 -3.4e+38 -3.4e+38 -3.4e+38 -3.4e+38 -3.4e+38 -3.4e+38 -3.4e+38 -3.4e+38 -3.4e+38 -3.4e+38 -3.4e+38 -3.4e+38 -3.4e+38 -3.4e+38 -3.4e+38 1762 1763 1800 1794 1798 1812 1811 1802 1809 1815 1822 1831 1841 1841 1862 1873 1885 1895 1902 1909 1892 1893 1888 1899 1895 1889 1876 1871 1865 1858 1852 1845 1811 1804 1798 1789 1812 1806 1796 1784 1778 1772 1769 1726 1718 1712 1699 1691 1681 1719 1674 1726 1683 1750 1762 1691 1653 1675 1724 1700 1787 1766 1752 1727 1654 1685 1680 1657 1656
-3.4e+38 -3.4e+38 -3.4e+38 -3.4e+38 -3.4e+38 -3.4e+38 -3.4e+38 -3.4e+38 -3.4e+38 -3.4e+38 -3.4e+38 -3.4e+38 -3.4e+38 -3.4e+38 -3.4e+38 1777 1776 1771 1782 1788 1798 1816 1799 1809 1820 1824 1832 1840 1851 1864 1877 1890 1891 1917 1927 1916 1916 1927 1924 1920 1906 1902 1891 1881 1878 1868 1861 1828 1820 1813 1836 1830 1822 1815 1809 1798 1791 1751 1779 1738 1732 1720 1711 1741 1733 1680 1749 1740 1715 1667 1707 1667 1751 1741 1718 1796 1698 1686 1766 1762 1652 1640 1616 1687 1670
-3.4e+38 -3.4e+38 -3.4e+38 -3.4e+38 -3.4e+38 -3.4e+38 -3.4e+38 -3.4e+38 -3.4e+38 -3.4e+38 -3.4e+38 -3.4e+38 -3.4e+38 -3.4e+38 -3.4e+38 1758 1759 1766 1772 1794 1792 1813 1808 1811 1820 1828 1835 1848 1859 1872 1884 1905 1923 1922 1951 1950 1951 1948 1938 1935 1926 1912 1907 1875 1884 1855 1846 1837 1829 1821 1842 1836 1831 1823 1814 1808 1802 1763 1790 1749 1741 1732 1722 1712 1703 1692 1689 1672 1711 1686 1687 1679 1698 1807 1822 1719 1728 1733 1728 1730 1658 1644 1716 1701 1687
-3.4e+38 -3.4e+38 -3.4e+38 -3.4e+38 -3.4e+38 -3.4e+38 -3.4e+38 -3.4e+38 -3.4e+38 -3.4e+38 -3.4e+38 -3.4e+38 -3.4e+38 -3.4e+38 -3.4e+38 1783 1772 1765 1763 1775 1783 1805 1828 1820 1825 1834 1842 1853 1853 1871 1889 1914 1916 1950 1958 1978 1973 1966 1942 1949 1936 1926 1915 1904 1893 1883 1852 1844 1861 1853 1817 1838 1802 1828 1820 1816 1812 1771 1764 1758 1746 1743 1734 1722 1713 1749 1696 1726 1751 1738 1725 1778 1766 1760 1763 1692 1741 1707 1690 1736 1660 1644 1709 1696 1680
-3.4e+38 -3.4e+38 -3.4e+38 -3.4e+38 -3.4e+38 -3.4e+38 -3.4e+38 -3.4e+38 -3.4e+38 -3.4e+38 -3.4e+38 -3.4e+38 -3.4e+38 -3.4e+38 -3.4e+38 1762 1789 1764 1760 1789 1795 1801 1818 1831 1829 1837 1846 1852 1858 1871 1881 1913 1927 1948 1992 2006 1991 1966 1969 1956 1941 1931 1922 1912 1880 1886 1881 1842 1832 1825 1817 1806 1799 1823 1791 1821 1784 1778 1789 1783 1743 1742 1737 1735 1726 1763 1752 1781 1822 1843 1792 1784 1785 1761 1758 1705 1750 1690 1688 1684 1672 1792 1713 1696 1789
-3.4e+38 -3.4e+38 -3.4e+38 -3.4e+38 -3.4e+38 -3.4e+38 -3.4e+38 -3.4e+38 -3.4e+38 -3.4e+38 -3.4e+38 -3.4e+38 -3.4e+38 -3.4e+38 -3.4e+38 1785 1768 1771 1763 1777 1788 1795 1797 1819 1831 1837 1849 1858 1863 1880 1892 1917 1948 1954 1989 1996 2001 1971 1974 1961 1948 1938 1925 1915 1883 1869 1882 1849 1837 1829 1824 1842 1845 1841 1806 1799 1792 1785 1777 1808 1802 1760 1744 1736 1740 1733 1762 1791 1844 1843 1746 1782 1732 1723 1776 1759 1711 1754 1699 1697 1698 1665 1731 1696 1791
-3.4e+38 -3.4e+38 -3.4e+38 -3.4e+38 -3.4e+38 -3.4e+38 -3.4e+38 -3.4e+38 -3.4e+38 -3.4e+38 -3.4e+38 -3.4e+38 -3.4e+38 -3.4e+38 -3.4e+38 1764 1780 1790 1784 1782 1792 1794 1793 1814 1827 1837 1844 1862 1866 1873 1900 1915 1936 1966 1971 1987 1993 1967 1973 1961 1950 1938 1928 1896 1885 1875 1866 1857 1874 1838 1854 1823 1850 1850 1843 1837 1832 1794 1788 1786 1778 1767 1761 1743 1792 1742 1742 1782 1809 1772 1739 1732 1728 1768 1728 1707 1774 1724 1746 1845 1778 1821 1745 1743 1673
-3.4e+38 -3.4e+38 -3.4e+38 -3.4e+38 -3.4e+38 -3.4e+38 -3.4e+38 -3.4e+38 -3.4e+38 -3.4e+38 -3.4e+38 -3.4e+38 -3.4e+38 -3.4e+38 -3.4e+38 1820 1791 1774 1767 1768 1771 1804 1801 1823 1829 1835 1847 1854 1866 1878 1891 1911 1929 1945 1971 1963 1962 1965 1966 1955 1945 1934 1899 1891 1907 1898 1892 1884 1855 1878 1872 1864 1860 1853 1850 1843 1808 1804 1793 1791 1784 1778 1770 1804 1757 1758 1761 1754 1750 1762 1777 1741 1766 1777 1727 1772 1737 1729 1741 1812 1875 1836 1728 1761 1723
-3.4e+38 -3.4e+38 -3.4e+38 -3.4e+38 -3.4e+38 -3.4e+38 -3.4e+38 -3.4e+38 -3.4e+38 -3.4e+38 -3.4e+38 -3.4e+38 -3.4e+38 -3.4e+38 1776 1779 1772 1773 1771 1781 1786 1810 1805 1816 1821 1829 1844 1849 1860 1884 1899 1905 1914 1928 1941 1947 1947 1961 1938 1948 1939 1928 1921 1914 1906 1875 1889 1883 1847 1880 1872 1868 1838 1832 1824 1819 1810 1835 1798 1793 1828 1822 1819 1780 1762 1803 1805 1797 1763 1747 1737 1755 1865 1774 1800 1775 1830 1797 1769 1842 1877 1805 1795 1770 1730
-3.4e+38 -3.4e+38 -3.4e+38 -3.4e+38 -3.4e+38 -3.4e+38 -3.4e+38 -3.4e+38 -3.4e+38 -3.4e+38 -3.4e+38 -3.4e+38 -3.4e+38 -3.4e+38 1752 1782 1758 1760 1775 1783 1802 1794 1815 1819 1822 1828 1839 1843 1854 1867 1880 1893 1906 1930 1926 1927 1932 1931 1943 1937 1932 1896 1914 1907 1876 1902 1897 1864 1847 1870 1875 1845 1839 1834 1827 1821 1818 1810 1804 1805 1803 1793 1791 1785 1779 1807 1765 1756 1797 1799 1797 1808 1851 1862 1891 1935 1896 1884 1861 1903 1934 1849 1859 1839 1818
-3.4e+38 -3.4e+38 -3.4e+38 -3.4e+38 -3.4e+38 -3.4e+38 -3.4e+38 -3.4e+38 -3.4e+38 -3.4e+38 -3.4e+38 -3.4e+38 -3.4e+38 -3.4e+38 1759 1755 1739 1786 1783 1771 1821 1813 1835 1815 1818 1823 1833 1835 1853 1860 1870 1882 1893 1902 1923 1929 1916 1915 1912 1925 1920 1916 1908 1874 1881 1899 1896 1892 1885 1840 1836 1848 1870 1834 1830 1824 1820 1812 1809 1807 1803 1802 1798 1827 1773 1755 1761 1801 1805 1801 1815 1836 1890 1974 1982 2002 1922 1861 1776 1742 1826 1902 1840 1846 1774
-3.4e+38 -3.4e+38 -3.4e+38 -3.4e+38 -3.4e+38 -3.4e+38 -3.4e+38 -3.4e+38 -3.4e+38 -3.4e+38 -3.4e+38 -3.4e+38 -3.4e+38 -3.4e+38 1776 1788 1742 1783 1796 1808 1806 1817 1798 1821 1814 1818 1828 1835 1839 1849 1868 1870 1879 1899 1895 1896 1915 1898 1898 1914 1909 1902 1874 1870 1889 1867 1892 1888 1884 1851 1864 1836 1834 1837 1858 1823 1814 1818 1817 1814 1810 1805 1799 1791 1773 1754 1749 1758 1804 1811 1806 1805 1915 1985 1999 1986 1905 1836 1745 1735 1799 1753 1780 1803 1796
-3.4e+38 -3.4e+38 -3.4e+38 -3.4e+38 -3.4e+38 -3.4e+38 -3.4e+38 -3.4e+38 -3.4e+38 -3.4e+38 -3.4e+38 -3.4e+38 -3.4e+38 -3.4e+38 1826 1814 1801 1806 1791 1791 1782 1791 1803 1808 1817 1814 1822 1822 1830 1841 1858 1857 1877 1873 1880 1897 1900 1902 1900 1894 1894 1889 1866 1859 1853 1850 1880 1858 1857 1853 1848 1869 1833 1838 1862 1827 1826 1824 1820 1818 1812 1806 1801 1796 1778 1763 1761 1753 1760 1832 1801 1850 1884 1981 2015 1945 1847 1766 1735 1768 1753 1710 1718 1711 1849
-3.4e+38 -3.4e+38 -3.4e+38 -3.4e+38 -3.4e+38 -3.4e+38 -3.4e+38 -3.4e+38 -3.4e+38 -3.4e+38 -3.4e+38 -3.4e+38 -3.4e+38 -3.4e+38 1806 1800 1793 1822 1782 1805 1779 1804 1798 1789 1793 1826 1816 1811 1825 1834 1835 1852 1849 1855 1875 1880 1884 1878 1869 1870 1878 1857 1854 1851 1844 1857 1856 1858 1855 1850 1849 1845 1842 1839 1834 1830 1830 1827 1821 1818 1817 1811 1802 1781 1767 1772 1758 1797 1777 1830 1899 1948 1994 2033 1957 1904 1810 1794 1766 1742 1731 1737 1718 1726 1745
-3.4e+38 -3.4e+38 -3.4e+38 -3.4e+38 -3.4e+38 -3.4e+38 -3.4e+38 -3.4e+38 -3.4e+38 -3.4e+38 -3.4e+38 -3.4e+38 -3.4e+38 1839 1834 1763 1752 1816 1795 1793 1795 1848 1801 1809 1792 1805 1805 1804 1814 1816 1822 1837 1846 1842 1848 1864 1867 1869 1869 1868 1877 1867 1844 1842 1838 1834 1850 1849 1853 1850 1846 1844 1872 1839 1834 1864 1860 1831 1824 1825 1810 1780 1779 1776 1772 1768 1763 1747 1760 1780 1854 1888 1893 1954 1921 1919 1775 1814 1892 1843 1845 1813 1746 1732 1759
-3.4e+38 -3.4e+38 -3.4e+38 -3.4e+38 -3.4e+38 -3.4e+38 -3.4e+38 -3.4e+38 -3.4e+38 -3.4e+38 -3.4e+38 -3.4e+38 -3.4e+38 1840 1827 1761 1777 1831 1800 1764 1782 1794 1820 1791 1774 1790 1794 1801 1797 1810 1814 1828 1824 1839 1833 1847 1850 1851 1852 1841 1846 1862 1833 1831 1829 1828 1825 1841 1839 1838 1845 1842 1841 1838 1833 1865 1864 1829 1862 1798 1789 1787 1829 1784 1776 1753 1765 1754 1752 1796 1825 1868 1981 1935 1848 1933 1822 1816 1922 1864 1920 1815 1829 1803 1773
-3.4e+38 -3.4e+38 -3.4e+38 -3.4e+38 -3.4e+38 -3.4e+38 -3.4e+38 -3.4e+38 -3.4e+38 -3.4e+38 -3.4e+38 -3.4e+38 -3.4e+38 1797 1765 1721 1791 1811 1786 1778 1776 1765 1819 1768 1792 1771 1776 1781 1779 1785 1797 1813 1804 1824 1819 1833 1838 1841 1828 1842 1846 1821 1830 1821 1850 1850 1817 1815 1822 1839 1843 1842 1844 1843 1838 1831 1863 1824 1791 1797 1811 1806 1837 1795 1768 1788 1770 1760 1758 1797 1874 1972 1917 1868 1814 1807 1799 1905 1842 1851 2024 1987 1956 1852 1907
-3.4e+38 -3.4e+38 -3.4e+38 -3.4e+38 -3.4e+38 -3.4e+38 -3.4e+38 -3.4e+38 -3.4e+38 -3.4e+38 -3.4e+38 -3.4e+38 -3.4e+38 1849 1774 1742 1769 1778 1792 1750 1798 1756 1787 1764 1756 1807 1787 1752 1773 1770 1789 1774 1783 1793 1800 1816 1804 1810 1814 1829 1834 1814 1833 1821 1822 1841 1818 1840 1846 1829 1826 1841 1842 1842 1870 1829 1830 1789 1802 1845 1815 1825 1820 1766 1789 1801 1801 1786 1832 1844 1853 1890 1839 1848 1815 1819 1841 1835 1839 1829 1997 2044 2034 2026 1991
-3.4e+38 -3.4e+38 -3.4e+38 -3.4e+38 -3.4e+38 -3.4e+38 -3.4e+38 -3.4e+38 -3.4e+38 -3.4e+38 -3.4e+38 -3.4e+38 -3.4e+38 1762 1720 1721 1710 1765 1771 1776 1773 1731 1779 1790 1756 1766 1774 1757 1759 1756 1763 1764 1766 1781 1776 1798 1806 1793 1811 1802 1821 1826 1830 1811 1837 1813 1832 1833 1836 1831 1832 1838 1833 1840 1870 1828 1814 1793 1802 1804 1797 1827 1828 1823 1838 1801 1809 1805 1807 1804 1808 1802 1814 1814 1832 1837 1854 1963 1937 1879 1912 1977 2077 1959 1924
-3.4e+38 -3.4e+38 -3.4e+38 -3.4e+38 -3.4e+38 -3.4e+38 -3.4e+38 -3.4e+38 -3.4e+38 -3.4e+38 -3.4e+38 -3.4e+38 -3.4e+38 1732 1733 1775 1690 1762 1740 1799 1734 1697 1752 1766 1788 1776 1741 1742 1732 1735 1747 1757 1753 1759 1771 1784 1790 1781 1785 1787 1809 1797 1794 1798 1827 1800 1807 1824 1836 1834 1836 1836 1838 1870 1870 1833 1803 1849 1810 1801 1832 1833 1833 1802 1805 1806 1813 1810 1809 1809 1809 1860 1818 1841 1873 1894 1878 1904 1946 1852 1881 1933 2048 1884 1840
-3.4e+38 -3.4e+38 -3.4e+38 -3.4e+38 -3.4e+38 -3.4e+38 -3.4e+38 -3.4e+38 -3.4e+38 -3.4e+38 -3.4e+38 -3.4e+38 -3.4e+38 1804 1735 1763 1684 1719 1710 1786 1755 1811 1729 1778 1713 1730 1711 1727 1728 1727 1730 1756 1737 1760 1770 1764 1774 1783 1782 1789 1796 1785 1788 1788 1794 1824 1797 1808 1816 1818 1827 1832 1837 1838 1854 1827 1802 1837 1791 1789 1839 1800 1801 1799 1816 1845 1817 1805 1810 1847 1805 1839 1779 1810 1800 1921 1891 1850 2115 2002 1949 1938 2003 2105 1949
-3.4e+38 -3.4e+38 -3.4e+38 -3.4e+38 -3.4e+38 -3.4e+38 -3.4e+38 -3.4e+38 -3.4e+38 -3.4e+38 -3.4e+38 -3.4e+38 1742 1823 1794 1802 1749 1719 1685 1743 1724 1791 1760 1726 1680 1699 1711 1747 1731 1736 1732 1734 1751 1744 1745 1748 1762 1769 1759 1767 1767 1791 1777 1805 1786 1789 1834 1816 1821 1823 1830 1829 1832 1836 1801 1807 1805 1810 1855 1808 1836 1836 1785 1807 1808 1812 1817 1811 1808 1792 1787 1800 1814 1844 1772 1901 1842 1862 1958 2092 2116 2051 1988 2000 2003
-3.4e+38 -3.4e+38 -3.4e+38 -3.4e+38 -3.4e+38 -3.4e+38 -3.4e+38 -3.4e+38 -3.4e+38 -3.4e+38 -3.4e+38 -3.4e+38 1781 1868 1771 1698 1708 1743 1683 1660 1695 1746 1780 1695 1718 1686 1760 1742 1731 1708 1713 1722 1719 1744 1735 1734 1735 1755 1744 1750 1755 1781 1767 1772 1803 1777 1777 1799 1820 1822 1827 1830 1832 1832 1797 1821 1813 1855 1857 1857 1806 1812 1815 1821 1817 1821 1821 1802 1812 1783 1787 1851 1838 1894 1866 1791 1784 1840 1877 1989 2146 2141 2139 2106 2127
-3.4e+38 -3.4e+38 -3.4e+38 -3.4e+38 -3.4e+38 -3.4e+38 -3.4e+38 -3.4e+38 -3.4e+38 -3.4e+38 -3.4e+38 -3.4e+38 1849 1850 1767 1744 1678 1742 1695 1661 1653 1733 1750 1827 1714 1714 1724 1727 1701 1685 1679 1689 1697 1710 1702 1720 1720 1740 1731 1742 1744 1769 1779 1788 1769 1765 1767 1799 1808 1821 1823 1825 1831 1830 1802 1823 1819 1823 1814 1818 1855 1811 1830 1829 1815 1819 1822 1806 1805 1793 1796 1793 1813 1869 1942 1809 1821 1869 1867 1967 2045 2128 2004 2079 2079
-3.4e+38 -3.4e+38 -3.4e+38 -3.4e+38 -3.4e+38 -3.4e+38 -3.4e+38 -3.4e+38 -3.4e+38 -3.4e+38 -3.4e+38 -3.4e+38 1909 1898 1757 1780 1757 1787 1721 1677 1676 1738 1689 1694 1703 1712 1717 1666 1691 1677 1690 1687 1684 1695 1701 1704 1717 1705 1723 1729 1732 1739 1751 1750 1788 1773 1786 1796 1807 1812 1818 1829 1836 1827 1790 1813 1803 1815 1856 1812 1810 1832 1829 1835 1817 1825 1819 1795 1806 1804 1781 1779 1846 1878 1830 1908 1841 1869 1893 1964 2158 2156 1993 2144 2170
-3.4e+38 -3.4e+38 -3.4e+38 -3.4e+38 -3.4e+38 -3.4e+38 -3.4e+38 -3.4e+38 -3.4e+38 -3.4e+38 -3.4e+38 -3.4e+38 1766 1727 1727 1758 1732 1742 1737 1664 1621 1654 1703 1647 1685 1721 1704 1674 1643 1672 1682 1683 1672 1689 1697 1694 1698 1704 1711 1722 1723 1728 1738 1745 1752 1787 1757 1764 1797 1809 1816 1818 1832 1823 1793 1802 1819 1822 1811 1814 1818 1823 1831 1825 1824 1819 1805 1789 1799 1789 1785 1780 1797 1820 1809 1829 1886 1939 2032 2114 2219 2216 2020 2201 2170
-3.4e+38 -3.4e+38 -3.4e+38 -3.4e+38 -3.4e+38 -3.4e+38 -3.4e+38 -3.4e+38 -3.4e+38 -3.4e+38 -3.4e+38 -3.4e+38 1925 1861 1839 1819 1815 1675 1682 1722 1637 1663 1730 1675 1671 1694 1718 1685 1633 1718 1691 1699 1693 1677 1682 1685 1690 1692 1699 1710 1715 1725 1730 1733 1743 1779 1759 1778 1792 1804 1796 1806 1824 1788 1788 1823 1824 1809 1805 1826 1821 1833 1833 1825 1833 1812 1817 1818 1811 1799 1790 1806 1847 1889 1861 1884 1966 2066 2175 2160 2128 2235 2059 2082 2143
-3.4e+38 -3.4e+38 -3.4e+38 -3.4e+38 -3.4e+38 -3.4e+38 -3.4e+38 -3.4e+38 -3.4e+38 -3.4e+38 -3.4e+38 1850 1857 1744 1802 1715 1776 1694 1676 1598 1623 1589 1637 1585 1630 1626 1656 1682 1687 1696 1691 1698 1662 1662 1663 1666 1672 1683 1688 1698 1708 1718 1726 1735 1743 1751 1779 1762 1764 1764 1782 1779 1782 1801 1805 1806 1801 1813 1821 1815 1822 1840 1835 1820 1832 1804 1807 1801 1797 1802 1800 1835 1836 1835 1859 1870 1953 2127 2104 2094 2049 2224 2090 2186 2054
-3.4e+38 -3.4e+38 -3.4e+38 -3.4e+38 -3.4e+38 -3.4e+38 -3.4e+38 -3.4e+38 -3.4e+38 -3.4e+38 -3.4e+38 1760 1727 1706 1714 1656 1715 1743 1670 1622 1647 1619 1595 1631 1623 1664 1673 1641 1642 1644 1630 1650 1663 1668 1655 1657 1667 1672 1680 1691 1700 1710 1720 1731 1738 1738 1779 1758 1769 1769 1771 1781 1788 1801 1789 1799 1825 1803 1864 1824 1830 1812 1821 1819 1796 1810 1812 1805 1789 1817 1804 1813 1796 1851 1804 1848 1940 2068 2035 1948 1961 2159 2269 2053 2057
-3.4e+38 -3.4e+38 -3.4e+38 -3.4e+38 -3.4e+38 -3.4e+38 -3.4e+38 -3.4e+38 -3.4e+38 -3.4e+38 -3.4e+38 1764 1870 1762 1707 1678 1661 1690 1727 1661 1636 1577 1638 1588 1577 1592 1653 1660 1636 1651 1653 1643 1652 1639 1643 1650 1650 1659 1674 1684 1695 1704 1714 1724 1732 1741 1748 1783 1761 1765 1792 1786 1785 1784 1791 1848 1854 1817 1810 1826 1811 1828 1837 1823 1827 1823 1828 1819 1825 1800 1811 1841 1797 1801 1791 1945 2119 2098 2055 1954 2009 2000 2052 2024 2152
-3.4e+38 -3.4e+38 -3.4e+38 -3.4e+38 -3.4e+38 -3.4e+38 -3.4e+38 -3.4e+38 -3.4e+38 -3.4e+38 -3.4e+38 1994 1761 1749 1808 1702 1620 1657 1624 1595 1591 1601 1665 1566 1541 1568 1580 1619 1633 1633 1655 1623 1631 1649 1667 1652 1647 1664 1665 1673 1687 1702 1710 1720 1728 1737 1769 1752 1761 1786 1769 1798 1817 1787 1812 1823 1830 1824 1815 1816 1810 1817 1813 1829 1830 1821 1830 1837 1820 1821 1806 1826 1807 1837 1809 1917 2098 1961 1960 1962 2022 2052 2154 2167 2121
-3.4e+38 -3.4e+38 -3.4e+38 -3.4e+38 -3.4e+38 -3.4e+38 -3.4e+38 -3.4e+38 -3.4e+38 -3.4e+38 -3.4e+38 1960 1890 1727 1776 1650 1675 1599 1719 1681 1660 1618 1587 1571 1568 1512 1566 1587 1615 1592 1584 1611 1611 1613 1625 1647 1650 1647 1659 1668 1686 1695 1705 1715 1723 1728 1767 1747 1755 1786 1793 1816 1821 1816 1811 1822 1837 1852 1825 1803 1813 1813 1812 1819 1832 1832 1837 1842 1838 1846 1813 1839 1807 1934 1840 1868 1936 1990 2142 2085 2113 2104 2228 2220 2081
-3.4e+38 -3.4e+38 -3.4e+38 -3.4e+38 -3.4e+38 -3.4e+38 -3.4e+38 -3.4e+38 -3.4e+38 -3.4e+38 -3.4e+38 1861 1870 1801 1773 1748 1702 1707 1702 1661 1587 1612 1588 1618 1629 1568 1492 1518 1600 1624 1604 1632 1634 1629 1620 1609 1631 1648 1660 1667 1678 1689 1700 1710 1751 1751 1740 1746 1756 1791 1806 1818 1828 1830 1836 1839 1844 1849 1837 1836 1833 1816 1827 1825 1826 1835 1831 1841 1857 1873 1868 1865 1858 1908 1859 1987 2047 1977 2058 2074 2247 2174 2170 2190 2101
-3.4e+38 -3.4e+38 -3.4e+38 -3.4e+38 -3.4e+38 -3.4e+38 -3.4e+38 -3.4e+38 -3.4e+38 -3.4e+38 -3.4e+38 1786 1722 1714 1658 1677 1670 1588 1645 1579 1585 1574 1629 1580 1622 1581 1508 1486 1551 1577 1572 1645 1647 1592 1621 1633 1648 1650 1655 1661 1675 1684 1694 1707 1749 1725 1735 1753 1755 1788 1808 1818 1828 1831 1839 1844 1851 1856 1844 1829 1870 1834 1826 1823 1836 1840 1848 1854 1858 1892 1873 1873 1883 1929 1950 1920 2004 2012 2043 2109 2191 2091 2165 2122 2070
-3.4e+38 -3.4e+38 -3.4e+38 -3.4e+38 -3.4e+38 -3.4e+38 -3.4e+38 -3.4e+38 -3.4e+38 -3.4e+38 1910 1962 1839 1876 1764 1755 1675 1706 1638 1708 1614 1618 1674 1683 1631 1599 1501 1473 1517 1532 1540 1609 1616 1625 1652 1631 1644 1636 1649 1661 1670 1680 1692 1703 1714 1719 1727 1745 1748 1772 1781 1806 1823 1822 1825 1826 1861 1859 1871 1867 1865 1873 1828 1824 1868 1873 1855 1867 1883 1915 1875 1883 1853 1877 1943 2010 2051 2043 2027 2155 2109 2134 2152 2081 2055
