data/layers/bio10.asc
NCOLS 507 
NROWS 956 
XLLCORNER -77.7833333333333 
YLLCORNER 0 
CELLSIZE 0.00833333333333335 
NODATA_value -3.4e+38 
[rows 156 to 194 of 956, columns 176 to 263 of 507]
215 220 220 221 205 203 203 195 194 194 185 170 152 147 130 124 122 135 150 141 145 164 174 177 183 182 189 187 194 190 174 169 132 132 172 179 165 157 131 134 142 168 166 163 192 197 217 216 210 211 208 196 215 227 239 242 252 269 252 260 252 246 232 213 202 183 188 187 194 183 173 128 115 127 131 126 112 104 112 124 138 143 150 154 157 159 160 160
203 198 206 212 218 211 207 213 205 200 191 165 156 160 144 147 125 114 137 152 158 148 162 173 171 177 182 190 194 183 179 172 151 138 159 149 142 135 122 140 144 157 156 156 185 200 209 219 222 220 218 204 201 225 237 234 242 260 265 264 255 247 233 214 213 202 183 179 179 153 143 113 110 131 135 121 111 106 117 132 132 129 131 150 157 158 157 158
212 205 199 201 211 218 212 204 207 196 190 183 168 179 171 164 136 112 127 119 137 147 160 160 166 176 186 192 196 186 178 178 159 156 167 145 114 126 138 155 161 169 171 163 174 197 213 224 218 227 224 203 207 220 229 231 238 252 267 267 261 244 243 231 225 217 202 175 168 147 139 110 110 128 142 141 118 108 119 125 121 121 135 153 151 158 158 159
217 214 205 196 201 209 209 196 202 200 200 190 190 185 163 152 120 104 104 106 126 137 153 162 168 178 185 186 192 195 187 185 169 159 174 149 110 120 142 158 177 178 185 174 177 195 214 214 213 223 228 216 210 212 225 229 226 238 261 270 268 252 247 225 213 199 180 183 180 174 153 112 119 131 141 145 131 119 126 122 115 110 125 150 156 157 158 161
221 218 210 207 196 210 201 190 190 189 195 194 179 150 147 133 120 120 108 105 133 137 149 157 163 171 183 192 185 186 189 185 182 177 163 148 121 123 134 148 162 173 181 193 189 197 213 202 212 223 233 223 211 218 223 227 237 247 249 268 267 256 244 231 212 202 190 195 197 196 172 131 120 122 139 149 144 128 117 117 110 117 134 152 149 156 162 156
217 213 213 205 192 201 184 183 176 176 185 178 180 166 159 155 138 132 94 103 120 135 149 159 169 176 186 192 177 175 183 188 181 178 166 145 111 122 144 158 175 172 171 175 195 199 210 200 212 226 233 230 213 220 227 235 244 256 265 268 270 260 253 242 228 217 206 202 208 206 193 181 130 124 138 148 154 145 134 130 111 114 131 138 147 153 166 165
212 206 203 205 191 193 174 170 172 162 177 147 156 173 166 147 133 112 101 123 135 157 169 171 175 165 181 184 176 171 177 192 181 168 156 154 121 143 152 148 161 177 188 187 201 206 200 197 218 222 234 230 222 222 229 226 234 246 262 267 270 263 257 248 240 223 212 212 212 200 191 166 155 136 135 143 147 157 134 131 125 118 123 139 145 152 163 173
211 200 194 199 191 197 175 170 167 156 156 153 145 167 148 160 140 119 113 129 146 160 155 163 155 159 182 176 173 167 169 181 183 171 161 150 129 137 159 176 173 181 191 192 193 188 188 206 218 221 240 230 231 225 220 222 232 248 264 266 269 267 264 257 247 229 221 220 206 191 182 181 186 177 138 148 153 159 162 141 133 128 125 129 137 151 158 168
211 206 190 191 205 204 197 185 196 180 175 164 145 142 131 144 124 111 109 128 150 150 142 148 153 167 178 174 160 153 166 179 183 177 153 135 131 159 158 173 180 187 180 175 166 181 198 203 205 221 237 237 234 224 220 230 243 252 264 268 268 270 268 261 254 239 224 213 199 195 200 186 202 186 144 147 152 156 164 160 153 131 131 134 128 145 168 172
214 211 196 198 208 211 205 205 199 196 188 177 172 128 109 117 112 122 123 128 145 128 120 137 147 163 169 170 152 151 170 175 179 166 160 150 138 157 171 176 177 187 167 156 178 172 199 217 207 218 235 242 239 229 219 228 235 252 265 267 269 268 271 259 254 235 231 215 202 201 209 208 204 184 144 144 147 157 162 166 158 145 141 137 127 139 159 171
215 211 201 204 211 216 208 196 193 171 175 171 161 129 104 119 127 135 131 123 122 102 114 128 150 154 169 165 143 148 163 176 163 139 142 139 136 143 162 162 162 170 161 159 182 178 202 222 214 218 229 250 244 231 225 231 246 252 267 268 264 270 271 266 261 239 233 224 212 215 210 219 202 186 153 151 152 147 154 163 166 154 137 134 134 134 149 166
211 209 202 206 209 217 210 199 190 177 156 146 131 105 118 133 129 143 140 138 124 99 109 126 146 158 162 160 140 141 167 175 171 151 126 126 130 150 159 138 149 175 164 184 200 194 207 223 230 231 245 244 247 240 234 238 251 259 264 267 265 268 271 269 268 245 233 228 220 220 223 213 206 191 166 163 155 142 157 154 163 166 149 131 132 129 138 151
225 219 217 219 218 223 212 208 204 191 173 166 158 129 141 147 140 147 150 145 137 111 108 125 140 153 156 159 148 141 163 172 158 147 123 123 142 152 139 151 170 186 181 198 207 212 220 229 237 229 230 243 251 241 239 246 258 263 262 263 265 271 271 270 268 263 245 239 229 229 225 219 202 196 189 193 176 145 147 149 165 169 164 152 140 128 130 133
228 224 226 228 224 218 216 212 190 183 179 182 168 165 163 148 131 140 156 150 143 138 126 132 126 133 142 154 141 131 148 168 150 125 110 115 133 143 155 171 186 191 194 196 200 199 224 223 224 220 228 238 241 258 256 258 256 263 266 267 269 271 271 270 269 266 242 246 238 233 220 214 213 214 208 194 170 140 146 155 160 157 168 167 155 144 137 137
235 233 231 224 216 210 212 209 194 198 191 190 182 172 155 131 156 159 163 155 154 143 141 140 136 149 134 140 122 142 153 165 157 131 107 111 118 150 167 172 173 189 179 181 190 206 222 209 213 213 227 231 241 247 253 250 259 262 268 268 265 271 271 269 267 262 253 249 240 230 221 228 221 212 207 189 174 155 141 154 147 153 162 173 168 151 140 134
238 230 224 203 205 203 204 200 198 203 195 185 164 139 133 140 144 154 164 160 151 153 153 148 152 149 133 134 127 137 154 152 154 129 107 113 129 151 167 171 163 182 174 194 206 216 217 201 202 205 217 236 241 247 247 254 265 266 269 268 269 271 271 269 268 266 246 250 238 234 233 226 210 200 196 193 188 179 153 133 136 142 149 167 173 161 153 143
234 229 215 201 210 211 210 207 207 208 196 182 168 161 164 137 140 156 167 173 157 169 158 166 169 149 158 144 128 129 149 134 145 123 124 128 155 155 147 149 157 164 176 198 212 214 204 191 203 210 219 233 241 235 241 254 264 268 268 270 269 271 271 270 268 263 255 252 249 242 229 220 210 208 207 204 202 191 167 127 135 138 153 163 170 173 169 153
230 229 216 215 221 222 217 216 211 210 201 198 191 182 156 143 157 160 178 175 174 174 172 169 149 145 142 147 138 114 130 126 136 109 124 149 170 151 155 166 156 179 177 202 206 194 188 198 207 214 224 235 233 231 239 248 257 264 270 269 271 271 271 270 268 266 265 259 253 245 229 222 232 217 220 208 208 197 173 151 127 130 150 159 159 172 176 167
228 226 224 226 220 217 214 208 205 205 204 191 188 161 145 162 167 172 180 180 171 160 163 156 150 131 123 138 134 112 116 112 122 99 110 136 159 174 171 177 169 192 199 198 199 188 197 211 219 223 230 232 235 225 241 248 263 260 269 271 271 271 270 269 268 266 262 259 256 249 238 235 226 221 213 200 194 197 181 153 128 138 150 154 146 158 174 175
224 228 224 220 215 209 209 200 196 185 188 178 163 152 159 172 178 179 185 172 164 149 155 135 140 126 110 127 134 119 96 103 109 94 110 146 168 163 178 184 185 185 182 173 186 190 202 209 213 221 221 221 226 232 243 247 257 262 271 271 270 270 270 269 267 266 264 259 255 247 240 227 218 214 206 196 188 180 151 133 124 127 136 152 159 157 166 173
221 227 227 226 224 215 209 204 204 196 192 154 143 154 170 179 190 186 177 170 165 153 119 106 121 124 98 110 125 121 101 130 121 101 115 146 159 151 161 171 169 164 154 161 169 179 194 204 216 210 214 216 230 237 242 246 259 261 271 271 267 270 270 270 268 266 261 255 250 248 241 236 226 213 206 212 197 190 184 156 120 122 138 153 165 166 170 174
231 231 229 221 215 213 209 209 201 196 186 163 151 167 181 184 190 186 178 159 148 143 114 86 78 92 83 110 106 114 128 140 131 102 116 155 134 157 177 160 157 134 158 171 182 191 203 210 206 194 204 217 231 238 251 251 261 260 268 271 259 267 268 269 269 266 262 257 256 257 249 238 222 213 220 215 200 200 199 181 145 124 135 145 162 164 167 168
235 233 228 216 203 204 197 191 191 186 183 173 168 165 179 186 193 190 162 146 125 107 96 92 82 76 86 92 99 115 124 142 148 135 129 156 146 175 173 167 167 157 163 180 187 190 191 200 185 193 208 223 232 244 257 262 261 260 270 269 268 259 267 269 269 267 266 262 264 261 251 240 227 228 227 221 216 211 195 184 161 151 131 135 151 150 163 166
234 230 228 202 205 201 203 201 197 189 177 175 179 182 188 194 190 183 174 162 141 112 78 65 80 81 81 79 95 122 129 129 146 158 141 161 148 170 172 183 178 153 162 175 176 177 188 186 191 204 211 227 237 245 251 258 260 264 270 262 269 264 268 265 264 267 264 264 262 257 250 242 238 235 229 223 213 203 181 164 159 160 157 145 138 148 154 159
236 229 223 211 207 210 210 206 202 197 182 181 186 195 200 191 186 180 179 165 140 99 70 67 69 70 72 78 85 102 99 111 137 158 169 167 163 163 171 184 181 164 154 165 164 172 184 180 200 212 216 230 236 245 256 256 256 266 268 263 261 250 268 267 261 265 265 263 257 253 248 245 241 235 232 224 203 194 179 164 165 165 164 161 152 150 147 161
236 229 216 211 205 211 208 203 198 187 182 192 193 199 194 197 190 183 184 152 116 90 74 63 69 74 77 78 84 85 85 104 129 146 165 176 178 180 176 186 193 160 166 166 160 167 169 179 198 213 223 231 238 247 256 251 257 252 263 270 252 242 264 267 261 262 256 256 256 255 253 251 247 239 234 221 211 181 170 168 172 168 166 163 161 161 149 154
242 237 225 211 212 217 210 206 202 190 196 197 198 201 198 194 187 180 173 143 120 108 90 75 81 81 76 80 79 97 85 82 111 135 151 168 169 181 187 191 189 168 182 179 170 159 168 182 200 214 224 225 232 239 250 249 248 248 264 262 244 240 253 266 264 259 248 243 249 257 255 254 249 239 236 227 217 204 184 174 168 168 166 166 166 161 158 150
245 234 225 217 221 212 210 205 202 193 201 202 203 202 200 192 183 166 168 139 119 131 103 97 88 82 90 86 90 107 97 93 94 110 145 160 171 169 181 195 197 181 187 182 178 171 180 186 202 211 223 232 239 244 247 244 250 253 260 268 256 242 248 263 262 255 246 238 242 255 253 250 246 233 232 215 208 193 179 175 166 168 165 165 164 163 165 161
247 235 228 224 224 213 209 214 203 202 203 204 203 202 197 192 188 181 171 151 141 146 129 80 76 77 96 116 102 126 108 103 112 128 145 157 167 175 184 190 199 196 197 189 175 177 197 199 206 215 224 227 233 236 245 252 257 259 259 269 258 248 244 261 257 246 245 235 236 239 248 247 244 227 224 208 194 187 174 175 172 168 169 167 163 164 164 164
246 234 231 236 231 225 218 215 205 207 209 206 198 194 195 187 189 175 168 146 170 156 134 97 81 83 98 116 131 134 111 102 123 132 147 170 176 184 172 179 194 207 200 198 183 188 203 211 221 223 229 235 239 236 237 250 254 256 252 265 260 241 251 262 259 258 241 234 229 231 246 245 243 225 215 206 195 184 172 170 170 169 164 163 163 165 164 164
240 241 239 243 214 218 226 216 203 206 212 205 204 203 189 190 191 180 165 154 173 156 139 99 89 96 113 132 146 126 117 123 134 125 136 150 167 176 194 199 194 201 208 203 187 193 204 204 215 225 234 243 252 250 257 249 252 253 251 266 259 237 249 256 261 250 251 240 229 228 243 241 241 227 216 207 188 178 163 164 169 164 162 162 163 162 163 166
232 233 231 232 211 215 227 217 211 217 212 206 202 195 190 195 192 183 163 177 179 172 137 122 115 121 137 136 152 138 139 144 141 127 147 165 175 181 183 199 204 202 215 214 203 209 216 216 220 235 237 235 239 238 247 261 258 262 265 267 249 243 237 253 254 239 237 246 233 229 240 237 235 229 221 206 209 186 159 163 167 164 160 162 161 165 161 166
233 229 220 228 208 211 222 219 220 212 209 201 200 194 193 197 191 185 175 184 182 164 143 142 136 138 147 154 155 150 154 151 142 135 148 169 174 183 194 192 183 194 204 213 214 218 224 230 232 233 224 234 245 248 250 256 261 268 270 256 245 233 236 254 253 250 232 242 243 234 235 236 229 221 214 212 201 189 158 160 159 160 161 161 161 162 161 165
230 227 223 220 194 200 214 221 221 217 215 206 201 200 196 199 188 192 183 188 185 179 168 152 147 152 155 158 162 161 158 150 137 146 166 174 179 186 191 182 167 179 196 208 197 209 211 217 225 219 216 229 243 254 254 261 262 267 262 251 244 230 238 249 252 243 232 232 231 240 229 231 227 218 210 199 188 156 139 149 156 160 160 161 167 166 166 164
229 226 222 211 196 200 210 212 214 218 216 214 212 204 200 200 192 193 188 190 184 176 165 167 164 167 162 169 168 164 154 142 129 142 155 166 173 175 184 174 159 176 196 193 190 193 200 209 218 211 210 228 246 248 258 265 267 260 247 251 242 233 230 245 249 239 223 227 221 233 238 229 217 210 206 198 177 141 121 136 152 157 160 162 167 166 175 182
229 223 216 211 193 193 204 197 202 206 214 205 212 213 206 198 204 200 193 193 189 177 184 181 169 168 162 171 171 167 156 154 145 144 152 143 152 166 179 163 149 168 184 184 172 178 184 195 215 207 205 223 237 245 254 266 268 258 243 236 237 226 230 242 249 242 231 224 214 225 226 228 216 209 202 173 156 128 126 143 154 157 160 164 168 169 174 195
230 220 212 206 193 180 188 201 207 205 210 212 200 203 211 205 201 200 193 194 191 186 189 182 177 176 166 175 175 167 166 159 139 152 158 145 142 151 167 149 149 169 168 161 151 161 179 187 197 209 213 222 235 245 258 266 263 254 241 234 229 220 214 238 246 241 237 233 220 223 220 229 224 214 205 183 164 132 120 127 152 157 162 165 167 170 176 197
228 225 218 211 176 184 195 194 197 192 199 212 202 193 200 195 195 197 200 196 196 193 191 184 175 179 176 178 176 165 171 152 148 163 160 156 148 128 115 136 147 153 149 147 141 156 165 170 195 216 220 225 232 247 257 258 268 252 247 241 234 229 217 235 241 238 231 229 221 219 210 219 230 209 203 182 159 139 118 119 141 154 159 161 166 168 180 201
226 217 217 215 190 188 187 183 186 181 199 212 207 193 195 186 190 187 194 200 196 194 187 184 185 186 182 180 170 168 175 163 159 166 164 148 151 144 119 122 141 142 157 163 139 144 159 174 195 213 222 229 236 252 247 259 267 261 248 250 237 233 222 235 239 234 226 222 220 210 208 219 223 208 197 186 187 177 152 119 129 134 150 163 164 166 179 203
