data/layers/bio18.asc
NCOLS 507 
NROWS 956 
XLLCORNER -77.7833333333333 
YLLCORNER 0 
CELLSIZE 0.00833333333333335 
NODATA_value -3.4e+38 
[rows 570 to 607 of 956, columns 255 to 339 of 507]
271 262 255 264 266 276 264 264 280 678 721 685 285 271 293 318 293 278 285 269 264 268 274 274 271 258 255 189 226 247 250 254 534 252 241 231 194 162 144 136 135 133 132 131 130 129 127 127 125 123 123 123 123 121 119 119 119 118 117 116 115 115 114 115 115 116 117 120 123 124 129 133 140 148 138 140 143 153 156 166 187 205 348 365 351
558 261 260 261 265 271 285 268 276 667 677 289 289 576 602 692 562 285 263 264 276 280 283 641 631 265 253 213 244 250 251 270 549 243 239 206 179 161 138 134 133 132 131 130 128 127 125 124 123 123 121 121 121 120 117 116 117 116 115 115 115 114 113 115 115 116 119 119 122 124 127 126 131 145 136 140 145 151 158 169 198 331 355 361 346
277 260 260 260 265 285 287 271 277 686 657 644 685 693 603 588 271 272 281 283 647 646 568 559 256 253 236 215 243 250 256 625 532 243 224 199 164 148 135 133 131 131 130 128 127 125 124 123 122 123 122 121 120 118 117 115 115 114 115 114 114 113 114 114 114 115 117 119 120 122 123 125 129 145 136 141 146 153 161 173 199 329 362 348 345
262 257 256 262 268 274 307 283 577 638 584 683 720 620 581 295 638 290 295 644 646 581 575 271 256 260 249 228 247 253 616 630 253 242 229 193 168 144 132 131 130 129 128 127 124 124 123 122 121 120 120 119 118 117 115 114 112 112 111 110 112 111 112 112 113 115 115 116 117 120 124 128 130 159 144 142 157 156 170 175 192 349 461 351 447
259 255 256 283 288 287 571 293 633 629 668 702 733 631 611 673 571 573 671 692 672 270 266 257 252 254 588 232 246 250 528 550 241 238 212 192 155 143 131 129 129 127 126 125 124 123 122 121 121 118 119 118 117 115 112 113 111 111 110 110 110 111 111 111 112 114 114 116 118 119 123 127 133 161 143 146 156 169 192 205 343 331 360 358 450
255 580 260 638 548 613 569 294 730 631 694 730 706 627 610 590 561 296 659 684 636 273 255 250 648 249 228 236 246 250 531 610 624 228 200 167 150 135 128 127 126 126 125 123 124 121 120 119 117 116 116 116 117 116 115 114 113 112 111 109 109 109 111 110 112 113 114 116 125 124 126 130 136 150 147 156 169 187 341 372 352 461 359 355 350
257 253 263 284 669 613 307 573 722 708 714 591 716 714 585 579 554 625 550 645 623 258 253 249 248 246 227 244 246 613 612 521 240 224 188 148 138 127 127 126 124 124 124 123 121 119 119 117 116 115 115 113 114 113 112 113 112 111 110 108 108 108 110 109 111 111 113 115 118 122 126 132 140 146 150 161 175 189 324 353 364 358 452 447 431
252 254 272 286 671 610 656 725 712 619 722 700 700 570 560 579 550 262 621 543 539 251 248 247 239 214 238 244 256 608 521 242 236 212 173 143 131 126 125 124 123 123 122 122 120 119 119 116 114 114 112 111 111 110 110 110 111 110 108 106 108 107 109 109 110 110 112 115 117 126 138 137 137 143 145 151 162 170 185 331 353 460 356 345 426
257 257 290 659 717 720 597 597 613 720 610 710 664 538 265 262 271 254 256 266 257 648 246 227 242 232 240 245 250 523 515 236 231 198 165 139 132 125 123 122 122 122 119 119 118 117 118 115 113 112 110 109 108 108 107 109 107 110 109 106 109 108 109 108 110 110 112 118 121 120 128 133 134 142 173 326 178 412 195 358 450 357 455 349 342
249 261 641 653 606 718 595 664 718 716 696 676 632 633 624 268 255 269 249 247 248 658 237 241 241 234 242 246 603 518 241 233 222 185 152 132 125 122 123 122 120 118 117 116 117 116 116 114 112 111 111 106 107 107 105 106 103 105 108 108 108 105 106 108 109 111 114 114 115 118 124 128 139 150 184 347 410 351 355 362 358 440 445 444 340
255 286 549 600 608 707 563 595 604 612 686 639 621 654 625 264 264 543 261 247 245 246 237 655 236 241 611 475 516 254 222 628 218 185 153 129 121 121 121 120 117 116 115 116 116 113 115 113 111 109 108 107 106 105 105 105 101 101 102 106 104 104 104 107 108 108 110 111 113 120 131 130 138 157 170 191 435 353 458 358 354 350 429 430 409
268 625 654 604 702 585 605 602 609 692 566 625 653 298 615 538 262 280 523 244 243 242 238 240 235 242 247 249 259 231 218 227 196 170 147 135 120 120 119 119 116 114 115 114 113 112 112 112 110 106 104 103 101 103 99 102 102 98 100 104 103 101 103 105 106 107 108 110 116 123 140 135 142 150 146 164 199 437 357 359 354 456 423 391 384
292 525 546 605 709 693 710 687 594 636 638 666 645 547 640 562 282 607 521 246 647 662 237 642 236 240 244 240 594 223 219 221 169 159 136 127 118 119 118 116 115 112 113 113 110 111 113 111 108 105 104 102 100 100 101 97 99 97 97 97 102 100 102 109 104 106 109 110 114 125 131 153 172 162 174 155 185 324 344 350 355 456 344 368 325
555 573 674 703 703 700 708 582 570 555 676 652 639 675 591 568 543 269 518 621 237 620 242 238 240 613 236 593 542 199 224 210 168 149 127 121 119 118 116 114 111 111 110 110 109 110 111 109 107 104 102 101 100 96 95 97 94 96 96 98 98 100 101 102 113 123 109 111 119 139 138 144 169 345 401 176 189 342 334 428 347 346 394 407 364
683 595 594 600 696 706 694 579 579 696 590 644 695 599 577 614 608 282 275 246 630 244 248 236 232 237 229 236 208 208 217 186 154 139 120 117 116 116 114 111 110 110 109 109 108 108 108 108 107 104 102 101 102 97 93 94 95 93 95 95 98 100 103 105 103 123 115 113 134 149 166 148 173 352 336 346 365 428 352 351 353 346 339 330 411
570 694 669 698 599 705 594 689 602 681 572 656 694 668 537 627 549 553 599 243 235 249 592 234 227 531 221 445 175 199 203 174 157 143 120 115 114 114 113 111 109 108 108 106 107 104 106 107 106 106 103 101 100 97 92 91 90 94 92 94 94 97 102 105 110 110 115 122 149 178 165 396 184 192 349 364 364 352 446 353 352 453 430 338 326
578 587 597 599 696 704 703 672 581 697 592 693 597 649 611 668 577 528 253 597 621 517 250 608 227 227 223 200 165 222 192 167 170 154 117 114 113 111 110 110 107 106 106 104 103 101 101 103 105 105 103 100 98 95 89 90 89 90 91 91 93 96 102 107 111 110 118 134 157 337 329 351 350 426 361 365 362 358 356 353 348 345 424 428 335
703 553 699 694 644 654 645 546 553 546 597 681 592 657 541 572 537 521 255 589 244 239 601 619 226 216 533 208 144 204 184 166 169 139 115 113 113 111 109 109 106 104 104 102 100 99 99 99 100 103 104 100 98 96 96 88 87 88 89 90 93 96 98 101 118 122 118 149 168 195 368 360 359 444 367 365 361 355 356 459 453 441 451 339 418
543 602 684 643 621 584 622 531 507 515 686 686 682 638 568 677 569 518 588 586 501 246 616 621 618 198 222 173 132 184 155 154 172 124 113 113 112 109 108 105 105 103 101 99 100 100 99 100 98 102 101 99 99 97 95 93 87 87 89 90 91 102 103 103 106 114 120 125 142 160 324 174 181 358 366 359 351 345 426 347 348 344 342 338 410
558 539 650 516 571 557 427 451 537 547 691 673 564 657 678 668 583 560 523 510 520 498 532 197 209 189 222 143 127 167 146 153 163 120 112 111 109 106 106 104 101 101 99 97 98 98 99 100 101 101 99 97 95 95 92 88 84 86 89 95 90 98 116 116 116 118 132 146 137 147 151 156 303 170 350 327 335 415 341 344 347 345 342 339 335
480 647 641 569 548 583 549 510 638 566 687 580 656 588 675 632 665 629 525 512 511 580 614 182 158 187 196 126 139 179 123 167 162 132 109 109 108 106 104 102 100 99 97 97 97 95 96 102 98 96 96 95 93 91 89 84 87 85 89 95 90 97 102 118 124 136 159 415 155 155 169 173 416 175 427 350 333 321 325 423 342 440 447 442 334
588 619 579 561 593 545 542 569 628 585 685 671 680 625 578 636 577 635 542 531 598 496 607 203 144 144 132 123 122 137 120 170 141 120 109 108 107 105 103 100 100 98 96 94 94 93 96 102 98 96 95 94 90 88 86 81 83 87 92 98 104 96 106 112 136 168 330 344 345 320 323 420 361 365 362 358 334 338 342 338 339 339 340 337 406
590 506 626 600 565 545 424 612 604 553 586 582 625 571 460 619 667 549 526 598 617 493 593 596 157 591 185 123 122 116 122 137 123 112 108 107 105 103 101 99 100 97 95 96 94 96 95 99 100 96 93 91 91 89 85 80 87 89 95 99 105 96 106 116 139 175 354 364 362 428 346 337 365 468 362 446 336 345 349 347 343 341 339 338 394
582 629 541 590 550 490 435 609 631 632 536 528 574 606 482 659 562 524 511 519 503 233 201 172 179 215 143 127 139 134 115 115 112 108 107 105 104 102 100 99 98 96 95 94 94 98 100 99 97 94 92 89 88 87 85 81 85 95 96 102 107 112 104 120 148 413 345 432 365 365 357 432 363 363 360 345 340 344 349 347 439 341 420 337 423
590 570 550 498 561 555 577 569 541 643 555 604 600 573 619 569 526 514 569 574 486 502 196 201 194 202 152 130 163 137 112 110 126 107 106 104 103 101 100 99 99 96 96 93 95 97 100 98 93 93 91 88 86 84 86 82 82 93 103 106 112 115 131 134 155 176 173 354 365 450 364 363 364 363 469 350 346 351 349 347 343 340 338 418 381
486 560 540 420 591 598 628 469 471 645 626 665 637 638 664 564 521 499 565 447 566 513 181 210 215 177 138 138 181 131 112 110 144 111 105 103 103 100 99 98 97 97 96 97 96 98 99 95 94 89 91 91 84 83 83 84 83 86 92 94 112 109 129 135 135 156 153 356 364 361 362 363 365 360 358 354 351 350 350 346 342 341 338 394 334
573 614 535 524 594 682 678 641 600 604 572 660 660 653 619 587 565 564 559 480 481 200 191 202 409 176 127 139 174 168 110 109 113 118 104 103 101 99 98 97 96 95 96 97 97 97 99 94 94 88 87 86 89 84 83 84 84 85 87 91 99 102 105 123 129 125 152 414 355 441 355 356 353 356 355 354 353 354 424 345 342 342 338 336 334
564 559 530 512 582 563 623 573 592 574 576 650 624 609 568 487 480 555 228 491 409 188 186 571 564 165 124 130 147 150 115 109 106 132 114 102 100 99 98 96 96 95 96 92 99 99 96 94 93 89 88 85 87 86 85 85 89 92 92 101 107 110 108 131 146 133 146 164 344 424 342 345 361 360 357 353 354 415 410 436 342 423 405 386 381
564 551 567 542 566 613 576 548 575 577 622 571 646 616 523 566 555 565 480 480 205 181 215 213 498 150 119 123 132 137 110 107 105 106 114 104 100 98 98 97 96 95 96 98 97 94 96 94 91 88 87 86 85 87 87 86 87 92 102 104 106 114 128 141 152 143 160 320 331 326 334 420 356 359 358 354 355 357 413 348 347 342 404 385 404
592 626 618 573 659 619 567 575 629 652 649 625 584 488 479 551 487 556 474 401 575 171 499 194 153 137 126 121 134 129 110 107 105 104 103 107 104 98 97 96 97 95 97 95 94 95 91 89 90 91 87 87 87 92 88 87 90 98 105 110 112 115 127 331 410 323 336 353 415 348 435 353 358 356 357 354 355 417 414 350 402 411 409 387 383
639 570 649 573 648 610 562 474 492 509 504 503 548 547 226 510 215 471 560 500 179 158 148 154 143 165 129 122 119 110 108 107 105 104 103 101 103 98 97 95 95 94 97 93 93 92 92 90 88 88 88 92 94 87 89 90 93 99 114 113 123 121 130 405 329 323 319 353 437 354 357 356 360 358 355 350 352 427 352 400 397 394 391 455 450
621 606 588 588 492 564 561 548 468 244 473 229 227 218 578 577 188 184 163 157 151 185 144 127 144 163 137 126 115 111 108 107 105 104 103 102 110 99 97 95 94 94 96 93 92 92 92 91 89 89 89 91 89 95 94 93 96 100 113 123 126 124 295 164 318 327 393 346 358 354 419 349 356 350 441 441 350 441 356 350 348 461 466 351 430
574 479 485 472 466 468 542 465 472 551 542 497 572 199 202 504 565 499 174 169 493 154 138 128 142 140 126 129 122 113 109 106 105 103 102 103 112 100 96 96 94 93 95 93 92 92 90 90 90 91 89 89 90 91 92 93 108 121 121 128 113 114 417 406 178 403 396 402 341 411 341 348 346 344 346 453 450 348 424 429 419 396 436 397 400
652 611 517 466 258 538 538 463 541 464 544 542 552 560 223 555 198 173 194 491 161 141 131 126 135 123 125 135 119 109 108 106 105 103 102 101 111 97 97 97 94 95 96 95 94 93 91 91 92 92 92 93 96 101 97 99 98 102 102 105 124 166 129 297 334 409 404 407 334 337 343 349 347 348 351 445 346 345 344 343 426 344 339 338 389
533 575 489 467 499 551 538 460 248 536 460 477 228 471 540 497 180 493 207 162 141 132 137 123 122 124 118 131 112 108 107 106 105 103 103 112 99 97 96 96 95 96 96 95 95 94 93 91 91 92 92 93 96 97 95 106 102 107 111 110 128 153 138 322 399 342 342 345 353 351 420 350 351 353 451 353 348 348 434 342 433 338 419 343 390
638 528 490 469 497 542 460 459 472 575 481 532 459 461 550 191 176 557 167 150 140 136 130 127 128 117 114 121 111 109 107 107 104 104 115 104 99 98 98 97 96 96 97 96 96 96 94 93 92 93 93 94 94 95 102 100 108 121 127 128 126 142 325 159 413 351 351 346 355 360 450 355 451 454 433 437 351 417 430 348 346 405 410 341 395
632 537 476 490 517 494 527 543 576 553 514 466 531 469 492 557 191 211 166 151 138 133 128 132 126 116 114 113 110 109 108 106 105 115 103 101 99 97 98 97 96 97 98 97 96 95 95 96 94 93 93 95 94 95 101 102 110 120 141 150 139 135 289 149 161 347 361 362 423 441 356 355 452 365 367 428 424 413 427 407 403 400 342 456 498
629 512 484 484 483 459 535 563 632 631 595 463 453 222 197 554 546 171 543 154 139 131 130 133 120 116 115 112 111 109 109 106 113 116 102 100 100 99 99 97 97 97 96 98 98 97 97 97 96 94 95 95 95 96 99 105 115 122 279 159 298 137 152 311 339 332 347 366 356 360 356 359 448 429 423 431 465 413 420 459 371 401 401 434 518
