data/layers/bio12.asc
NCOLS 507 
NROWS 956 
XLLCORNER -77.7833333333333 
YLLCORNER 0 
CELLSIZE 0.00833333333333335 
NODATA_value -3.4e+38 
[rows 180 to 215 of 956, columns 158 to 236 of 507]
4353 4411 4210 4141 4066 4012 3872 3837 3814 3816 3729 3691 3637 3705 3575 3514 3468 3438 3393 3293 3177 2850 2707 2735 2710 2618 2539 2473 2588 2587 2494 2399 2380 2385 2440 2571 2573 2493 2559 2778 2753 2745 2752 2756 2764 2775 2787 2778 2785 2750 2518 2322 2256 2249 2251 2241 2186 2015 2036 2187 2250 2147 2152 2075 1904 1965 1896 1780 1762 1920 1900 1767 1527 1503 1487 1344 1342 1331 1356
4376 4432 4324 4186 4082 4041 3894 3849 3821 3776 3733 3713 3673 3633 3660 3555 3507 3468 3420 3332 3036 2836 2681 2790 2691 2575 2506 2523 2591 2454 2428 2407 2387 2363 2384 2470 2460 2496 2716 2776 2757 2733 2750 2761 2768 2771 2781 2783 2785 2768 2597 2419 2272 2203 2177 2126 2146 2002 1983 2205 2157 2143 2179 2109 2088 1996 1898 1780 1840 1932 1887 1745 1541 1600 1490 1560 1366 1449 1508
4364 4401 4319 4274 4179 4081 3936 3859 3856 3838 3784 3748 3702 3658 3664 3660 3575 3562 3464 3416 3277 2857 2856 2974 2736 2633 2547 2504 2467 2447 2428 2426 2387 2375 2428 2558 2569 2542 2690 2747 2774 2757 2767 2771 2763 2770 2770 2777 2780 2777 2733 2518 2359 2248 2232 2108 2027 2003 1986 2168 2004 2048 2110 2167 2099 1946 1889 1786 1862 1876 1926 1876 1648 1687 1674 1667 1379 1378 1713
4565 4643 4346 4224 4147 4077 3967 3919 3882 3841 3811 3772 3729 3684 3635 3599 3576 3537 3498 3431 3286 3052 3111 2847 2767 2640 2557 2493 2496 2482 2483 2436 2402 2393 2487 2532 2526 2565 2690 2609 2755 2769 2774 2768 2775 2772 2776 2747 2774 2778 2779 2735 2409 2289 2227 2218 2104 2003 1982 2052 1964 2000 2052 2094 2001 1911 1866 1792 1855 1951 1897 1798 1741 1779 1654 1559 1433 1400 1459
4633 4547 4463 4355 4248 4155 4044 3942 3874 3848 3836 3794 3741 3700 3655 3631 3631 3519 3532 3465 3360 3243 3208 2898 2751 2851 2584 2538 2532 2532 2486 2444 2402 2392 2424 2534 2547 2502 2545 2507 2622 2760 2755 2757 2768 2702 2756 2618 2740 2758 2717 2594 2414 2306 2246 2195 2076 2016 1964 1975 1961 1957 2088 2059 1923 1903 1819 1800 1883 1922 1943 1924 1784 1636 1522 1481 1474 1483 1459
4743 4636 4429 4264 4273 4128 4028 3904 3817 3853 3856 3840 3783 3740 3686 3661 3619 3561 3558 3489 3433 3425 3355 3236 3047 2892 2613 2638 2654 2576 2453 2426 2406 2457 2415 2587 2530 2523 2509 2468 2576 2758 2758 2761 2759 2687 2569 2546 2715 2752 2636 2545 2390 2255 2207 2105 2198 2134 2000 1894 1931 1951 2000 1953 1863 1827 1890 1887 1974 1969 1921 1930 1911 1687 1577 1540 1592 1420 1440
4580 4560 4658 4586 4388 4296 4116 3965 3860 3871 3873 3847 3801 3772 3725 3704 3654 3610 3578 3540 3499 3461 2999 3085 3252 2952 2617 2616 2750 2557 2515 2480 2451 2423 2394 2547 2519 2495 2525 2469 2541 2751 2760 2757 2705 2563 2448 2609 2672 2634 2524 2614 2497 2357 2252 2196 2032 1981 2002 1927 1881 1883 1979 1950 1860 1847 1831 1956 2002 1892 1715 1749 1600 1718 1647 1589 1630 1449 1464
4688 4525 4443 4271 4216 4217 4277 4151 4012 3945 3919 3880 3844 3803 3762 3726 3678 3632 3573 3549 3489 3463 2935 3027 3295 3005 2795 2941 2772 2576 2503 2436 2446 2398 2395 2505 2514 2548 2516 2505 2553 2655 2693 2654 2532 2526 2413 2500 2489 2434 2460 2590 2386 2278 2226 2160 2117 1978 1891 1907 1947 1923 1883 1856 1888 1861 1907 2035 2006 1994 1953 1941 1785 1548 1561 1497 1480 1491 1671
4732 4559 4412 4262 4159 4150 4284 4254 4107 4010 3954 3919 3879 3837 3795 3756 3699 3656 3615 3537 3264 3443 2864 2905 3191 3113 3101 2799 2685 2522 2493 2442 2427 2404 2406 2462 2560 2460 2471 2476 2515 2505 2542 2522 2456 2415 2397 2414 2383 2385 2446 2505 2376 2269 2235 2150 2043 2040 2085 2006 1889 1917 1917 1942 2010 2071 2063 2046 1935 2006 1889 1811 1748 1616 1552 1564 1565 1545 1743
4673 4549 4500 4328 4282 4201 4132 4171 4287 4120 4073 4031 3912 3867 3821 3782 3731 3673 3608 3534 3413 3279 2622 2678 2996 3194 3132 2971 2890 2626 2506 2476 2429 2416 2441 2387 2467 2399 2417 2485 2472 2460 2470 2444 2421 2401 2380 2370 2364 2392 2483 2406 2293 2255 2210 2116 2064 2126 2208 2131 1989 1886 1954 1869 1870 1895 2007 1880 1832 1992 1928 1699 1682 1588 1562 1557 1532 1666 1779
4655 4584 4533 4430 4397 4270 4164 4138 4214 4110 4059 3997 3940 3892 3845 3796 3780 3704 3634 3514 3396 3004 2651 2664 2871 2906 2931 3062 2940 2827 2751 2536 2451 2440 2411 2381 2402 2367 2421 2503 2464 2457 2438 2427 2409 2398 2382 2367 2383 2452 2560 2430 2333 2284 2252 2224 2141 2204 2241 2161 1992 2004 2011 1983 1926 1851 1903 1832 1816 1974 1903 1836 1649 1600 1597 1581 1781 1669 1838
4695 4649 4625 4495 4485 4345 4228 4132 4156 4138 4055 4014 3930 3891 3853 3819 3797 3742 3669 3508 3254 3028 2636 2616 2735 2601 2636 2696 2903 2629 2778 2756 2561 2427 2478 2400 2375 2356 2366 2498 2411 2437 2445 2428 2412 2401 2386 2371 2376 2371 2420 2416 2350 2412 2334 2257 2190 2242 2309 2200 2087 2081 2152 2110 2053 1967 1879 1839 1841 1914 2017 1888 1715 1623 1634 1619 1848 1907 1889
4729 4695 4690 4603 4502 4374 4241 4116 4162 4141 4077 4033 3980 3867 3876 3872 3825 3789 3710 3412 3119 2912 2642 2663 2604 2677 2762 2699 2801 2808 2515 2535 2670 2515 2439 2407 2376 2352 2356 2390 2349 2409 2448 2432 2416 2401 2384 2372 2359 2355 2467 2363 2327 2389 2404 2329 2246 2326 2311 2203 2192 2201 2257 2176 2107 2029 1945 1844 1848 1911 2035 1911 1701 1643 1627 1689 1899 1917 1844
4774 4717 4765 4680 4511 4391 4267 4187 4185 4161 4104 4050 3979 3927 3939 3920 3862 3818 3720 3618 3355 3039 2693 2635 2630 2603 2599 2551 2574 2850 2559 2474 2489 2435 2414 2396 2389 2356 2337 2332 2329 2390 2452 2418 2414 2387 2384 2376 2360 2380 2401 2324 2321 2321 2355 2537 2644 2440 2328 2269 2293 2297 2346 2210 2154 2132 1972 1891 1922 1964 2036 1905 1730 1695 1682 1738 1798 1898 1910
4861 4902 4795 4686 4537 4408 4306 4239 4234 4185 4128 4065 3978 4004 3983 3929 3880 3839 3712 3381 3361 3230 2643 2627 2614 2620 2588 2603 2580 2876 2681 2482 2462 2481 2434 2443 2386 2374 2343 2333 2372 2382 2364 2337 2371 2372 2391 2379 2357 2353 2346 2324 2314 2369 2341 2381 2607 2580 2379 2362 2234 2205 2370 2317 2184 2134 1976 1880 1954 2033 2061 1818 1884 1716 1695 1662 1801 1757 1923
4935 4930 4748 4647 4576 4501 4397 4270 4261 4224 4179 3972 4033 4055 4015 3963 3899 3828 3691 3352 3127 3150 2665 2660 2660 2640 2587 2566 2647 2893 2587 2491 2471 2517 2503 2552 2447 2371 2352 2342 2321 2320 2318 2315 2351 2336 2324 2315 2349 2348 2336 2327 2317 2311 2360 2522 2602 2487 2359 2230 2206 2191 2207 2225 2162 2069 1922 1909 2002 2086 2006 1861 1754 1743 1689 1814 1709 1822 1925
4948 4920 4777 4687 4567 4483 4400 4302 4297 4261 4208 4109 4092 4086 4021 3994 3921 3834 3606 3390 3082 2986 2768 2639 2653 2643 2587 2678 2763 2880 2662 2497 2524 2575 2560 2546 2451 2383 2358 2341 2329 2333 2329 2368 2416 2392 2372 2382 2362 2354 2343 2345 2358 2392 2393 2532 2468 2385 2288 2226 2162 2175 2191 2180 2140 1994 1908 1989 2075 2109 1962 1928 1776 1765 1712 1713 1698 1698 1846
4958 4970 4855 4782 4642 4500 4342 4242 4320 4271 4158 4047 4128 4097 4058 4025 3970 3890 3612 3566 3226 2863 2660 2652 2641 2614 2657 2594 2561 2670 2657 2502 2537 2574 2561 2547 2449 2442 2373 2352 2340 2383 2352 2407 2429 2411 2401 2387 2371 2363 2365 2400 2386 2494 2404 2508 2387 2346 2251 2194 2044 2104 2076 2101 2111 1966 1936 2020 2134 2122 1978 1898 1799 1751 1760 1749 1730 1763 1885
4920 4962 4917 4830 4711 4615 4422 4215 4312 4193 4096 4168 4188 4109 4057 4009 3990 3867 3601 3149 2899 2919 2695 2685 2672 2659 2600 2603 2579 2670 2605 2507 2573 2537 2559 2547 2533 2523 2402 2360 2337 2360 2391 2396 2417 2417 2416 2413 2378 2432 2469 2345 2382 2449 2344 2377 2322 2319 2269 2197 2001 2009 1973 1960 1947 1961 1989 2066 2148 2052 1985 1921 1800 1776 1773 1754 1781 1789 1846
4901 4897 4934 4843 4756 4673 4569 4498 4279 4149 4242 4237 4180 4114 4069 4000 3929 3772 3285 2814 2779 2786 2666 2657 2675 2658 2602 2586 2571 2626 2543 2519 2497 2556 2560 2537 2519 2423 2415 2368 2343 2361 2436 2406 2423 2418 2473 2398 2380 2401 2360 2342 2332 2457 2344 2332 2298 2261 2208 2159 2042 2014 2045 2053 2093 2037 2016 2186 2160 2154 2130 2060 1870 1819 1779 1781 1761 1753 1901
4889 4897 4917 4899 4852 4721 4621 4540 4424 4215 4265 4247 4185 4109 4018 3948 3835 3574 3303 2847 2713 2707 2682 2672 2671 2635 2601 2616 2587 2568 2543 2537 2506 2572 2555 2546 2532 2416 2387 2376 2355 2334 2326 2356 2421 2423 2410 2392 2372 2371 2356 2346 2337 2363 2334 2311 2309 2270 2166 2060 2046 2015 2052 2136 2187 2240 2217 2201 2194 2081 2141 2034 1924 1840 1802 1766 1745 1778 1903
5152 5172 5000 5030 4864 4733 4635 4501 4326 3980 4227 4289 4204 4086 4006 3941 3810 3642 3404 2765 2731 2713 2682 2661 2641 2656 2629 2593 2628 2617 2578 2593 2562 2556 2559 2482 2461 2415 2405 2386 2367 2358 2345 2406 2402 2412 2375 2354 2383 2376 2366 2357 2341 2330 2319 2340 2295 2235 2238 2177 2226 2114 2096 2004 2092 2253 2260 2208 2209 2177 1975 1957 1881 1864 1803 1803 1778 1779 2009
5310 5230 5046 5090 4958 4858 4686 4559 4540 4224 4302 4321 4276 4017 3958 3884 3926 3656 3701 3441 2946 2777 2674 2680 2630 2657 2633 2618 2614 2608 2604 2589 2581 2568 2560 2477 2448 2519 2432 2385 2375 2380 2384 2327 2332 2353 2379 2403 2393 2416 2382 2377 2352 2339 2336 2315 2297 2285 2276 2265 2255 2240 2188 2012 2089 2231 2267 2188 2100 2177 2168 2086 1922 1879 1829 1821 1779 1828 1884
5363 5224 5048 5110 5112 4894 4791 4682 4629 4525 4419 4344 4257 4352 4308 4195 4230 4186 3988 3674 3375 2939 2831 2662 2656 2658 2646 2635 2614 2614 2605 2582 2576 2571 2503 2492 2532 2520 2456 2401 2382 2378 2343 2330 2369 2399 2410 2427 2490 2565 2523 2413 2390 2348 2249 2254 2303 2258 2250 2223 2265 2200 2092 2053 2067 2210 2292 2241 2238 2218 2170 2131 1966 1889 1853 1833 1832 2033 1875
5387 5330 5208 5213 5078 5061 4875 4781 4697 4633 4560 4393 4471 4450 4411 4361 4302 4184 3971 3514 3436 3082 2883 2768 2650 2659 2648 2632 2600 2612 2604 2580 2579 2558 2519 2546 2532 2525 2420 2411 2383 2365 2347 2373 2419 2432 2409 2411 2465 2579 2544 2452 2421 2351 2292 2207 2310 2209 2199 2136 2123 2085 2053 2055 2097 2097 2184 2260 2254 2197 2109 2182 2036 1918 1866 1844 1900 2067 1971
5482 5384 5318 5269 5128 5058 4946 4876 4844 4678 4629 4587 4537 4500 4453 4410 4326 4181 3832 3273 3055 3334 3266 2974 2707 2639 2643 2619 2607 2613 2588 2579 2581 2572 2549 2549 2535 2527 2444 2403 2398 2374 2354 2350 2400 2438 2427 2420 2423 2582 2615 2406 2357 2306 2256 2187 2172 2278 2230 2233 2171 2139 2071 2115 2132 2098 2151 2276 2193 2047 2203 2058 2104 1924 1879 1854 1932 2069 2063
5490 5454 5394 5313 5239 5181 5145 5034 4861 4732 4677 4637 4592 4541 4497 4430 4340 4259 4119 3776 3601 3849 3538 2834 2874 2830 2624 2626 2608 2601 2588 2581 2572 2563 2557 2547 2536 2472 2427 2422 2406 2380 2374 2388 2432 2434 2433 2419 2412 2408 2544 2383 2364 2334 2226 2182 2158 2148 2265 2179 2187 2170 2087 2098 2180 2152 2129 2195 2136 2245 2091 2121 1974 1911 1874 1867 2025 2043 2015
5556 5462 5438 5349 5259 5199 5137 5050 4989 4838 4732 4696 4640 4586 4538 4496 4452 4403 4255 4130 4060 3776 2970 2671 2660 2653 2630 2625 2606 2596 2595 2585 2572 2567 2562 2546 2540 2465 2430 2430 2413 2392 2370 2361 2450 2446 2433 2423 2411 2409 2422 2379 2299 2253 2204 2227 2223 2172 2277 2238 2237 2219 2149 2094 2122 2076 2118 2230 2268 2283 2195 2235 1948 1945 1887 1893 2107 1978 2089
5549 5341 5401 5330 5338 5208 5144 5072 5030 4922 4825 4761 4690 4631 4582 4542 4494 4450 4394 4330 4000 3452 3043 2677 2647 2654 2632 2633 2608 2619 2600 2589 2585 2571 2555 2546 2539 2489 2435 2431 2406 2403 2376 2415 2459 2445 2413 2420 2414 2412 2440 2381 2325 2260 2215 2202 2262 2188 2173 2187 2155 2132 2117 2103 2105 2146 2263 2189 2198 2134 2171 2197 1975 1950 1923 1904 1914 1891 2055
5577 5367 5315 5376 5283 5208 5175 5084 5019 4950 4875 4789 4735 4673 4625 4576 4532 4488 4452 4365 3976 3523 3403 2888 2917 2658 2624 2615 2617 2608 2591 2590 2583 2562 2547 2554 2526 2467 2443 2443 2428 2412 2382 2421 2461 2409 2399 2430 2426 2412 2400 2391 2357 2241 2222 2220 2300 2318 2175 2255 2217 2171 2154 2137 2157 2234 2229 2227 2340 2297 2223 2261 2072 1930 1908 1953 2062 2034 1926
5541 5388 5279 5303 5294 5251 5164 5171 5073 4997 4905 4836 4761 4712 4663 4634 4589 4542 4493 4436 4284 3987 3684 3388 2663 2661 2624 2628 2629 2601 2600 2596 2575 2569 2509 2505 2496 2474 2448 2442 2433 2418 2392 2414 2462 2390 2411 2417 2407 2410 2404 2395 2373 2276 2234 2272 2358 2429 2268 2409 2183 2157 2180 2161 2244 2322 2347 2367 2337 2269 2293 2253 2043 1950 1928 1908 1964 2148 2076
5465 5306 5310 5322 5260 5272 5095 5124 5077 4994 4908 4855 4804 4769 4727 4657 4367 4399 4371 4330 4059 3392 3197 2682 2672 2633 2643 2629 2622 2613 2610 2599 2584 2552 2559 2521 2487 2473 2463 2452 2429 2409 2408 2392 2402 2365 2349 2368 2393 2389 2395 2400 2319 2260 2283 2404 2385 2400 2504 2559 2319 2409 2377 2328 2308 2454 2432 2373 2356 2261 2204 2048 2022 2000 1945 1910 1928 2043 2140
5411 5318 5272 5315 5260 5209 5162 5093 5036 4988 4943 4904 4853 4785 4574 4551 4502 4423 4253 3999 3613 3011 2834 2684 2674 2634 2627 2630 2620 2607 2598 2592 2589 2580 2563 2556 2535 2471 2473 2459 2458 2414 2403 2393 2376 2360 2350 2382 2388 2399 2397 2405 2367 2309 2261 2297 2265 2411 2445 2517 2501 2572 2552 2496 2379 2403 2452 2415 2225 2234 2332 2201 2057 1959 1954 1955 2018 2099 2124
5422 5376 5322 5298 5264 5232 5183 5123 5081 5033 4987 4951 4905 4857 4755 4682 4680 4616 4547 4159 3487 3133 2994 2794 2669 2665 2651 2633 2613 2607 2606 2593 2593 2555 2539 2525 2503 2493 2473 2463 2451 2421 2418 2391 2386 2367 2396 2444 2436 2426 2417 2411 2402 2333 2346 2338 2334 2319 2339 2523 2470 2325 2422 2547 2536 2505 2457 2383 2188 2341 2344 2330 2188 1983 1943 1959 1949 2074 2174
5442 5372 5306 5328 5298 5255 5212 5167 5124 5078 5033 5000 4953 4910 4869 4816 4682 4515 4438 4326 3839 3023 2966 2792 2765 2695 2861 2645 2633 2621 2612 2604 2589 2582 2552 2510 2520 2481 2482 2468 2445 2425 2437 2464 2384 2372 2360 2388 2429 2370 2395 2414 2406 2307 2296 2264 2259 2311 2301 2243 2283 2356 2368 2409 2452 2524 2448 2366 2168 2186 2237 2346 2210 2040 1971 1927 1937 2044 2075
5464 5260 4933 5251 5341 5300 5258 5214 5170 5120 5084 5044 5004 4962 4901 4797 4733 4636 4514 4512 3836 3585 2978 3416 3269 2732 3096 2641 2615 2616 2616 2604 2577 2557 2536 2513 2499 2498 2486 2476 2442 2432 2440 2468 2391 2395 2366 2353 2362 2352 2416 2417 2413 2402 2387 2345 2274 2270 2261 2246 2403 2531 2550 2580 2566 2493 2317 2260 2172 2176 2277 2363 2297 2080 1956 1950 2119 2205 2197
