data/layers/bio11.asc
NCOLS 507 
NROWS 956 
XLLCORNER -77.7833333333333 
YLLCORNER 0 
CELLSIZE 0.00833333333333335 
NODATA_value -3.4e+38 
[rows 507 to 545 of 956, columns 264 to 351 of 507]
236 241 240 243 246 242 238 238 238 241 241 244 246 251 251 251 252 247 251 251 249 250 252 252 252 253 253 255 257 258 260 260 257 254 259 262 269 263 268 269 269 268 268 270 270 270 270 271 271 271 271 272 272 272 273 273 273 273 273 273 273 273 273 273 273 273 273 273 273 274 274 274 274 274 273 273 273 271 271 271 265 261 260 270 267 263 260 250
236 233 233 232 236 247 236 238 238 240 241 243 243 244 245 246 246 247 247 249 251 253 251 252 253 254 254 255 257 258 258 257 258 265 264 262 269 264 267 268 265 268 267 268 267 269 269 269 270 268 271 272 273 273 273 273 273 273 274 273 273 273 274 273 273 273 273 273 272 272 272 273 274 274 273 272 273 271 270 269 263 263 269 269 268 262 253 247
230 231 230 226 235 241 247 238 240 240 241 242 243 244 245 246 246 248 247 249 251 251 258 256 253 255 254 255 257 257 258 259 258 253 259 269 263 264 266 263 264 267 265 262 260 265 269 270 270 261 269 271 272 272 273 273 273 273 274 274 272 273 273 273 274 273 273 273 271 272 271 273 274 274 272 272 271 270 269 268 259 265 269 269 265 263 261 261
236 237 231 238 239 240 245 247 244 241 244 245 243 244 245 246 246 247 249 249 250 251 251 252 259 256 254 256 257 257 258 260 256 259 266 269 261 263 263 264 261 262 257 260 261 261 268 270 269 266 258 267 272 271 272 272 273 273 273 273 273 273 273 273 273 273 272 273 272 271 272 272 273 273 272 272 271 269 268 265 257 267 269 267 267 268 265 264
234 237 238 239 242 241 239 249 245 241 243 245 251 245 246 246 246 247 254 257 257 251 259 252 255 261 263 256 252 253 254 256 259 260 262 268 259 260 262 257 258 258 248 254 258 255 268 269 269 269 263 262 272 272 272 272 273 272 273 273 273 273 273 273 273 273 272 273 272 273 273 273 273 273 272 272 271 270 267 258 257 266 263 260 261 261 259 261
236 238 238 241 244 245 242 240 249 245 244 252 252 251 251 251 251 247 252 257 259 262 260 259 257 261 263 254 257 244 247 258 266 265 269 269 259 263 256 256 258 256 248 251 255 256 264 266 270 269 270 268 272 272 272 273 273 273 273 272 272 272 273 272 273 273 273 273 273 273 273 273 273 273 272 271 271 271 268 262 256 255 249 251 238 252 251 253
233 239 241 244 245 245 249 243 244 252 249 250 254 253 254 254 254 254 253 254 259 262 261 263 261 261 263 265 263 245 251 260 264 266 268 255 255 260 251 255 246 255 242 254 249 251 263 261 268 269 270 266 267 266 270 273 273 273 273 273 273 273 273 273 273 273 273 273 273 273 273 273 272 272 272 271 271 271 269 267 263 245 238 240 241 249 244 250
240 244 243 240 240 247 247 250 251 246 242 249 253 255 255 254 257 258 255 257 262 263 264 264 265 265 264 265 259 246 253 259 261 262 264 254 256 257 252 247 238 246 237 240 244 240 257 258 266 268 269 269 263 266 271 273 273 273 273 273 273 273 273 273 273 273 273 273 273 272 272 272 272 272 272 269 269 266 270 263 261 236 230 231 236 246 241 240
242 241 241 233 237 245 246 247 247 242 246 253 250 250 256 255 258 260 259 262 259 259 264 264 264 266 265 266 259 249 248 258 264 261 260 251 253 256 252 253 238 233 230 240 238 233 254 260 265 268 269 269 268 264 267 272 271 273 273 273 273 273 273 272 273 273 273 273 273 272 272 272 271 271 268 265 258 257 255 245 252 252 239 223 232 236 231 230
240 239 239 228 234 237 243 244 247 247 251 254 251 247 253 257 257 259 261 260 257 261 263 263 263 261 265 265 266 265 265 263 267 252 257 248 250 253 252 249 240 233 226 219 227 229 247 257 261 265 267 268 265 263 260 267 272 273 273 273 273 273 273 273 274 273 273 273 272 273 272 271 270 268 262 261 261 255 243 235 249 251 251 235 236 228 221 213
236 237 236 229 232 234 238 239 243 247 243 255 256 251 248 253 258 258 252 250 257 256 260 263 263 263 262 265 259 262 262 251 245 251 254 245 256 253 249 240 237 231 234 223 224 218 234 247 256 262 260 266 266 264 261 272 273 273 273 273 272 272 272 273 273 273 273 273 272 272 272 271 265 258 247 253 258 260 237 237 233 233 251 241 238 225 216 202
240 239 226 224 235 241 243 240 244 248 251 255 256 256 254 254 254 256 255 253 256 255 257 262 263 264 264 265 249 255 262 238 237 243 248 245 254 246 243 231 226 230 236 231 226 219 222 238 254 248 258 264 267 264 263 267 272 272 273 272 272 273 273 272 272 273 273 273 272 272 271 272 261 243 240 248 256 246 228 232 224 237 246 234 226 216 199 203
239 241 230 238 239 244 248 245 247 251 248 253 253 254 255 255 255 245 245 251 258 259 255 259 263 263 265 265 249 252 251 251 236 244 239 239 247 245 240 235 230 235 239 237 234 226 229 239 238 233 248 263 263 264 266 269 271 271 273 272 272 273 272 273 273 273 272 272 272 271 270 263 263 232 235 236 245 240 232 229 235 240 245 240 225 207 199 204
239 241 237 240 246 239 245 249 249 249 253 253 254 252 251 251 250 240 239 249 257 260 260 261 262 264 265 258 248 247 250 250 241 243 231 236 242 239 235 227 227 237 238 238 235 230 223 235 226 234 249 257 264 266 268 272 271 272 272 272 272 272 272 273 273 272 272 272 271 271 269 256 265 255 236 236 239 238 238 241 237 248 246 237 225 210 200 204
241 241 243 241 231 222 235 244 248 248 252 252 253 250 249 244 238 236 234 249 256 260 262 262 263 264 258 250 243 242 245 243 237 233 229 230 229 231 230 233 229 231 241 238 236 226 211 217 236 231 242 257 264 270 269 271 272 272 272 272 272 272 273 271 272 271 271 271 270 269 258 243 241 258 244 250 251 250 254 242 244 252 248 239 227 205 202 206
241 241 243 233 212 227 234 242 240 248 252 250 241 246 245 238 233 230 239 248 256 260 263 262 263 265 254 238 241 227 233 237 228 230 230 230 225 228 218 231 237 240 241 233 229 231 221 221 246 246 243 258 261 267 270 271 272 272 272 272 272 272 273 271 271 270 270 270 270 267 250 251 245 263 257 258 259 251 254 249 253 252 248 234 225 219 203 207
241 239 241 239 216 216 222 242 240 239 252 241 239 243 241 230 230 227 245 248 254 262 264 264 264 264 253 238 233 223 229 226 225 229 225 230 227 232 222 233 240 239 244 242 228 232 241 230 237 245 244 254 261 268 271 271 270 272 272 272 272 272 272 271 270 270 269 269 268 256 244 248 246 257 245 245 244 226 237 242 250 248 244 237 226 210 203 213
239 239 239 230 213 212 219 231 241 248 245 227 228 239 222 231 236 247 248 254 259 262 263 264 264 261 254 243 229 225 224 221 228 227 219 227 227 230 229 236 233 243 251 242 231 232 246 246 243 245 252 247 263 269 271 271 272 272 272 272 272 271 271 271 271 270 270 268 267 259 248 246 248 248 236 230 220 219 237 249 247 239 242 232 225 209 207 213
238 237 236 224 211 220 229 238 242 249 230 217 241 230 218 226 234 248 253 257 262 262 263 262 263 260 249 244 224 225 223 223 229 219 216 229 228 223 229 229 240 231 239 247 237 238 243 253 251 246 246 245 253 271 271 271 272 272 273 272 273 271 271 271 271 270 269 268 263 257 252 251 237 231 232 232 220 225 243 245 238 234 232 230 217 198 209 212
236 232 232 211 205 208 228 229 246 244 214 222 235 220 220 238 239 249 257 259 262 262 263 263 261 259 251 248 239 222 222 227 227 217 216 222 220 225 224 212 235 219 228 240 246 251 256 260 253 246 240 244 258 271 271 272 271 272 272 272 273 272 271 270 270 269 269 267 256 256 258 250 233 222 212 211 214 230 245 247 236 228 223 222 212 201 211 211
236 228 215 214 217 225 224 216 243 223 210 216 227 214 221 236 244 250 252 261 262 262 262 260 257 254 250 252 248 230 212 221 227 217 210 222 225 222 231 235 238 223 218 220 223 246 247 256 257 249 237 249 267 269 271 271 272 272 272 273 272 271 270 271 270 270 269 265 263 256 247 245 229 211 199 203 210 230 242 243 235 221 218 215 208 204 208 209
236 220 207 215 217 219 224 234 241 232 215 218 219 211 230 234 237 240 251 261 261 261 260 256 254 240 255 258 249 229 218 223 223 217 211 222 215 218 214 237 232 226 213 213 220 223 227 243 261 264 252 261 270 269 271 271 272 272 272 272 271 271 271 271 270 269 268 258 254 242 231 232 222 204 195 209 221 228 238 240 235 219 207 205 198 207 211 203
241 229 211 214 227 227 233 233 240 222 206 208 212 209 224 224 232 244 257 261 261 259 256 249 242 232 253 258 255 235 217 218 220 211 215 220 208 213 211 211 216 223 207 214 211 214 229 251 256 263 266 267 268 267 270 271 271 272 272 272 272 271 271 270 269 261 265 251 249 239 228 220 208 208 207 216 228 225 229 231 231 217 202 192 194 210 211 206
246 229 211 222 237 239 239 243 247 219 210 216 207 212 223 239 243 248 258 261 258 260 256 245 236 233 255 247 251 241 223 214 216 203 214 220 210 199 204 204 210 219 211 216 205 212 233 242 255 257 264 265 266 266 271 271 271 271 272 272 272 272 271 271 270 253 264 257 258 253 235 212 210 213 215 228 226 228 226 220 220 209 198 186 194 209 207 202
244 233 213 224 241 244 244 249 243 214 215 210 208 220 222 239 252 255 258 261 258 258 249 242 238 237 250 249 244 240 228 216 213 205 197 218 202 206 206 205 203 209 205 211 226 237 242 243 249 257 257 260 261 265 269 270 271 271 271 271 272 271 271 271 266 259 257 262 258 237 220 216 218 211 223 235 230 232 231 217 211 200 196 185 192 197 206 202
248 238 220 229 242 249 252 250 242 213 218 211 221 226 236 245 250 257 260 259 258 259 243 236 235 240 249 249 242 235 231 226 207 197 196 208 214 213 204 207 204 210 208 222 225 227 240 251 254 254 255 248 256 262 268 269 269 270 271 271 271 271 271 271 261 258 255 257 255 233 212 224 212 216 228 236 236 235 230 220 203 203 204 199 190 193 196 196
248 238 236 236 243 252 253 252 240 224 222 207 211 227 236 238 256 259 259 258 255 254 248 244 235 244 253 250 235 233 220 216 209 189 193 195 208 212 206 204 200 215 224 229 222 219 236 246 256 262 255 249 259 265 270 269 270 271 271 271 271 271 271 271 264 254 253 248 259 244 229 240 218 227 235 240 236 230 226 218 211 212 210 208 201 194 194 194
250 236 240 244 250 253 253 253 234 230 228 204 210 232 243 248 258 259 256 252 253 247 233 233 235 250 251 251 231 214 208 204 197 199 190 199 207 205 213 209 199 211 233 236 236 228 238 254 256 259 265 262 262 266 271 271 271 271 271 271 271 271 270 267 254 238 237 249 248 254 259 238 227 231 241 234 224 222 229 225 221 220 218 216 211 201 205 198
248 234 244 248 250 253 254 252 241 238 224 205 228 239 243 251 257 259 258 251 247 243 238 230 240 248 248 246 230 209 199 197 201 208 194 200 200 201 209 210 207 214 220 223 239 245 250 257 256 258 266 269 269 270 271 271 271 271 271 270 271 271 266 261 244 238 241 241 220 231 251 247 243 245 244 215 225 228 234 232 228 222 225 220 219 216 206 194
250 233 242 249 251 252 254 254 244 240 227 229 237 241 249 256 258 259 258 249 242 232 229 239 241 244 243 242 234 215 204 200 205 214 202 193 195 193 205 204 201 210 206 207 219 239 252 260 262 266 267 268 269 270 271 271 271 269 270 270 270 265 259 252 249 243 248 240 217 209 212 225 237 250 224 210 224 234 238 236 233 228 228 223 212 202 202 195
251 237 242 250 253 254 253 254 254 248 238 248 253 257 249 258 259 254 240 229 231 225 238 245 245 245 245 239 220 206 209 209 213 219 205 200 200 198 201 204 199 197 205 213 224 240 252 259 262 267 268 268 269 270 271 271 270 269 268 269 265 253 261 249 251 253 249 233 231 215 211 222 232 238 235 223 227 238 235 229 227 230 229 213 207 200 194 189
251 238 241 249 250 252 253 254 255 249 249 248 248 252 253 258 256 242 236 226 222 222 245 246 246 247 242 230 210 205 210 217 223 216 206 197 199 196 192 194 196 197 210 223 237 252 255 263 267 267 268 268 269 270 270 270 269 269 269 267 260 253 257 258 253 250 249 246 235 206 206 215 221 214 226 237 242 240 231 220 221 222 225 211 199 197 188 182
249 244 239 252 254 254 254 255 253 242 236 234 242 239 244 254 246 233 236 219 231 239 245 246 247 247 244 232 213 219 210 217 226 216 209 211 212 203 199 204 200 197 216 209 240 248 255 267 268 268 267 268 268 270 269 270 271 269 267 263 255 250 252 248 250 247 237 233 232 218 215 219 210 202 206 222 237 237 229 221 214 213 213 203 191 192 181 177
253 250 253 254 254 254 254 254 247 235 218 224 239 229 235 249 246 223 218 225 237 243 246 246 247 244 242 234 218 233 230 220 224 228 214 221 207 202 208 208 204 201 214 235 237 250 261 266 268 269 268 269 268 268 269 269 270 270 263 260 254 252 252 258 259 249 239 243 236 223 224 211 202 202 213 226 236 233 229 222 202 205 208 190 187 181 174 172
252 243 245 251 248 251 253 251 245 223 208 228 231 227 239 249 247 236 219 221 242 245 242 243 248 245 232 237 222 233 240 236 225 230 224 223 215 216 217 207 205 208 218 232 244 260 261 266 266 269 269 270 269 269 267 270 267 270 269 262 265 260 264 261 252 235 242 233 245 233 230 207 200 206 223 231 235 232 225 213 195 203 202 189 184 177 170 164
249 233 241 249 252 252 251 245 239 218 201 219 217 234 241 250 242 229 216 233 240 237 235 235 241 247 230 231 230 229 236 243 240 230 229 228 229 220 203 208 202 205 202 216 246 261 264 267 267 268 269 269 270 270 270 270 269 270 270 266 267 266 263 251 235 221 233 238 232 225 219 219 201 215 226 228 230 220 209 195 194 201 198 189 177 172 168 166
235 231 246 249 253 250 250 243 229 205 188 200 214 233 238 246 241 218 211 233 236 231 230 229 241 249 239 225 243 241 246 247 240 220 233 236 231 219 205 203 206 216 222 229 257 261 265 267 268 269 269 270 270 270 270 270 270 270 270 266 266 263 254 247 234 220 218 230 225 203 207 210 209 214 220 217 209 199 191 190 191 192 188 185 179 168 164 171
225 235 240 248 250 247 242 238 225 212 191 193 213 232 239 241 235 218 209 208 232 243 240 241 248 246 249 238 239 232 239 253 246 227 222 234 228 217 207 198 207 223 243 256 258 264 267 268 269 269 270 270 270 270 266 269 270 270 266 258 251 252 239 229 213 199 205 223 222 205 207 207 218 225 219 206 197 201 195 189 186 179 174 177 175 167 168 182
228 236 238 247 249 247 238 231 214 210 181 195 212 228 238 236 228 211 214 223 235 237 235 242 239 239 244 247 245 239 235 254 239 223 231 233 247 233 211 214 215 234 256 257 260 267 267 269 269 270 270 270 269 263 258 270 270 270 264 257 252 247 233 226 216 204 206 212 217 211 212 206 219 230 211 208 205 201 198 191 183 171 170 171 159 164 177 191
