data/layers/bio19.asc
NCOLS 507 
NROWS 956 
XLLCORNER -77.7833333333333 
YLLCORNER 0 
CELLSIZE 0.00833333333333335 
NODATA_value -3.4e+38 
[rows 494 to 531 of 956, columns 170 to 254 of 507]
336 336 338 337 338 339 340 343 348 374 386 430 454 474 516 522 522 538 538 538 542 544 549 497 499 434 533 514 550 577 543 642 594 499 491 530 646 634 611 580 444 447 407 471 534 626 575 595 609 676 476 499 539 662 708 675 474 467 698 696 705 611 700 619 576 617 673 596 644 583 642 645 616 557 529 446 406 467 573 643 712 582 650 815 886
335 335 336 335 336 338 339 341 354 374 406 431 488 492 498 507 525 538 528 510 516 526 531 461 464 446 541 566 612 627 638 660 608 541 572 642 670 657 615 567 423 499 458 540 609 664 617 648 654 682 539 550 597 691 715 707 710 716 704 689 709 681 613 593 641 664 685 688 581 632 646 621 630 496 439 409 434 490 490 580 721 779 817 855 874
333 333 334 334 335 337 338 341 354 378 407 435 476 501 495 503 526 537 520 462 457 447 477 444 435 445 532 586 622 677 698 686 619 625 651 705 696 622 559 523 403 428 536 585 611 611 552 598 666 676 569 575 687 466 480 476 462 715 705 710 682 669 604 665 453 690 450 668 596 655 656 576 527 446 414 412 437 437 501 592 640 801 791 808 742
332 332 332 332 334 335 338 339 361 372 382 420 454 458 471 496 514 523 517 484 463 450 469 458 503 597 481 525 659 666 710 730 679 689 715 723 677 634 520 452 411 406 415 439 458 420 508 592 635 664 625 660 688 478 703 715 714 711 468 664 662 680 608 685 699 699 669 668 631 434 618 517 491 474 445 416 416 415 447 436 569 692 569 655 524
330 330 331 332 332 334 336 347 376 365 370 383 429 440 478 506 518 528 509 516 463 504 477 587 546 434 430 446 522 653 704 713 723 716 733 727 668 639 559 420 420 526 454 408 490 533 522 616 642 696 476 476 469 479 718 468 716 713 690 676 704 652 661 696 697 704 687 690 663 681 652 632 614 579 478 434 450 420 430 417 526 599 430 431 421
329 330 329 330 332 332 337 346 351 360 366 383 437 496 513 519 517 531 538 504 455 465 572 520 452 489 432 514 608 660 659 640 708 726 732 723 682 628 543 439 438 528 594 487 460 530 550 573 645 695 721 724 715 697 476 713 472 696 688 461 628 650 665 670 698 704 699 690 569 679 675 671 661 510 499 478 519 488 475 427 450 419 430 426 425
327 328 328 329 330 332 335 342 348 353 361 373 410 472 512 514 531 534 536 515 505 450 512 455 466 501 445 564 549 601 504 646 667 733 737 718 689 625 585 421 612 619 580 632 575 449 567 631 593 647 706 721 479 719 471 720 715 706 714 639 662 691 677 698 692 698 702 692 695 683 661 635 602 421 639 555 415 605 552 472 435 427 439 432 423
327 327 326 326 328 330 336 343 347 354 362 367 379 407 473 499 513 529 540 542 464 456 449 445 515 457 470 478 467 454 487 605 696 733 734 706 672 577 534 468 541 635 646 650 643 547 550 631 718 477 689 687 474 721 713 475 715 465 458 652 691 706 693 684 454 706 703 696 461 689 690 673 664 667 567 592 558 653 614 506 458 441 437 422 434
325 325 326 327 327 332 338 345 349 357 364 372 382 391 435 473 490 519 540 538 478 452 451 481 537 509 488 468 436 439 461 626 701 735 737 725 656 628 566 560 630 681 702 710 668 587 529 637 714 722 724 678 705 715 720 718 719 707 659 689 686 458 699 700 456 704 693 454 702 659 697 436 671 426 627 561 651 589 534 472 447 433 427 432 470
326 325 325 326 329 332 340 344 350 359 367 380 390 404 426 449 479 501 538 542 506 503 482 533 533 542 481 501 443 437 526 637 670 733 736 697 664 616 578 648 630 665 712 491 692 637 643 687 719 488 726 685 720 471 475 467 675 687 698 701 709 460 705 706 702 688 676 698 682 677 668 684 666 667 663 664 634 604 512 445 433 431 442 477 594
324 325 326 328 329 333 340 346 352 361 370 379 391 409 423 446 484 514 517 544 550 535 503 549 542 464 442 476 577 521 505 696 724 736 723 697 664 664 665 653 671 682 724 490 714 656 667 722 720 723 482 710 711 475 723 715 693 714 710 707 712 708 454 456 691 684 676 626 674 438 609 676 652 653 426 540 620 528 480 442 442 454 475 450 512
324 325 326 327 332 334 339 346 353 359 369 380 392 406 421 441 482 526 537 542 541 526 523 562 537 481 442 550 691 688 680 708 738 731 700 683 647 661 684 690 709 724 731 730 722 722 665 712 730 727 482 718 710 477 715 711 700 714 716 715 458 698 692 691 701 696 690 608 677 438 596 647 619 570 619 585 564 500 454 437 471 572 569 479 547
324 324 327 328 331 336 340 345 352 358 366 376 389 402 415 441 494 510 540 545 551 554 563 555 510 450 446 589 702 705 732 737 731 696 675 653 549 661 693 717 723 725 717 703 691 722 704 689 694 722 729 475 716 724 472 470 714 716 706 460 707 684 455 686 450 702 447 655 588 664 614 624 674 652 658 548 569 531 482 440 470 524 747 750 700
324 326 327 329 332 337 340 345 352 358 365 372 380 395 408 442 501 529 538 530 550 557 551 521 451 464 587 581 702 723 744 740 712 678 561 537 566 682 699 697 693 719 675 657 674 730 725 483 726 710 725 726 722 720 722 718 711 711 694 700 460 688 658 696 701 450 449 680 441 621 565 642 635 633 620 604 636 534 488 447 449 567 736 946 951
325 325 327 330 333 336 341 346 349 355 362 372 380 389 403 448 501 517 539 526 540 545 512 497 470 450 466 564 690 727 746 739 710 659 487 454 532 686 658 675 695 717 670 640 712 728 734 484 487 718 479 477 720 707 719 706 713 693 661 461 711 699 664 690 451 698 695 698 681 644 563 554 515 483 493 514 559 523 486 448 485 630 563 699 965
324 326 328 329 333 337 339 344 350 355 362 369 375 382 392 403 473 516 540 535 547 512 520 470 459 498 531 592 708 739 751 744 710 579 477 435 537 659 616 687 703 691 579 617 680 704 728 733 487 724 729 718 706 702 723 707 686 682 665 712 700 465 662 707 452 709 687 649 617 654 587 440 608 548 511 457 515 553 518 460 451 481 499 813 970
324 326 329 331 334 337 341 345 348 354 360 367 373 379 389 398 423 504 532 546 547 537 502 460 489 671 691 681 738 751 744 727 710 476 441 438 492 598 699 693 670 598 464 615 672 700 730 730 733 732 730 478 484 670 475 715 663 641 467 707 687 688 642 693 693 454 457 458 706 689 639 438 637 587 574 474 455 520 481 466 454 532 531 850 976
325 326 329 332 334 337 342 346 350 353 360 366 371 378 384 397 437 493 529 549 545 516 518 475 467 492 576 734 746 751 747 723 574 444 459 441 473 564 666 555 446 439 473 619 687 727 486 735 484 481 723 710 707 688 495 475 628 708 695 666 643 644 636 684 694 709 707 459 448 442 644 444 450 657 569 482 461 459 460 460 490 620 971 978 982
325 327 329 332 336 340 343 348 351 356 360 365 373 378 388 402 421 486 541 549 545 554 548 511 471 460 594 738 753 752 750 729 608 457 461 458 522 472 489 442 452 464 563 557 662 688 722 485 432 482 481 478 722 716 662 661 633 656 630 628 626 612 615 642 667 698 449 450 445 681 656 448 686 435 617 547 464 514 478 464 666 764 985 984 895
325 327 330 333 336 340 344 349 352 356 361 367 372 381 390 402 417 473 529 550 549 561 555 522 463 470 723 747 756 755 738 736 625 504 453 509 531 445 446 460 445 539 627 695 694 704 711 730 735 486 729 727 731 719 704 686 683 618 557 593 602 594 659 679 692 451 712 692 708 451 678 446 701 701 663 575 477 486 560 475 530 976 864 846 705
324 327 330 333 338 342 346 350 355 358 362 368 375 382 393 404 427 453 530 551 557 564 562 521 466 698 753 754 757 746 746 589 452 458 457 475 450 449 497 474 491 656 705 706 726 738 736 499 484 735 733 729 730 729 723 486 702 659 612 577 544 517 643 695 692 685 449 456 449 444 442 441 454 444 434 581 471 495 673 577 859 948 551 552 652
324 327 330 333 338 342 347 352 355 360 364 369 375 387 399 413 434 470 516 544 554 562 560 504 469 698 753 754 756 745 608 472 463 454 512 467 460 516 500 457 449 478 578 708 708 730 487 736 736 735 483 480 481 478 726 727 726 674 647 654 578 560 643 701 675 688 699 679 681 444 443 662 701 444 434 549 506 472 603 657 924 788 533 478 728
324 327 329 333 338 342 346 352 356 361 365 370 377 389 400 423 435 480 511 536 549 565 562 495 498 495 637 762 754 761 611 461 488 480 532 468 533 543 466 487 528 548 669 713 719 737 488 738 485 736 733 733 478 476 720 477 728 704 674 699 628 493 557 681 667 662 704 659 670 708 706 612 663 446 440 658 539 481 510 519 599 504 537 508 769
324 327 330 333 338 341 346 351 356 361 367 372 381 389 405 415 436 461 518 532 551 549 558 484 469 473 480 757 766 569 477 500 500 559 514 557 543 472 478 571 735 728 724 719 735 736 488 486 739 735 714 707 711 714 720 725 470 713 704 699 615 478 520 628 685 634 687 608 683 695 654 650 622 696 435 663 565 509 493 482 481 487 492 479 752
322 325 328 332 336 342 345 350 355 361 366 370 380 387 397 417 429 452 490 527 553 568 575 542 530 516 520 765 704 464 472 561 530 571 566 621 568 499 464 458 579 735 744 743 493 489 488 741 737 728 731 722 688 713 729 708 483 487 698 659 551 504 506 531 648 571 580 599 666 662 629 629 622 648 601 666 622 584 560 488 482 495 507 506 529
321 325 328 332 336 341 344 349 355 360 368 373 381 389 397 407 432 456 494 529 546 568 576 542 515 473 491 513 519 507 537 604 610 577 620 541 474 462 488 498 599 747 743 741 494 356 744 494 733 721 734 710 693 715 712 691 692 712 719 484 656 547 505 482 617 561 484 531 639 646 584 572 525 593 615 550 562 568 512 489 504 490 542 502 493
322 324 327 330 333 338 343 349 353 357 367 373 380 390 400 409 425 449 476 510 539 568 577 530 482 481 480 471 486 523 604 633 597 608 646 575 462 463 570 700 752 738 737 739 499 491 740 734 731 714 707 699 692 679 681 674 606 684 676 684 635 640 679 508 584 589 502 489 586 612 491 493 494 499 522 493 495 530 491 501 536 543 490 496 603
320 323 325 329 332 336 342 346 352 357 362 369 377 388 398 408 421 441 457 469 507 544 580 551 558 594 573 527 610 624 607 636 644 646 607 610 533 490 466 633 762 744 505 746 745 492 489 514 723 732 726 734 714 696 698 641 550 484 540 610 596 497 523 555 565 520 553 542 517 589 586 560 562 507 594 788 503 501 497 535 613 691 548 494 672
320 322 326 329 332 335 340 345 350 356 360 369 377 383 392 404 416 430 449 472 506 544 578 589 593 600 607 610 616 627 631 624 577 645 544 478 478 474 500 498 670 753 746 751 493 490 738 730 741 744 738 736 731 718 719 704 577 490 503 491 490 566 646 751 505 495 613 655 508 497 596 818 514 515 499 906 640 511 526 500 583 857 709 522 526
318 321 323 326 330 334 339 343 348 355 359 364 371 379 386 396 411 424 440 466 536 578 584 589 593 561 496 529 616 612 547 567 485 642 613 472 624 545 754 670 668 768 746 527 496 748 746 743 492 513 726 725 703 704 690 544 520 681 501 537 548 732 598 744 902 797 886 578 521 505 761 892 625 553 558 648 1079 663 507 502 571 663 1005 753 609
317 319 323 324 329 333 338 342 347 354 358 363 370 379 388 397 410 417 426 445 543 580 576 591 521 487 477 496 615 602 517 472 474 604 549 482 479 501 797 756 751 749 747 749 503 750 750 748 741 739 740 719 715 723 690 634 731 379 693 507 534 623 513 506 589 929 957 771 533 564 1016 1012 990 944 796 1082 1010 890 591 512 550 561 879 1088 991
315 318 321 324 327 332 336 341 347 351 357 366 371 381 389 400 412 423 430 459 527 582 577 580 502 486 479 559 610 554 480 491 477 489 473 516 495 498 604 793 756 756 755 752 752 493 750 749 749 496 732 724 728 742 737 475 482 471 710 507 501 572 654 568 517 580 931 956 987 1010 988 1042 958 978 997 968 1009 1106 587 542 686 596 628 1081 1078
315 317 319 324 327 330 335 340 347 351 356 364 373 384 393 408 420 436 445 461 533 584 587 574 500 483 483 588 566 493 475 490 477 474 511 474 477 480 673 789 756 365 756 756 493 491 489 401 749 747 746 738 724 476 387 419 406 470 706 510 603 691 701 638 508 599 964 962 953 960 921 950 926 943 949 967 1013 1125 546 524 761 864 1005 1123 1119
313 315 319 322 324 328 334 340 345 352 355 363 374 383 394 417 433 454 470 509 550 563 589 566 505 491 487 579 499 478 496 536 483 515 574 710 546 547 640 776 759 757 749 756 756 491 753 497 495 750 748 747 736 746 394 384 476 470 721 600 682 721 673 548 536 829 804 573 916 755 925 900 917 993 930 947 1014 1143 567 554 675 819 884 1133 1078
313 315 317 321 325 328 333 338 344 350 356 361 373 378 398 419 437 474 496 546 559 589 594 582 532 488 482 551 543 496 487 604 557 713 742 820 827 710 804 793 762 761 747 374 495 742 368 488 485 350 750 749 510 747 375 497 731 714 704 698 712 721 657 545 516 785 535 522 673 520 554 854 1074 993 964 941 1027 1146 1109 1103 1050 1075 967 1138 1047
313 315 318 320 323 327 331 336 342 346 354 359 367 379 402 409 437 474 540 562 581 592 571 588 540 484 487 518 482 480 490 515 734 804 767 798 771 767 766 785 761 762 761 755 493 492 491 410 754 753 482 391 749 506 475 474 745 737 723 488 740 488 674 531 537 585 554 587 533 528 566 978 938 1115 987 923 992 977 861 1109 997 1019 1115 1052 1038
312 315 317 320 323 326 330 334 340 345 352 357 365 375 390 411 428 468 531 555 584 592 598 600 564 486 485 482 483 521 550 541 828 811 815 786 770 765 766 766 500 499 762 531 370 356 490 755 756 754 481 482 752 751 748 474 746 745 744 742 741 709 643 563 523 530 630 633 542 577 615 1039 1044 989 951 932 916 970 1049 1005 979 1020 1024 981 986
313 315 317 320 323 325 329 333 337 342 347 355 363 371 383 398 411 494 491 554 590 595 599 529 490 491 486 493 517 502 568 634 808 776 774 783 576 767 507 764 767 760 764 764 357 760 760 755 755 523 520 753 481 357 740 349 471 469 468 745 742 738 512 657 651 640 642 688 661 538 530 728 624 1085 1042 952 909 934 945 962 964 1054 992 956 924
