data/layers/bio1.asc
NCOLS 507 
NROWS 956 
XLLCORNER -77.7833333333333 
YLLCORNER 0 
CELLSIZE 0.00833333333333335 
NODATA_value -3.4e+38 
[rows 624 to 662 of 956, columns 176 to 263 of 507]
123 109 102 92 94 94 96 90 84 82 91 98 86 98 101 95 95 94 120 129 106 121 131 135 124 114 124 157 157 152 159 187 185 158 167 152 134 127 143 140 149 173 191 158 154 138 118 115 124 124 123 119 105 88 78 88 112 135 141 142 144 164 170 172 170 148 143 160 175 181 154 148 161 151 159 163 159 155 151 141 160 175 193 183 195 196 203 218
105 98 98 94 88 92 90 81 81 87 95 90 84 93 89 79 83 100 125 131 102 110 140 142 124 124 124 143 144 149 147 167 185 165 171 153 126 145 158 145 149 184 193 154 137 129 124 132 133 141 132 118 109 91 80 104 120 126 119 121 142 158 156 161 175 176 169 175 175 180 175 171 161 154 146 159 177 173 166 154 174 182 198 185 194 192 194 204
98 94 88 88 83 90 82 78 85 86 96 77 83 89 81 77 82 101 122 141 121 117 130 146 140 129 128 144 125 128 129 159 189 183 184 159 138 157 162 138 156 194 177 150 144 140 139 149 155 143 130 108 110 118 84 94 117 118 102 128 138 154 149 140 159 160 170 181 170 156 184 170 159 147 162 163 163 186 171 176 190 205 196 186 191 208 198 216
104 95 79 73 81 85 82 78 78 87 93 74 83 82 77 78 83 104 115 137 148 137 145 156 151 146 133 131 142 138 136 142 168 186 189 173 154 171 145 143 167 190 185 175 165 156 168 156 142 135 123 115 127 126 95 97 101 96 106 138 141 160 165 151 143 138 157 190 169 166 186 173 153 152 157 171 180 188 183 179 180 212 208 189 201 196 220 217
104 91 74 67 74 81 76 76 81 87 91 76 81 74 75 90 85 103 119 136 132 152 154 146 163 153 141 137 152 140 147 150 155 173 191 169 173 178 161 156 184 189 169 166 170 169 156 143 131 111 101 119 136 123 110 122 88 102 123 149 143 159 172 165 142 144 166 185 181 182 184 172 156 145 134 152 169 181 197 196 205 199 212 196 211 208 219 229
113 97 86 77 71 76 73 80 87 82 90 78 74 80 84 93 103 110 125 139 129 132 120 143 157 166 146 148 162 156 165 170 173 174 192 182 184 166 151 166 191 178 164 153 149 155 148 134 122 99 95 122 138 138 122 117 101 141 146 158 151 164 176 171 161 162 175 183 190 183 178 161 147 123 134 155 170 177 178 201 214 206 222 209 203 219 218 239
118 101 84 74 76 73 70 82 77 81 87 81 75 84 100 105 117 117 129 127 121 117 128 140 154 158 167 173 162 161 175 180 184 172 188 191 167 156 164 178 191 174 158 149 138 141 148 136 119 95 101 125 143 150 141 128 107 132 157 165 158 155 179 182 176 167 184 190 181 177 167 164 149 128 141 152 153 163 151 185 202 213 218 217 219 230 235 245
117 108 101 74 64 67 73 78 76 83 82 74 81 97 105 106 122 123 113 121 114 108 138 140 130 145 163 171 171 177 174 163 177 186 189 194 176 157 170 190 191 170 158 163 147 139 130 125 100 103 117 120 127 156 151 140 115 135 164 171 156 157 178 185 180 172 184 193 189 179 162 150 146 134 142 143 136 140 152 177 206 215 217 229 229 237 241 241
105 104 82 81 80 78 69 72 77 82 76 82 97 106 114 117 113 109 107 110 107 119 128 123 120 128 157 161 165 170 149 151 169 188 196 199 182 150 160 184 192 174 174 175 149 143 134 127 122 119 132 125 144 161 159 144 123 139 165 175 162 165 185 187 175 167 184 198 189 168 164 157 144 127 132 128 122 143 159 183 196 200 215 232 231 232 238 238
100 98 83 73 71 71 71 72 80 75 79 93 104 108 109 105 96 84 80 88 102 106 110 108 123 141 151 166 160 154 129 163 172 174 191 195 176 159 172 190 203 185 189 173 150 161 150 138 144 134 142 129 149 162 166 147 124 141 154 182 186 181 186 189 185 185 186 196 189 185 175 161 152 140 147 139 130 141 178 176 184 213 220 229 228 229 234 234
88 82 74 65 65 65 73 77 76 72 85 93 84 102 102 98 84 77 78 81 98 96 105 103 115 125 141 149 138 130 126 152 156 164 184 194 201 177 181 195 199 196 178 167 155 170 171 168 149 151 145 132 148 173 162 139 132 152 167 176 184 187 178 191 195 199 198 195 179 168 160 151 144 151 158 141 158 161 166 190 199 215 223 235 235 235 234 233
84 77 66 80 73 66 69 69 69 74 81 84 80 93 92 89 81 75 70 82 82 84 94 93 99 105 134 135 135 125 135 139 129 130 158 173 190 198 204 202 206 197 178 170 169 165 171 150 140 159 149 152 163 176 148 140 132 157 170 173 173 189 193 198 201 194 194 191 180 164 146 148 161 174 183 168 175 181 178 198 206 220 229 234 238 239 232 234
92 86 81 73 69 67 71 65 70 77 75 79 77 81 79 89 79 75 74 77 78 83 84 85 85 103 112 126 134 136 145 143 140 137 140 150 163 181 187 187 203 206 185 181 180 190 181 165 146 171 169 175 173 172 157 142 133 149 168 179 177 184 197 202 204 189 183 185 177 153 151 167 176 180 192 183 176 189 197 209 215 224 232 235 239 241 228 237
89 79 77 76 81 72 73 69 71 71 77 81 72 73 71 88 82 76 80 78 78 80 80 86 87 89 106 131 142 147 149 154 154 154 149 144 149 163 163 188 208 197 190 196 189 184 176 161 141 145 156 174 178 168 149 131 143 160 168 181 183 191 203 207 200 190 182 174 164 151 173 183 198 193 197 191 185 198 205 211 218 224 228 234 240 242 231 235
96 84 87 89 76 72 68 72 70 70 71 76 78 74 87 89 79 82 85 80 82 85 91 103 98 93 99 115 145 157 153 159 161 163 159 171 165 166 168 162 199 208 201 189 172 172 160 158 133 148 160 181 172 165 151 135 154 172 176 185 193 193 205 208 202 195 185 172 159 158 177 192 193 204 207 199 199 207 205 213 226 226 229 234 243 244 238 237
109 105 84 75 67 77 70 81 85 81 80 75 75 72 77 84 82 88 88 81 80 83 100 100 111 111 109 112 134 156 163 156 174 171 176 183 197 189 186 184 200 205 192 178 165 159 149 131 140 165 177 188 182 171 151 148 165 177 185 193 201 193 206 210 199 186 186 174 167 180 195 193 201 211 214 210 204 210 210 219 226 232 234 240 245 246 239 242
118 110 104 98 89 90 90 78 75 70 76 76 73 75 75 78 79 88 88 87 80 85 83 92 110 122 122 127 134 154 163 158 175 182 182 180 192 190 204 195 206 193 186 165 153 145 133 125 133 150 165 186 185 168 161 155 166 181 186 194 203 201 212 205 194 189 180 179 187 189 199 207 212 217 216 212 211 219 221 222 225 238 237 246 247 242 245 249
89 98 102 100 86 81 77 72 77 75 73 78 77 83 81 78 86 82 80 94 85 94 101 98 114 124 133 146 159 160 167 164 165 175 163 165 166 167 168 207 199 186 168 170 168 155 140 129 143 151 164 186 186 176 168 159 173 186 196 200 209 217 212 201 194 186 179 186 197 201 204 213 222 223 220 223 215 222 225 224 229 239 243 246 243 236 240 247
77 79 97 98 93 74 71 78 82 79 77 82 81 89 86 85 84 85 85 103 96 81 111 126 124 104 127 137 147 158 151 155 153 153 158 160 159 165 181 208 186 172 175 173 165 155 138 142 144 162 181 188 194 181 186 178 183 189 194 205 211 215 210 198 190 185 179 183 198 207 211 221 223 224 225 229 227 230 228 226 240 240 246 246 238 235 240 249
71 75 84 75 98 87 84 84 83 80 83 83 84 91 83 85 92 86 88 108 113 103 115 136 134 128 123 133 143 156 160 165 163 159 151 154 154 169 185 207 187 182 182 165 167 152 135 150 147 157 181 191 201 194 190 182 191 194 199 207 215 210 188 188 185 180 192 202 209 215 219 225 223 228 228 229 228 230 232 229 238 238 241 244 234 232 236 245
75 72 84 75 83 91 86 84 82 79 81 86 92 95 87 85 90 85 100 99 111 116 120 146 153 148 142 138 148 154 178 174 166 170 166 163 159 160 182 208 195 187 189 177 176 156 149 158 168 177 178 181 195 206 200 198 199 204 210 222 215 199 183 182 191 202 205 210 209 221 221 229 228 224 220 230 231 235 236 233 231 239 241 245 236 234 227 222
73 63 77 71 79 83 86 78 83 82 80 81 90 93 100 88 91 103 107 120 107 138 144 148 159 164 154 157 154 167 178 181 185 183 177 172 168 169 187 211 202 186 188 196 187 164 158 167 182 180 180 185 195 201 213 205 199 209 215 220 206 190 187 183 198 208 211 218 219 226 228 232 230 225 231 228 230 233 237 235 238 239 242 244 234 228 221 212
67 74 73 67 77 82 85 84 83 80 77 86 84 85 99 106 106 108 102 124 122 144 161 163 173 173 174 160 158 166 170 182 192 193 188 184 178 181 191 205 211 204 207 198 179 162 174 182 186 179 182 182 182 187 198 212 199 209 221 212 196 197 204 203 203 210 197 202 214 221 227 233 230 233 231 229 231 233 234 232 232 239 240 243 233 226 213 209
72 75 70 74 74 81 86 85 84 80 75 72 75 82 88 96 107 118 118 137 141 152 154 165 177 178 174 174 170 177 179 179 187 199 196 197 193 177 193 198 207 216 206 192 174 180 196 199 193 180 176 184 196 201 207 216 203 221 221 205 214 211 203 191 189 183 194 205 214 221 225 231 234 235 232 231 232 234 235 230 235 242 242 242 239 227 208 202
76 78 78 80 80 84 85 85 81 77 72 68 72 82 88 95 98 108 116 115 119 127 125 152 165 156 187 184 189 185 191 190 184 198 200 203 197 192 192 197 202 214 206 185 190 196 202 200 178 181 183 183 190 202 212 217 214 221 210 220 211 201 190 182 177 179 188 198 210 221 225 231 229 235 236 236 235 235 236 235 227 237 239 242 237 224 214 203
83 88 88 86 86 83 81 83 82 75 74 84 85 80 81 81 93 98 101 106 117 128 133 145 150 132 150 171 191 196 192 202 201 201 207 200 206 208 209 210 210 211 195 194 206 205 195 180 178 187 186 194 193 202 203 213 222 226 221 211 200 195 188 184 177 175 183 195 208 226 229 231 228 232 235 235 236 235 238 233 224 235 238 241 236 224 216 201
91 91 90 82 77 81 81 80 78 79 76 73 86 86 78 87 89 103 109 114 122 125 142 143 134 135 158 176 188 186 183 185 190 193 201 207 206 211 211 214 218 211 219 197 208 192 177 181 178 190 194 195 199 203 213 218 218 226 220 205 204 198 188 183 171 172 184 193 206 219 227 231 230 233 234 235 234 234 237 233 222 234 235 239 235 227 219 204
92 92 92 88 84 87 82 81 85 82 81 82 80 89 89 94 92 81 90 99 105 118 132 159 148 161 168 180 185 176 166 165 176 183 199 206 202 205 216 210 193 194 214 214 201 186 172 165 176 187 179 180 194 199 206 204 215 225 219 212 212 200 192 185 178 172 184 199 208 221 229 232 223 233 235 234 235 235 236 231 219 231 238 239 237 230 225 211
93 95 95 92 92 88 86 91 84 78 82 79 79 77 78 77 76 81 89 97 107 113 135 148 166 164 176 183 182 166 155 167 169 195 205 201 194 198 198 191 183 195 220 210 204 187 173 179 182 182 174 182 193 196 199 206 210 212 231 223 217 206 197 187 180 173 181 193 219 226 232 233 230 232 234 234 234 235 235 228 219 232 235 238 234 230 226 218
94 97 97 94 93 90 93 85 84 80 82 78 75 74 75 75 79 78 84 90 102 122 143 153 169 177 180 182 180 148 168 179 191 198 205 190 179 186 190 183 184 201 217 212 193 183 177 187 189 188 182 186 198 205 204 202 197 207 215 228 214 208 200 191 182 174 181 194 216 228 234 235 229 233 234 234 234 235 232 228 219 232 235 235 235 225 221 223
98 98 102 102 99 100 96 91 86 84 85 77 78 78 76 80 85 83 90 99 110 119 127 137 160 172 174 176 174 155 165 175 183 203 197 187 178 183 181 185 203 202 219 207 189 182 184 197 202 185 191 185 200 212 204 197 205 214 222 230 221 213 202 194 181 177 192 209 224 228 233 233 233 236 236 234 234 234 231 225 219 231 234 235 233 224 222 231
102 104 107 106 103 101 94 89 86 86 83 78 78 82 92 83 93 93 97 104 113 118 136 140 170 166 162 168 165 153 159 175 190 201 193 185 174 177 184 199 212 216 220 196 189 193 198 208 211 206 200 196 203 218 215 215 214 216 223 230 221 214 201 194 186 184 201 218 225 231 234 237 237 236 237 237 234 233 233 223 218 232 234 235 233 228 221 227
104 106 107 103 99 96 91 84 87 86 86 76 74 78 83 99 95 94 102 105 108 115 137 159 153 152 154 169 156 148 162 174 190 199 187 181 171 180 191 205 201 216 218 211 208 192 213 217 206 202 189 194 208 222 216 218 221 224 221 232 225 214 201 197 190 197 212 223 228 232 235 237 231 237 238 237 237 231 227 220 226 233 235 232 227 225 220 234
107 107 106 102 99 93 89 83 80 78 83 82 78 78 78 78 86 89 110 126 123 118 145 155 141 135 151 160 147 145 160 186 197 191 183 174 174 184 194 207 198 208 211 224 218 224 220 210 191 191 186 196 216 223 221 220 226 228 228 233 231 223 211 215 203 216 221 226 231 234 237 238 239 239 237 234 233 230 226 224 234 235 239 229 223 222 223 233
107 106 106 102 94 88 85 79 78 76 77 84 76 76 84 86 91 95 103 110 135 146 151 145 131 136 145 146 133 144 174 190 197 183 173 169 170 187 199 198 206 199 194 207 215 218 221 216 203 194 183 203 216 223 226 229 231 231 233 236 230 237 229 220 213 219 226 231 234 236 237 237 238 239 232 230 225 227 227 231 231 239 237 226 229 229 235 235
105 102 102 97 89 84 79 75 77 77 73 90 88 79 88 94 98 103 106 109 123 139 136 132 113 116 127 136 129 155 175 185 194 186 171 165 175 191 196 191 194 175 181 197 204 202 214 220 212 197 188 198 216 221 223 224 229 230 232 231 220 218 232 235 231 230 229 234 235 236 236 237 237 238 238 239 231 224 226 236 229 227 240 232 231 241 243 237
102 100 94 88 80 76 82 77 81 79 74 91 91 80 88 98 107 111 119 120 134 126 108 110 100 103 120 120 138 180 190 193 186 179 166 168 175 191 188 184 196 176 181 195 202 189 199 217 219 198 189 205 216 218 225 228 231 231 228 224 215 223 231 233 235 238 235 235 236 236 236 237 237 237 238 240 241 236 238 238 235 227 238 232 231 243 245 247
92 92 90 88 84 78 83 83 83 87 84 85 94 97 91 98 105 114 118 129 128 111 94 100 104 106 117 139 161 178 185 178 176 170 163 174 185 187 175 173 174 170 176 192 198 178 197 216 222 200 198 213 221 223 227 233 232 229 229 221 216 223 223 224 234 234 237 238 238 236 236 236 237 237 237 238 241 242 241 241 239 236 235 236 239 241 249 250
91 85 85 89 87 83 79 87 84 88 91 93 91 95 107 105 117 117 119 122 115 94 99 109 112 109 113 137 145 172 182 169 163 163 168 178 176 178 166 153 159 167 183 197 186 176 187 205 224 228 217 217 224 226 227 232 229 228 227 218 217 225 216 222 230 234 233 230 235 236 239 240 240 239 237 238 238 244 242 241 240 241 237 240 247 247 247 245
