data/layers/bio18.asc
NCOLS 507 
NROWS 956 
XLLCORNER -77.7833333333333 
YLLCORNER 0 
CELLSIZE 0.00833333333333335 
NODATA_value -3.4e+38 
[rows 380 to 417 of 956, columns 255 to 339 of 507]
652 666 671 777 705 772 711 806 780 664 738 386 376 361 492 499 441 572 583 586 590 589 591 599 602 595 590 587 586 583 588 596 605 618 615 601 596 593 585 579 574 577 576 577 571 568 552 567 568 559 549 520 512 513 505 512 359 512 383 400 489 381 488 380 485 364 405 593 690 611 576 576 696 572 366 371 564 339 335 335 341 348 350 338 333
672 658 676 682 703 716 781 807 795 487 628 401 463 471 355 534 567 577 584 587 594 594 597 596 590 592 590 587 584 580 583 593 600 613 612 605 596 584 582 583 576 572 572 573 562 564 567 568 561 560 571 553 552 548 545 548 505 350 368 388 394 487 492 364 489 490 483 421 692 608 605 697 572 548 403 406 392 365 358 329 327 324 330 343 338
770 669 673 697 710 714 775 796 768 474 508 808 420 381 344 555 440 568 604 586 589 589 597 597 591 586 585 582 582 579 585 590 600 606 603 599 594 587 575 573 571 570 566 567 566 568 565 566 564 563 559 557 557 554 550 547 541 500 357 494 486 486 486 485 482 361 392 662 664 677 699 574 408 380 565 571 401 374 365 360 341 330 320 331 332
701 773 691 672 780 705 710 839 786 759 794 510 413 460 494 482 490 535 597 579 583 586 588 588 588 586 581 580 578 579 581 586 594 598 590 582 585 587 578 574 571 568 569 570 569 568 567 568 566 563 561 557 554 553 548 544 540 540 458 361 362 487 638 483 484 478 484 664 692 692 596 593 566 388 418 569 563 652 554 546 332 320 330 331 333
704 707 708 710 778 778 778 831 797 793 778 385 462 472 486 461 475 527 568 577 573 580 581 583 614 584 577 578 579 580 583 584 591 595 584 580 574 578 579 575 571 570 568 571 572 568 568 567 561 559 558 558 552 550 545 539 537 320 540 589 361 368 641 640 478 663 659 663 593 589 571 568 562 398 563 570 391 359 340 332 321 316 316 319 330
683 704 769 717 711 701 703 710 710 794 467 547 455 468 464 376 475 539 450 577 573 577 579 581 580 577 575 576 579 578 581 584 596 590 589 582 571 570 570 573 573 570 567 567 567 566 564 564 560 555 552 550 548 546 544 537 535 425 548 465 362 480 639 647 476 477 659 589 419 681 562 561 562 563 572 567 382 345 336 328 322 313 319 324 329
704 700 711 735 792 772 714 712 780 773 770 531 433 456 456 455 473 502 516 535 563 567 574 574 576 565 564 573 574 576 577 585 594 582 577 573 568 564 566 561 564 567 564 563 563 564 560 555 557 550 546 542 542 544 538 536 535 497 455 349 481 630 395 485 648 662 665 686 588 567 561 568 570 576 680 555 354 344 343 338 324 311 316 321 326
711 767 713 767 766 775 727 772 716 775 786 754 812 512 747 454 366 473 347 509 538 563 554 489 550 548 561 569 579 577 576 579 584 588 580 572 575 564 568 563 556 555 557 559 559 557 558 558 550 549 547 540 535 536 534 536 324 489 460 483 478 375 482 399 409 563 655 413 586 559 429 582 674 679 413 552 359 526 348 517 311 310 315 320 322
712 765 728 725 780 797 817 802 764 719 722 770 732 816 735 452 452 359 474 498 511 544 485 478 545 566 568 574 578 584 577 576 583 594 580 573 565 568 569 566 563 563 561 550 548 545 431 538 546 547 540 535 561 430 437 326 332 337 565 485 481 473 632 656 651 403 660 404 575 563 568 576 670 668 552 375 357 340 501 326 309 309 313 312 317
768 719 726 777 783 790 799 784 786 720 800 784 764 720 411 451 451 460 469 467 467 478 352 495 560 570 565 571 579 586 592 586 590 582 576 568 564 567 562 561 562 562 561 558 555 550 553 515 329 534 541 540 489 488 475 360 477 483 469 455 351 472 607 392 652 658 648 648 675 664 674 671 674 549 644 365 355 331 322 316 311 304 304 310 314
767 721 726 772 803 783 781 788 772 731 729 754 764 800 748 618 369 591 435 369 451 357 541 526 586 569 571 574 578 593 598 591 599 592 584 571 570 567 564 562 554 555 549 546 541 536 504 548 551 479 356 364 365 370 390 406 651 648 358 479 554 461 472 369 648 631 644 643 645 553 654 669 560 551 396 543 635 368 349 327 315 303 305 307 308
771 724 768 730 783 775 780 813 771 768 655 681 727 761 770 665 663 428 407 591 357 472 546 564 561 577 575 571 573 586 584 579 598 598 583 566 562 556 555 561 552 548 548 548 545 551 541 535 488 330 538 560 421 432 478 373 646 554 544 468 579 554 473 465 498 549 400 646 638 397 644 569 546 394 359 345 342 526 323 306 303 308 307 305 305
718 763 762 773 778 794 784 774 753 723 732 740 739 741 637 770 661 425 448 364 345 489 551 563 567 573 580 580 576 576 574 575 591 581 574 560 558 554 555 556 550 556 550 554 551 553 547 548 539 534 532 529 538 533 525 478 360 643 655 543 544 360 466 461 609 542 547 556 565 563 566 543 374 346 328 313 311 306 305 304 304 299 303 306 302
761 727 771 773 763 794 782 803 800 763 796 727 700 654 414 661 427 447 381 451 483 522 406 564 563 569 572 574 576 567 580 573 582 572 569 560 560 563 561 561 556 557 556 550 552 555 555 546 538 543 537 543 538 535 529 319 471 634 643 649 543 643 592 461 641 636 640 663 661 664 365 345 376 382 381 362 310 308 326 305 300 296 297 303 300
727 727 729 773 784 799 792 800 759 786 727 736 707 430 379 385 442 442 444 447 467 510 554 558 561 569 565 569 553 562 568 565 563 565 568 562 568 569 569 567 567 561 556 553 552 551 550 549 547 545 539 542 537 543 526 526 471 379 639 563 661 641 635 636 639 395 634 659 552 375 417 651 545 537 390 352 321 312 347 305 296 297 297 297 296
759 763 754 758 783 796 794 794 739 784 785 771 704 689 423 409 362 443 444 451 470 509 523 510 545 555 555 555 558 564 561 560 557 555 557 564 569 577 583 586 579 569 558 554 552 548 544 543 545 540 543 539 539 534 525 521 473 630 601 640 562 565 660 659 665 559 391 559 544 385 649 554 535 381 366 365 366 350 335 311 296 291 297 295 293
768 727 756 726 759 763 786 788 732 777 745 773 694 586 664 665 441 439 446 452 465 485 460 470 505 542 533 536 560 556 551 546 548 553 554 567 569 587 609 623 599 574 563 554 548 542 541 536 536 542 539 539 532 529 522 518 435 477 461 631 633 536 663 555 553 542 534 431 537 642 650 416 401 535 384 531 531 350 340 325 292 294 293 294 290
768 760 756 723 744 746 743 747 735 728 693 761 764 710 617 712 665 388 342 457 451 551 445 551 463 502 489 541 556 545 539 544 547 560 560 573 560 586 608 641 594 576 557 547 543 541 538 538 532 535 537 527 524 522 519 517 519 518 553 633 610 531 386 627 640 384 649 530 426 650 645 530 401 530 529 530 393 527 521 309 291 291 291 289 283
725 767 756 745 741 736 747 730 718 738 726 682 754 752 745 671 634 591 434 437 436 439 358 441 446 335 534 540 552 536 540 545 552 557 560 555 551 556 564 586 574 561 550 541 540 539 531 527 521 519 532 523 517 515 408 515 518 514 533 567 451 609 578 629 621 626 546 532 651 547 415 531 527 402 361 330 318 330 323 290 289 288 284 285 278
727 768 759 758 740 732 729 735 758 713 732 743 727 714 727 736 729 659 640 513 618 438 439 465 467 512 545 546 548 533 528 545 545 545 555 545 421 537 548 557 550 550 538 531 528 535 528 518 501 527 526 520 515 413 417 407 513 512 406 309 515 531 556 443 617 626 537 529 538 643 524 397 384 361 319 299 295 293 293 288 288 288 286 285 277
768 770 765 725 738 730 751 766 735 706 720 703 707 696 677 651 626 659 677 611 580 569 362 341 442 529 495 529 533 535 495 532 532 540 542 542 423 496 417 533 536 539 527 531 522 522 519 523 516 520 522 515 513 408 459 459 509 507 508 506 542 541 550 552 612 528 649 631 638 523 525 400 389 354 308 301 295 297 289 288 287 285 284 281 276
768 771 768 761 742 754 757 761 758 712 706 736 649 614 568 694 632 476 311 430 430 434 467 503 447 466 505 511 536 527 478 521 510 515 426 423 531 518 529 494 408 521 500 527 524 515 491 516 466 513 515 513 513 312 543 558 455 412 508 506 458 437 554 616 512 619 639 529 421 415 399 402 359 316 313 340 342 304 290 285 283 282 282 278 272
766 735 738 765 772 767 763 740 720 699 700 677 687 595 440 619 630 388 426 442 432 444 471 512 517 517 513 530 534 515 457 494 473 512 419 510 523 486 454 466 479 410 457 514 525 524 516 516 546 519 513 511 511 508 523 551 553 434 412 511 441 560 583 610 606 625 521 516 518 410 375 350 343 310 350 381 354 323 295 284 282 280 278 275 270
718 767 766 770 704 705 751 743 716 740 501 698 496 580 579 363 368 423 425 428 444 494 524 512 530 533 539 533 515 512 453 472 471 485 511 486 447 447 549 442 452 538 443 317 514 515 516 315 540 315 509 510 507 401 408 408 553 554 438 436 608 608 507 603 608 527 527 630 421 413 395 367 319 343 356 354 313 310 288 286 280 278 275 274 264
750 698 766 764 680 703 770 741 756 693 687 603 600 361 338 419 420 429 434 441 516 522 535 522 522 529 531 530 530 494 432 327 436 505 508 475 440 436 435 351 437 438 438 445 515 516 513 458 450 441 332 312 505 505 465 511 443 439 558 577 605 600 600 599 599 615 528 513 511 412 392 345 327 372 368 326 289 285 286 286 278 276 273 267 265
686 691 691 690 763 771 734 712 695 692 675 499 641 415 341 426 417 424 465 492 516 516 524 487 518 497 519 521 512 478 433 429 448 495 496 510 448 433 504 435 358 589 563 461 516 509 506 506 519 512 531 552 545 439 437 443 406 443 540 461 592 597 598 597 600 602 511 510 409 400 374 354 329 344 363 309 291 282 280 278 275 268 265 260 258
674 688 684 659 762 725 701 717 693 710 566 560 403 386 554 430 418 430 427 508 506 512 515 486 309 305 510 491 501 465 535 350 529 400 487 472 458 430 356 615 511 353 436 458 511 506 493 506 505 507 503 442 549 561 568 551 531 510 535 560 595 595 596 512 521 520 505 505 508 410 366 350 350 342 322 294 284 281 278 275 274 269 261 258 257
676 673 668 662 691 731 714 689 687 702 652 386 410 464 352 413 435 510 504 309 495 367 497 409 428 430 507 486 415 433 357 362 425 447 440 449 434 428 364 614 516 502 448 455 509 509 509 505 508 508 507 505 448 509 541 583 557 438 426 556 590 591 597 518 421 507 507 501 419 381 363 384 353 303 290 284 286 283 277 272 267 264 260 259 255
667 670 671 679 760 735 665 701 696 625 389 546 410 535 409 514 292 297 494 513 504 434 470 484 423 417 432 436 419 354 602 365 426 425 323 406 475 426 591 603 602 587 335 505 479 501 505 508 510 513 510 500 306 441 537 432 587 575 552 566 589 490 504 507 507 506 420 391 371 364 394 401 360 310 296 285 279 277 272 269 265 262 259 256 255
663 639 671 772 748 662 694 694 647 612 547 520 413 407 511 426 428 481 468 355 442 414 421 470 505 544 418 416 416 600 601 576 421 420 316 449 451 422 584 586 583 500 494 439 455 436 500 509 507 500 499 496 394 496 529 421 584 575 583 584 485 498 619 494 496 495 496 401 500 412 498 614 372 353 309 283 277 275 271 266 262 261 259 257 253
655 663 672 755 660 624 597 682 581 550 560 513 405 410 418 294 484 442 427 419 430 409 415 430 500 421 412 574 548 589 605 416 418 423 451 451 445 339 601 497 575 588 347 520 429 532 504 501 504 496 305 433 497 521 538 571 584 484 481 594 596 612 610 491 502 601 593 600 604 499 498 609 609 341 283 278 278 273 271 263 261 260 257 256 254
651 659 659 701 687 679 663 682 626 374 545 553 526 331 410 473 504 441 426 417 405 297 407 410 415 409 409 530 617 615 388 338 509 437 431 416 523 417 346 347 597 443 581 421 323 419 434 507 499 498 436 523 310 322 550 420 566 480 597 492 494 605 497 497 490 485 572 572 578 585 494 402 387 300 282 283 276 271 268 264 260 259 257 255 252
648 653 656 667 740 683 675 655 456 422 391 538 335 321 421 471 511 474 357 299 422 403 339 347 406 546 580 593 604 597 607 531 407 512 411 548 338 414 313 415 496 564 484 563 587 417 507 492 493 498 511 533 529 419 417 567 347 582 486 471 578 572 569 568 575 470 568 587 598 597 605 491 346 332 292 277 274 271 268 263 260 258 256 254 252
646 646 648 656 723 722 671 664 544 604 405 498 316 397 380 501 506 286 431 414 401 517 532 406 584 475 527 525 576 574 603 335 416 412 568 565 411 503 442 411 588 473 432 476 445 583 564 413 426 425 522 412 547 418 571 573 472 571 469 468 570 566 567 567 565 563 599 607 496 407 403 382 359 284 277 273 271 268 266 264 259 255 254 252 251
643 496 653 744 726 739 619 664 652 548 568 316 396 409 463 503 482 282 491 396 400 401 401 399 340 400 493 402 562 582 592 569 346 497 573 332 411 439 415 341 483 552 458 432 558 569 578 560 317 519 411 414 545 560 567 567 470 568 467 566 464 465 469 477 481 482 603 383 330 341 362 305 286 277 273 269 268 266 264 261 258 256 254 252 249
494 289 692 685 667 683 660 652 634 576 389 509 386 396 438 467 492 485 286 485 490 505 396 523 395 402 380 385 309 596 544 591 374 577 407 404 399 491 456 409 408 571 547 475 552 475 574 574 331 561 571 565 536 549 558 564 468 564 465 463 460 474 474 475 485 597 383 366 300 298 305 294 278 274 272 273 268 263 262 259 258 255 254 251 249
636 496 679 621 662 661 646 569 578 393 383 495 310 402 397 501 507 462 324 412 400 459 405 406 396 282 452 407 512 582 582 577 447 552 529 403 489 451 494 403 326 568 416 442 461 550 552 568 569 447 443 468 562 466 466 563 561 561 562 455 587 489 380 495 394 367 349 328 308 289 284 278 275 275 272 268 266 263 262 260 257 255 253 252 248
483 654 733 608 604 657 650 558 595 398 395 382 391 464 478 476 468 455 464 376 411 461 481 279 412 462 458 413 455 550 555 562 400 542 528 394 487 486 494 523 563 571 423 561 469 455 551 563 552 559 561 562 558 560 445 561 450 567 450 467 471 412 366 402 362 335 327 308 292 288 285 290 279 275 271 267 264 263 261 259 257 254 252 249 247
