data/layers/bio17.asc
NCOLS 507 
NROWS 956 
XLLCORNER -77.7833333333333 
YLLCORNER 0 
CELLSIZE 0.00833333333333335 
NODATA_value -3.4e+38 
[rows 532 to 569 of 956, columns 86 to 171 of 507]
795 780 754 716 672 648 485 524 656 692 539 440 524 455 534 422 406 359 338 340 342 334 313 363 350 357 321 286 293 304 316 310 284 257 249 245 241 263 272 275 271 267 263 269 268 265 265 259 252 246 241 252 245 243 271 244 248 281 271 237 232 222 196 169 157 155 157 158 156 156 156 156 155 155 154 155 155 154 154 155 153 153 152 151 150 148
799 781 757 706 634 508 469 494 647 645 448 450 513 411 430 439 370 371 351 337 339 333 315 348 346 315 322 292 286 301 314 299 296 268 259 275 274 292 291 278 279 270 268 275 266 270 268 258 262 249 246 255 247 288 257 240 268 282 264 244 237 232 203 185 162 157 157 158 158 156 156 155 155 155 155 155 155 154 154 155 154 152 151 150 149 147
801 776 735 668 575 464 423 513 608 655 422 453 494 437 406 409 358 350 340 337 335 325 336 374 348 303 335 308 286 287 306 308 308 283 285 292 285 299 288 284 282 286 278 280 267 265 267 260 262 264 254 257 247 275 242 248 247 284 239 235 235 237 225 203 171 160 159 158 158 157 157 157 156 156 157 156 156 156 154 154 153 153 152 150 148 146
796 764 707 667 614 517 414 429 451 520 575 392 402 434 422 386 359 350 360 357 339 330 350 376 321 307 299 297 289 297 306 317 318 311 293 302 297 301 289 286 283 281 284 281 271 270 264 260 257 267 264 254 265 271 243 252 240 266 238 244 236 229 227 191 160 160 161 160 158 157 157 157 156 156 156 156 156 156 156 155 154 153 151 150 148 146
783 746 707 682 491 467 446 403 397 458 534 423 432 460 409 395 397 352 363 362 345 329 351 350 316 314 302 297 303 311 307 315 320 310 311 311 304 303 293 290 285 282 279 280 270 301 265 271 258 266 263 265 299 254 247 255 244 240 241 248 226 221 223 185 162 162 162 160 160 158 157 157 156 156 156 157 157 156 156 156 155 154 152 151 148 145
773 728 630 518 571 564 564 420 405 490 579 537 584 485 445 445 386 354 357 363 359 335 343 365 317 312 307 300 303 297 312 317 316 316 308 305 301 302 293 297 305 302 278 276 272 312 300 303 295 256 255 298 302 298 247 251 254 253 252 245 225 203 211 169 163 164 162 161 160 159 158 158 158 157 157 158 158 157 157 157 157 155 155 152 147 144
793 722 659 635 669 686 622 451 427 441 443 498 513 541 461 478 427 383 355 367 348 338 329 341 339 323 310 313 298 295 295 312 325 315 330 308 302 299 296 329 329 329 292 279 286 316 319 318 284 256 287 301 305 304 248 253 241 233 257 225 217 192 217 180 166 165 164 161 160 159 158 158 158 158 157 159 159 159 159 159 159 157 155 153 150 146
816 800 797 737 655 652 734 614 462 553 577 594 483 515 428 437 410 386 357 366 364 351 347 329 328 317 312 307 304 299 303 317 329 317 338 317 305 306 306 333 329 332 328 290 327 326 315 315 312 313 314 285 252 252 268 251 259 226 247 222 182 197 221 178 168 167 164 162 161 160 159 158 159 159 159 158 160 160 160 161 161 160 158 154 151 148
848 828 831 772 690 755 646 617 568 644 589 579 426 402 431 394 385 363 359 361 368 367 359 342 326 321 314 311 317 328 311 327 334 326 343 311 311 307 326 336 318 329 320 327 322 303 302 303 316 307 259 257 278 275 263 262 237 203 196 208 183 176 204 167 171 168 166 164 162 160 160 159 159 159 160 160 161 162 162 163 163 164 161 158 155 150
866 792 722 735 779 774 759 759 678 620 606 493 425 396 402 410 383 365 360 357 359 367 363 350 343 325 320 314 316 331 330 336 333 321 317 317 311 319 339 339 324 311 313 309 305 305 318 325 325 271 257 258 257 255 271 261 248 204 207 183 184 170 170 174 173 171 168 164 162 160 160 160 160 160 160 161 161 163 163 164 164 165 165 160 157 153
874 849 826 783 829 769 674 665 668 661 614 480 423 387 398 399 390 369 366 374 374 367 360 349 342 328 328 330 318 322 325 331 339 338 332 327 315 337 341 340 332 314 323 343 318 305 309 319 325 308 311 319 308 257 280 271 267 237 210 192 176 176 174 178 176 174 170 167 163 161 160 161 161 162 161 162 162 162 164 164 165 166 165 163 159 155
817 731 748 828 811 696 533 516 577 629 508 483 436 392 387 381 376 378 369 379 377 372 365 359 355 354 332 332 322 330 340 342 336 336 336 318 331 337 330 324 316 313 321 345 347 332 302 301 298 325 302 261 261 279 285 266 280 258 216 226 230 206 183 184 181 178 175 170 166 163 163 163 162 163 163 164 163 163 164 164 165 165 164 162 159 156
698 608 648 801 819 656 494 511 574 506 441 435 426 403 394 392 385 390 387 383 374 378 374 372 366 356 343 345 351 328 328 327 334 339 342 323 342 343 343 318 314 320 347 328 325 331 311 341 300 334 324 306 264 266 282 257 282 234 235 240 206 187 191 189 186 182 178 174 171 167 166 165 165 164 164 164 164 163 164 164 164 163 162 162 158 155
680 621 667 755 792 634 518 582 609 520 449 418 414 398 399 396 395 392 387 383 376 374 369 367 374 352 355 353 359 353 352 337 349 347 344 342 331 317 321 336 325 314 352 325 323 320 335 339 304 329 299 315 312 268 269 260 275 249 243 211 188 198 196 195 190 187 183 178 174 172 170 169 167 166 166 165 165 164 163 162 162 163 162 159 158 157
852 763 622 648 605 620 613 610 561 514 505 435 434 418 396 400 389 387 392 389 382 375 372 370 376 372 363 361 366 363 359 349 346 344 340 342 338 320 316 324 341 315 326 344 323 324 322 325 311 310 295 292 313 312 267 279 265 223 199 198 200 201 201 199 196 192 187 183 179 176 173 172 170 168 167 167 165 164 163 162 162 161 161 158 157 156
879 840 770 728 692 707 666 645 627 588 538 504 499 459 398 402 388 384 380 388 391 377 374 381 380 376 373 371 369 359 362 362 340 339 339 335 327 350 339 338 345 343 338 338 328 331 325 320 302 296 324 302 323 289 273 296 273 219 204 199 196 207 206 204 201 195 191 187 183 179 177 175 173 171 170 168 166 165 163 162 161 161 161 159 158 157
846 851 815 794 775 713 611 638 562 518 468 459 416 467 427 399 394 393 398 392 393 379 378 375 376 379 376 374 368 353 355 351 357 341 347 335 329 349 329 314 317 314 318 340 331 341 322 322 298 310 340 312 313 276 300 292 277 254 232 216 200 211 210 208 206 200 195 191 187 184 181 177 175 174 172 169 168 166 165 163 162 161 160 159 158 156
854 786 705 746 743 686 581 593 580 597 516 472 420 418 414 404 395 404 388 394 396 380 374 376 372 375 375 378 375 356 356 359 348 355 356 354 341 341 316 342 344 319 342 332 333 348 323 327 309 337 317 296 307 279 307 297 281 251 235 219 204 214 212 209 207 203 199 194 191 187 184 181 178 175 174 172 169 167 165 164 162 161 160 159 158 157
828 727 633 565 701 686 682 591 572 507 471 451 431 412 412 407 406 396 399 392 385 383 360 356 362 372 371 365 369 357 345 330 355 351 348 342 320 318 315 326 359 348 346 334 346 343 328 341 334 335 294 324 285 282 310 279 300 267 247 218 210 209 213 211 209 205 201 197 193 189 187 183 180 178 176 173 171 169 168 165 164 164 163 161 160 158
771 845 672 587 509 544 638 618 562 459 431 442 450 435 414 406 406 404 407 397 389 385 378 362 361 376 371 370 365 361 365 334 353 359 324 328 324 320 326 344 322 349 336 336 367 349 326 332 329 339 301 323 288 288 282 293 301 255 235 219 211 210 214 213 211 208 204 201 197 193 189 186 183 181 178 175 174 171 169 167 166 164 163 162 161 160
907 824 587 596 531 486 488 628 592 524 469 483 474 424 439 414 404 412 405 408 403 392 386 370 344 365 375 371 367 365 353 328 325 326 332 363 367 338 337 351 348 342 345 359 364 343 328 328 326 317 313 323 318 304 284 299 311 279 252 223 216 213 215 215 213 209 207 203 199 196 192 189 186 182 181 178 176 173 171 170 167 166 165 162 161 160
795 780 605 499 531 455 508 588 546 571 561 496 436 421 424 415 407 402 398 401 405 407 402 385 360 348 359 348 370 362 339 327 327 331 334 358 365 356 353 353 349 342 357 348 359 333 346 321 342 303 294 305 317 290 291 315 301 278 252 235 221 216 215 216 214 211 209 205 202 198 196 192 189 185 183 180 177 175 173 171 169 167 166 165 163 163
691 790 586 493 466 454 465 533 485 505 495 493 451 423 419 421 419 417 415 413 411 395 403 377 344 337 336 343 365 331 333 342 328 329 348 373 372 355 352 349 359 351 351 360 393 334 336 297 296 300 297 315 305 299 324 304 277 254 255 238 226 221 217 216 214 214 210 208 204 201 197 194 191 188 185 182 180 177 174 172 171 169 168 167 164 163
720 670 502 467 455 451 452 476 446 444 491 475 433 426 425 424 414 405 404 411 408 392 389 368 341 341 348 334 346 344 367 362 338 339 365 371 358 358 357 364 376 364 353 343 378 340 354 296 318 328 309 300 298 315 327 304 290 293 255 246 229 224 220 218 216 215 213 209 206 203 200 196 193 190 187 184 181 180 177 175 173 171 169 167 166 165
778 604 496 510 455 425 438 450 447 445 451 448 438 433 432 413 393 402 396 401 384 362 370 364 338 338 348 346 331 356 374 384 352 342 358 376 360 365 370 384 373 355 346 346 376 336 343 324 301 313 317 332 336 334 325 326 312 281 263 244 235 229 225 222 220 219 215 213 209 205 203 199 196 192 189 187 184 181 179 176 174 172 170 170 169 165
822 577 638 620 487 450 449 452 451 446 444 439 433 416 411 395 372 376 389 361 365 347 345 345 337 337 342 343 346 346 362 379 366 359 379 366 362 358 363 361 352 349 345 350 371 338 316 296 294 301 324 315 340 321 305 313 326 319 255 250 237 232 230 227 224 221 218 215 212 209 204 201 198 195 192 189 186 183 180 179 176 174 173 171 169 168
882 759 736 556 518 463 459 458 453 450 446 444 442 437 413 412 393 388 398 383 381 373 360 341 340 336 335 333 333 330 336 366 385 380 372 367 367 361 370 371 353 357 357 358 369 339 357 342 330 299 324 318 317 305 306 300 327 285 254 244 238 237 234 231 228 224 221 217 215 211 208 203 200 198 194 191 187 185 182 179 178 175 174 172 170 169
1067 928 950 643 625 484 517 529 541 465 457 446 440 440 430 428 419 421 408 411 399 395 387 364 344 335 334 336 333 332 346 366 365 355 362 380 364 365 360 359 358 353 357 346 359 341 338 299 293 293 304 300 312 315 302 301 332 280 252 246 244 242 239 235 230 228 224 221 216 214 210 206 203 199 196 193 190 187 184 181 178 177 174 173 171 169
895 936 923 934 773 602 631 564 465 563 492 477 458 444 442 441 437 434 435 424 418 407 394 376 348 346 343 358 339 329 328 333 322 327 348 336 358 367 361 364 340 357 325 348 351 346 348 308 292 291 288 290 310 334 340 322 336 287 257 253 250 246 242 237 234 231 228 223 220 215 212 209 205 202 198 195 192 189 186 183 180 177 176 173 172 169
1050 860 677 685 740 572 605 541 505 464 483 493 447 442 444 439 432 439 437 435 432 410 400 390 376 360 373 375 348 335 354 327 340 320 326 343 380 365 363 371 331 312 307 352 349 308 296 293 292 304 325 315 329 356 344 336 323 270 257 256 253 249 245 241 237 234 230 226 223 218 215 210 208 204 201 197 193 190 186 184 182 180 176 175 172 171
1084 1083 879 774 579 645 757 640 629 498 458 454 452 448 448 441 436 430 439 431 435 424 430 407 386 381 390 384 369 369 363 362 340 320 341 348 380 366 365 368 328 307 367 365 360 296 296 309 313 293 322 337 358 334 321 340 281 265 264 259 255 253 248 244 240 236 233 230 225 221 217 213 210 205 203 199 196 192 189 186 183 181 179 175 174 172
960 971 1025 1009 904 682 879 665 571 493 478 455 447 421 439 431 426 427 435 440 436 437 430 428 414 391 402 387 387 367 368 358 328 326 322 359 375 367 369 362 312 306 307 307 336 295 312 333 298 321 330 358 368 320 298 292 276 271 266 263 259 255 251 248 243 239 235 232 228 225 220 216 212 208 205 201 197 195 190 187 184 182 180 178 176 172
817 959 693 896 1010 1056 877 548 477 464 457 458 446 413 409 410 414 419 425 436 442 435 436 430 433 412 420 404 391 388 377 375 348 326 316 322 381 375 365 348 328 303 315 302 304 309 320 334 312 327 334 374 359 325 308 281 276 273 270 266 262 258 254 250 246 242 238 235 231 227 223 218 215 211 207 203 199 195 192 189 186 184 181 179 177 175
783 835 618 610 701 696 805 627 476 466 463 457 420 403 400 427 448 442 444 445 436 442 439 408 395 435 409 401 407 392 379 364 336 318 322 348 375 320 362 374 342 302 320 298 320 326 339 346 327 342 380 379 338 314 299 285 279 276 273 269 265 261 256 252 249 245 241 237 233 230 226 221 218 214 209 205 202 198 194 190 187 185 183 181 179 177
654 721 586 585 724 895 835 696 535 493 486 463 441 428 425 431 447 442 436 432 446 440 443 430 427 423 398 384 380 372 371 368 342 319 322 327 327 310 346 349 306 342 338 310 301 336 363 340 336 379 371 365 365 323 306 285 282 281 277 271 267 263 259 255 252 248 244 239 237 233 228 224 221 216 212 208 204 201 196 192 190 186 184 182 181 178
551 561 545 543 619 598 620 622 613 626 499 466 460 455 454 452 454 443 457 444 446 441 422 439 439 427 395 383 368 336 339 327 320 320 325 312 311 308 325 323 302 313 326 348 336 331 361 399 381 392 355 339 356 325 296 289 287 283 279 275 271 267 262 258 254 251 246 242 240 235 231 227 223 219 215 211 206 202 199 195 192 189 187 185 184 181
603 499 492 500 485 492 512 516 478 486 540 504 464 459 461 458 455 445 483 465 441 429 433 427 444 442 443 408 363 340 327 327 328 341 324 316 326 310 312 303 306 299 321 343 360 344 338 389 398 375 339 326 328 326 296 292 289 285 282 278 273 268 264 260 256 253 249 245 242 238 234 231 226 222 218 214 209 205 201 198 194 192 190 187 185 184
701 525 486 484 487 485 488 481 474 475 485 485 480 462 459 458 453 449 532 527 447 437 434 423 419 417 431 432 398 381 357 335 321 318 347 311 340 307 308 310 305 302 298 331 362 373 359 357 394 386 352 329 311 315 300 296 291 288 284 280 275 270 267 262 258 256 251 247 245 241 237 233 229 225 221 216 212 208 204 201 197 195 191 190 187 186
