data/layers/bio11.asc
NCOLS 507 
NROWS 956 
XLLCORNER -77.7833333333333 
YLLCORNER 0 
CELLSIZE 0.00833333333333335 
NODATA_value -3.4e+38 
[rows 663 to 701 of 956, columns 88 to 175 of 507]
179 181 160 157 162 142 143 149 159 160 163 164 168 170 172 178 181 180 179 176 177 184 198 176 178 175 179 177 174 177 179 179 180 179 178 179 180 180 180 180 180 180 176 175 178 177 176 175 176 176 176 176 176 176 173 172 169 168 163 161 164 164 168 163 162 157 155 156 153 149 145 139 136 121 110 99 99 88 65 63 62 73 72 76 80 79 86 83
179 167 141 134 143 138 128 135 157 170 168 172 172 174 173 177 182 184 184 182 188 200 203 179 194 187 192 184 176 176 175 178 180 178 179 178 179 179 179 178 179 178 179 175 175 175 175 177 176 177 174 175 176 176 176 170 164 167 165 159 161 163 160 162 160 157 153 148 146 144 140 132 132 123 117 102 82 83 72 61 65 69 63 70 72 77 80 74
189 169 139 138 148 134 116 142 159 166 174 172 188 187 172 174 179 181 186 183 197 207 202 206 193 194 201 194 182 199 197 174 176 178 178 177 178 177 178 179 178 179 177 177 175 175 175 174 177 174 174 174 174 172 171 168 164 164 164 164 158 161 151 165 159 151 150 146 133 135 125 108 120 121 108 95 82 66 59 59 64 64 69 70 73 78 73 74
169 165 138 146 156 141 124 134 154 167 178 184 199 197 187 176 175 179 188 200 209 212 211 208 204 201 205 206 190 202 198 194 177 174 176 177 177 177 177 177 178 176 175 177 175 175 176 174 174 173 173 173 172 171 168 165 164 160 161 159 157 160 159 156 156 160 158 147 145 124 107 94 109 119 105 96 78 65 67 65 61 63 67 67 71 74 71 71
159 148 139 149 155 136 124 141 153 173 188 193 199 205 199 194 202 195 185 194 210 219 216 211 206 207 213 207 201 206 199 190 183 176 175 175 175 177 177 175 175 175 175 174 175 175 174 173 173 172 173 172 171 170 169 166 162 161 156 155 154 154 148 148 151 155 152 148 141 131 121 106 112 119 101 87 84 76 68 57 65 67 66 66 70 70 71 69
157 142 149 166 153 136 135 149 163 174 186 203 205 208 208 213 208 202 181 209 217 222 218 209 196 206 215 207 213 211 203 190 180 176 175 175 174 174 176 174 174 175 176 175 176 175 174 172 173 172 172 171 169 168 165 163 160 158 158 150 151 153 148 143 143 148 153 152 144 137 132 127 132 125 120 108 92 85 73 69 69 67 69 69 70 70 70 69
160 144 154 178 162 143 141 151 160 169 189 198 195 211 216 214 210 203 191 206 218 222 218 213 205 214 220 222 218 207 196 201 194 187 178 176 175 174 174 174 173 173 175 175 175 175 174 171 172 170 169 169 167 162 165 160 158 156 154 151 147 150 146 143 136 128 150 145 150 141 135 136 120 114 107 105 94 84 77 75 68 66 74 68 72 71 69 68
158 144 164 180 170 151 151 152 172 178 182 190 193 215 219 218 208 202 208 218 223 224 221 219 216 220 225 220 210 214 214 205 201 198 186 177 175 174 174 173 172 173 174 174 174 174 172 172 169 168 168 167 165 162 164 160 157 150 150 144 149 142 140 137 131 136 150 142 145 142 133 124 115 110 100 95 91 90 85 88 76 75 76 71 72 72 71 72
162 158 166 188 163 171 164 173 185 190 184 196 212 221 219 208 196 202 214 223 226 222 227 225 222 225 226 217 215 214 199 200 195 192 187 177 174 173 174 174 174 173 172 173 171 171 167 168 166 164 163 163 164 164 159 158 153 146 142 142 145 141 134 125 125 119 148 143 139 137 118 109 101 99 95 90 85 79 80 81 80 78 78 76 76 76 74 74
176 173 176 189 165 181 176 172 195 199 182 196 210 219 223 207 210 208 222 226 224 227 232 228 227 228 225 224 221 212 205 202 198 193 191 183 176 176 175 173 173 173 173 173 172 171 168 170 167 162 163 160 158 161 160 148 155 148 137 136 140 134 128 123 115 136 146 135 137 124 112 104 97 92 85 85 71 72 73 74 75 75 75 75 76 77 78 80
188 183 192 183 168 184 191 187 206 200 185 190 203 209 224 214 224 226 231 224 231 233 233 232 227 225 222 214 217 216 215 210 206 199 197 182 181 177 175 175 174 174 172 174 174 171 171 170 166 164 158 157 157 159 154 154 144 144 140 129 134 130 116 117 111 141 144 129 122 113 101 95 94 87 78 71 68 63 70 68 66 69 72 72 75 76 81 76
172 192 205 190 181 197 190 194 213 195 169 181 202 216 224 224 228 229 227 236 233 232 231 225 223 224 224 219 214 205 205 207 199 195 189 174 174 176 174 174 173 174 173 172 172 171 172 170 168 165 160 156 159 155 152 150 148 140 140 130 125 124 111 108 137 135 143 124 121 113 107 94 84 80 71 65 62 57 57 60 63 62 68 71 74 72 73 76
176 199 206 209 203 202 199 213 215 194 174 175 196 217 229 228 233 230 237 233 227 228 231 230 226 228 227 226 222 217 207 200 206 199 194 186 177 174 174 174 175 175 173 172 171 170 171 169 169 167 165 161 158 151 151 141 147 138 134 127 118 115 108 125 128 125 137 113 107 106 99 91 81 72 61 58 51 56 46 49 54 63 65 69 70 70 73 76
183 190 195 198 211 220 225 224 212 196 193 197 210 224 235 234 235 238 233 230 229 233 235 233 233 227 221 226 226 222 219 199 201 200 201 191 190 186 184 180 174 174 171 171 171 170 165 163 166 163 163 161 158 146 151 137 143 134 125 120 108 108 113 128 112 124 129 119 103 98 92 84 74 64 59 52 45 45 35 40 47 56 56 63 63 68 72 82
168 179 184 177 197 201 199 214 222 206 205 205 218 231 238 225 232 236 236 238 237 236 234 230 231 228 220 214 216 222 217 209 207 200 199 201 187 180 177 173 179 171 169 169 169 167 167 159 162 160 159 159 154 134 145 143 139 129 122 111 103 103 119 110 106 133 126 123 109 103 90 80 64 53 54 50 39 34 23 36 41 47 51 56 62 65 70 75
164 172 190 184 183 194 206 214 228 217 209 211 226 238 231 231 238 239 240 238 237 233 228 225 221 220 215 216 209 208 215 220 210 212 208 205 195 184 174 173 173 174 170 167 168 165 163 158 154 159 160 155 141 135 139 139 134 132 121 106 97 105 116 103 106 125 125 115 101 94 89 77 61 46 45 50 44 30 11 24 34 41 45 51 55 58 66 72
170 178 188 194 187 207 221 227 225 206 200 206 233 236 234 234 241 240 238 237 228 228 226 224 216 215 210 210 210 205 207 215 210 212 211 210 205 200 190 184 183 169 169 169 166 164 162 161 159 157 155 152 146 140 137 136 127 126 123 113 100 97 114 101 116 116 114 115 103 93 85 74 63 57 47 41 40 31 11 17 28 36 39 43 50 56 64 72
190 185 191 201 194 209 224 237 210 200 201 217 243 230 238 242 239 241 238 234 231 231 233 231 230 226 215 215 215 204 203 209 207 201 198 202 206 206 205 199 188 177 169 166 163 162 162 161 159 154 151 149 144 141 133 132 123 113 120 113 109 103 111 98 111 106 106 109 103 95 85 75 66 52 42 28 29 35 34 21 19 26 31 41 45 54 60 68
194 189 200 205 201 210 224 236 218 205 208 225 239 229 243 238 239 238 240 236 233 240 233 225 223 217 218 214 217 210 207 203 201 200 193 194 197 191 200 202 196 186 185 169 160 158 159 162 156 155 151 146 142 137 131 127 123 116 110 103 104 109 104 98 110 104 98 100 99 97 91 79 69 57 47 47 40 48 43 31 19 23 30 36 43 55 62 65
214 195 210 213 201 212 231 237 215 211 220 238 240 236 243 241 239 240 238 242 240 238 235 228 227 220 218 215 211 208 205 196 193 190 195 173 181 186 191 192 200 198 185 180 161 154 152 156 152 150 149 145 139 131 122 118 113 108 105 104 107 109 101 100 108 103 101 96 90 87 85 82 74 63 57 53 51 49 45 43 24 18 27 25 37 47 57 64
216 209 219 216 215 213 226 240 226 221 238 242 240 242 240 243 243 241 243 243 239 232 224 222 223 224 215 215 211 207 199 194 185 165 167 166 164 179 186 184 191 192 180 171 168 163 154 151 146 141 144 144 137 130 123 106 94 93 96 103 107 106 101 100 103 103 98 95 92 88 84 79 76 69 62 55 57 51 48 41 36 26 16 23 34 53 64 73
215 215 226 224 210 219 230 243 232 235 242 241 244 243 245 245 242 244 243 238 223 234 228 216 218 217 215 211 209 207 197 186 179 167 166 173 177 176 170 177 179 191 191 180 169 161 159 150 143 145 139 140 135 129 126 117 100 96 89 97 109 102 103 97 98 100 99 95 93 89 88 84 78 75 67 68 58 53 56 48 45 44 31 33 43 59 63 70
222 221 234 229 221 222 232 244 243 239 235 240 243 238 244 238 237 243 239 235 223 228 231 231 223 208 210 216 219 211 200 197 190 190 186 192 189 182 165 169 173 187 180 186 181 174 170 154 155 156 147 138 135 123 115 112 104 92 87 95 104 102 102 102 97 97 98 97 93 90 89 86 81 77 73 68 56 62 62 60 56 51 41 49 59 67 69 70
225 216 235 228 220 233 237 245 241 231 234 247 239 240 241 241 234 244 240 238 228 228 233 230 228 216 218 225 219 216 207 198 199 196 199 201 187 177 165 159 169 178 171 170 181 175 172 167 164 157 152 139 129 122 112 100 94 82 85 96 103 101 95 100 95 96 96 94 92 91 90 88 85 83 77 73 70 67 68 64 57 59 61 59 63 72 69 78
231 218 231 234 236 241 249 239 232 237 246 247 241 239 231 235 235 235 239 230 231 232 232 229 226 229 230 222 210 207 215 206 206 202 206 207 199 179 174 168 167 165 166 160 165 165 168 171 165 150 138 135 120 108 103 98 86 71 91 99 103 98 94 96 95 95 93 94 93 92 92 91 89 85 82 77 72 79 72 66 65 63 68 68 79 70 79 89
233 222 226 222 237 248 248 239 241 243 248 237 237 235 230 228 234 231 233 238 241 238 237 233 229 237 227 220 215 217 210 210 214 213 214 208 197 178 189 180 170 155 158 148 144 152 152 165 163 147 136 131 116 107 92 86 81 69 77 91 101 100 95 93 92 93 97 96 96 95 93 92 91 85 82 78 81 80 72 72 72 68 75 80 80 71 79 82
231 226 225 228 244 249 243 240 247 248 237 239 232 230 230 227 226 229 235 229 233 233 235 232 233 231 229 229 224 215 216 218 217 218 212 213 206 187 175 176 170 153 145 150 143 147 148 162 161 155 147 135 113 102 96 88 83 69 80 88 93 96 97 95 96 98 97 98 97 96 95 93 91 88 88 87 87 75 78 78 73 72 82 77 82 92 81 80
225 238 226 233 247 249 242 244 247 238 235 235 231 229 227 227 226 230 228 225 222 218 230 227 222 216 214 232 222 216 220 223 222 217 204 205 199 176 172 161 161 158 147 143 139 141 141 158 155 156 152 140 123 107 101 93 82 69 76 89 89 91 91 97 100 99 99 98 98 97 96 95 90 90 82 77 79 76 82 77 77 77 85 82 82 95 81 83
233 238 232 250 249 249 244 237 237 237 235 234 228 227 226 224 225 228 228 224 216 210 219 219 210 201 207 217 228 226 223 219 220 213 199 184 180 174 164 153 151 150 149 141 136 134 136 150 144 152 152 133 110 107 100 92 79 71 73 84 84 90 93 97 97 100 99 98 98 97 96 95 92 86 83 83 79 75 84 77 80 81 86 88 92 97 97 95
241 242 243 249 242 241 237 237 236 235 235 234 229 229 230 221 224 229 224 218 207 213 217 216 216 210 222 224 220 209 207 214 215 207 193 178 168 172 164 160 165 158 148 142 131 131 132 140 137 149 149 139 110 102 97 87 74 75 78 81 77 87 90 94 97 98 98 98 98 97 96 95 90 87 83 80 77 78 88 81 77 77 84 90 94 98 112 120
245 250 243 243 242 240 238 237 230 233 237 235 233 227 228 225 222 221 221 223 215 216 219 217 216 214 210 212 213 209 200 207 206 191 181 173 178 175 171 167 169 163 149 138 135 149 144 133 128 143 143 124 109 97 90 83 77 75 78 79 74 74 82 90 96 98 98 98 98 98 97 96 91 86 82 80 80 78 84 85 78 81 82 87 87 88 105 120
247 250 248 248 246 236 237 234 235 235 237 232 222 215 221 220 221 220 224 217 219 219 218 210 208 210 206 204 204 203 201 200 190 185 175 175 181 178 175 173 170 164 156 158 155 144 134 139 133 134 133 139 126 113 93 81 80 77 77 77 74 73 79 92 94 94 97 97 98 98 97 97 88 83 84 81 81 81 85 90 77 81 82 84 88 89 96 117
249 251 246 246 238 236 236 229 235 235 233 223 222 222 221 221 221 219 218 223 217 217 211 202 205 213 206 210 208 204 203 198 195 185 184 184 183 179 173 171 167 165 160 151 157 142 133 121 103 127 109 119 134 119 94 87 78 73 75 76 74 80 85 89 88 81 86 93 97 97 97 91 86 83 85 85 83 84 86 87 82 82 84 84 86 90 103 123
251 249 246 246 239 243 245 232 240 237 233 228 225 223 222 222 222 231 230 229 224 219 216 216 221 214 211 211 202 201 195 195 193 192 188 183 177 177 171 169 163 158 151 143 141 129 132 108 93 111 97 94 112 113 98 78 77 76 74 72 73 73 81 83 84 79 79 87 92 95 95 92 86 85 85 89 91 88 94 88 85 84 87 87 88 91 91 86
251 251 249 247 246 245 247 246 238 239 233 227 225 227 227 225 224 232 231 225 225 225 221 223 214 218 207 203 208 203 197 202 199 196 192 198 181 180 172 168 164 158 148 136 129 125 100 88 87 99 93 79 86 92 81 83 78 74 71 71 72 72 74 76 77 78 77 79 83 91 94 91 85 84 85 86 94 91 93 88 86 86 89 91 90 89 87 91
251 247 247 247 246 242 243 241 241 236 229 229 228 226 226 229 233 230 223 211 213 216 213 223 212 206 211 210 202 201 207 194 191 186 188 185 195 182 177 175 173 162 152 134 118 111 106 92 86 95 89 77 64 73 64 81 76 77 68 69 71 74 72 74 74 75 76 80 83 85 92 89 89 87 86 88 91 101 93 95 89 90 88 90 90 82 90 91
250 249 249 247 242 237 236 238 228 234 228 229 227 226 235 235 234 227 215 202 208 213 208 210 220 205 207 196 197 194 191 189 197 189 185 182 171 179 172 161 163 165 150 143 133 126 103 109 82 81 82 72 65 62 69 78 77 72 70 68 70 70 71 72 73 74 74 78 80 81 87 86 85 85 85 81 87 97 93 95 96 95 92 97 94 92 87 105
242 242 247 247 243 242 239 229 229 228 228 229 229 227 235 228 229 223 209 198 205 216 203 206 215 205 197 193 194 191 184 183 197 188 176 181 168 164 174 163 154 154 166 145 124 118 103 90 66 71 69 72 69 61 64 71 70 67 70 71 71 71 72 73 72 73 74 74 76 82 85 86 80 83 79 78 81 96 107 95 100 98 98 101 102 97 107 114
242 248 248 244 246 244 241 237 229 229 230 230 234 236 231 226 226 212 202 199 200 204 199 201 213 209 200 193 189 185 177 186 192 188 176 180 168 155 160 158 145 145 160 150 133 115 93 89 80 71 67 63 65 62 58 60 62 64 68 75 74 72 72 73 74 72 73 75 77 84 88 80 78 76 77 85 87 93 103 112 103 104 104 107 104 103 101 116
