data/layers/bio2.asc
NCOLS 507 
NROWS 956 
XLLCORNER -77.7833333333333 
YLLCORNER 0 
CELLSIZE 0.00833333333333335 
NODATA_value -3.4e+38 
[rows 369 to 409 of 956, columns 92 to 183 of 507]
76 76 77 78 79 77 76 76 77 77 77 77 77 77 77 77 77 78 78 78 78 78 78 79 79 79 80 80 80 80 80 80 81 81 81 81 81 82 82 81 82 82 82 83 83 83 84 83 84 85 89 93 91 89 90 90 96 102 107 109 108 108 109 108 110 110 107 105 99 93 101 107 109 109 112 111 112 112 112 113 113 113 113 109 104 108 108 109 105 104 108 112
76 77 77 78 79 76 76 76 76 76 76 77 77 77 77 77 78 78 78 78 78 78 78 78 79 79 80 80 80 80 80 80 80 81 81 81 81 81 82 82 82 82 83 83 83 83 84 85 87 91 95 94 91 92 93 90 94 99 108 108 109 109 107 108 109 110 109 105 97 101 108 104 105 106 110 108 110 111 111 112 110 113 110 107 111 109 108 113 110 113 112 109
76 77 77 78 77 76 76 76 76 76 77 77 77 77 77 77 77 78 78 78 78 78 78 79 79 79 79 79 79 80 79 80 80 81 81 81 81 81 81 81 82 82 83 83 83 83 83 85 90 94 94 95 93 91 93 98 98 101 104 109 108 106 103 107 109 107 106 102 96 104 104 100 100 98 103 101 107 104 111 108 106 112 111 110 114 113 111 110 114 114 114 114
77 77 79 77 76 76 76 76 76 77 76 77 77 77 77 77 78 77 78 78 79 78 79 79 79 79 79 79 79 79 80 80 80 81 81 81 81 81 81 81 82 82 82 83 83 83 83 84 87 88 89 91 91 92 98 102 107 108 108 107 109 103 105 107 110 108 104 98 99 98 97 103 105 102 99 101 102 102 105 105 109 113 113 113 114 114 113 113 114 113 103 111
76 77 78 76 76 76 76 76 76 76 76 77 77 77 77 77 77 77 77 78 78 78 78 79 79 79 79 79 79 79 80 80 80 81 81 81 81 81 81 81 82 82 82 82 83 82 83 84 85 85 86 87 89 93 100 105 108 107 108 109 109 107 105 109 110 109 104 96 105 104 102 98 99 108 107 105 103 102 103 104 106 111 112 114 112 114 114 113 114 107 96 106
76 76 76 76 76 76 76 76 76 76 76 76 76 77 77 77 77 77 77 78 78 78 78 79 79 79 79 79 79 79 80 80 80 80 80 81 81 81 81 81 82 82 82 83 83 83 83 84 84 86 90 91 93 95 104 108 107 107 108 107 108 106 109 108 106 106 100 98 104 106 105 105 103 107 111 109 104 106 105 108 107 108 111 114 113 114 114 115 114 106 96 102
76 77 75 76 76 76 76 76 76 76 76 76 76 76 77 77 77 77 77 78 78 78 78 78 78 79 79 79 79 79 79 80 80 80 80 80 81 81 81 81 82 82 82 82 82 82 83 83 83 85 90 95 96 100 104 108 108 106 107 104 105 105 109 109 109 106 103 97 101 109 111 108 102 103 106 109 112 108 107 112 112 111 113 112 109 108 112 111 114 111 98 110
76 76 76 75 75 75 76 76 76 76 76 76 76 76 76 77 76 77 77 77 78 78 78 78 78 78 78 78 78 79 79 79 80 80 80 80 81 81 81 81 81 82 82 82 82 82 83 84 83 85 85 91 96 99 105 108 105 105 107 102 101 101 103 103 108 109 107 97 98 98 109 111 111 110 111 112 112 112 109 112 112 112 111 109 106 101 106 104 108 108 100 97
75 76 75 75 76 75 76 76 76 76 76 76 76 76 76 77 76 77 77 77 77 78 78 78 78 78 78 78 78 79 79 79 79 80 80 80 80 81 81 81 81 81 81 82 82 82 83 84 84 84 85 89 95 100 103 108 106 104 106 104 99 96 104 109 110 109 108 106 102 100 105 108 107 109 109 112 109 110 112 112 107 109 108 102 101 107 108 103 99 96 89 93
76 75 75 75 75 75 76 75 76 76 76 76 76 76 76 76 76 77 77 77 77 77 77 78 78 78 78 78 78 79 79 79 79 79 80 80 80 80 81 81 81 81 81 82 82 83 83 84 85 88 87 91 94 99 104 108 106 102 105 105 101 100 107 109 110 110 109 105 104 104 101 103 102 104 103 106 107 109 111 113 111 112 108 109 111 110 109 106 103 98 91 91
76 74 74 75 75 75 75 75 75 75 75 76 76 76 76 76 76 76 77 77 77 77 77 77 78 78 78 78 78 79 79 79 79 79 79 80 80 80 80 80 81 81 81 82 82 82 83 84 88 91 93 91 95 100 105 108 107 103 104 102 99 103 106 107 110 110 108 108 105 107 104 107 110 107 109 106 104 112 112 110 111 113 113 113 110 110 107 106 100 92 89 90
75 74 74 74 75 75 75 75 75 75 75 75 76 76 76 76 76 76 76 77 77 77 77 77 77 78 78 78 78 79 79 79 79 80 80 80 80 80 81 81 81 81 81 82 82 83 83 84 86 88 88 90 95 99 104 108 105 103 100 99 93 93 94 100 106 109 110 110 106 110 107 106 108 111 111 107 108 108 112 113 113 112 112 112 113 112 110 106 95 88 87 87
74 75 74 74 75 75 75 75 75 75 75 76 76 76 76 76 76 76 76 77 77 77 77 77 77 78 78 78 78 78 79 79 79 80 80 80 80 80 81 81 81 81 82 82 83 83 83 83 85 87 86 89 92 98 103 108 106 104 102 101 98 90 88 94 102 103 102 109 111 109 107 108 110 107 111 109 112 112 111 110 111 111 113 111 113 110 109 106 92 87 87 87
74 74 74 75 75 75 75 75 75 77 75 75 75 76 76 76 76 76 76 76 77 76 77 77 78 77 78 78 78 78 79 79 79 79 80 80 80 80 81 81 81 81 81 82 83 83 83 83 84 84 87 89 93 97 103 106 108 106 106 107 97 90 87 93 103 106 108 110 110 111 110 109 111 110 111 108 111 112 112 113 113 112 111 109 106 110 102 99 90 87 88 88
74 74 74 75 75 75 75 75 76 76 75 75 75 75 76 76 76 76 76 76 76 76 77 77 77 77 78 78 78 78 79 79 79 79 80 80 80 80 80 81 81 81 81 82 82 83 83 84 83 85 86 88 92 97 107 107 108 107 108 105 98 93 89 93 102 100 107 109 110 111 110 111 111 111 112 112 112 112 108 112 112 111 109 108 106 106 97 90 87 88 89 90
74 74 74 74 75 75 75 75 75 75 75 75 75 75 75 75 75 76 76 76 76 76 77 77 77 77 78 78 78 78 79 79 79 79 80 80 80 80 81 81 81 81 81 82 82 83 83 83 83 84 85 89 96 99 105 108 108 107 109 105 106 97 90 97 96 100 105 108 110 111 111 111 111 111 111 111 111 112 109 107 103 108 109 106 99 95 88 88 88 89 91 94
73 74 74 74 74 74 76 75 75 75 75 75 75 75 75 75 75 75 76 76 76 76 77 77 77 77 78 78 78 78 79 79 79 79 79 80 80 81 81 81 81 81 81 81 82 82 83 83 83 86 85 90 97 102 106 107 108 107 108 109 107 97 95 106 99 95 96 105 108 109 111 110 111 111 110 107 105 105 107 100 100 104 104 96 92 89 89 89 90 93 93 101
73 74 75 74 74 75 74 74 75 75 75 75 75 75 75 75 75 75 76 76 76 76 76 77 77 77 78 78 78 78 79 79 79 79 80 80 80 81 81 81 81 81 82 81 82 82 83 83 85 86 87 91 98 105 104 105 105 108 108 108 108 100 105 109 106 95 94 100 109 110 111 111 111 111 110 108 100 107 109 103 107 105 102 96 89 89 90 91 93 94 92 99
74 74 74 74 74 74 74 75 74 75 75 75 75 75 75 75 75 75 75 76 76 76 76 76 77 77 77 78 78 78 79 79 79 79 79 80 80 81 81 81 81 81 82 82 82 82 83 83 84 86 85 91 97 102 102 106 105 105 108 109 108 104 109 109 109 106 100 103 110 109 110 110 110 111 112 108 105 111 111 107 111 109 104 96 92 92 91 89 89 90 92 100
74 74 73 74 74 74 74 74 74 74 74 75 74 75 75 75 75 75 75 76 76 76 76 76 77 77 77 78 78 78 78 79 79 79 79 80 80 81 81 81 81 81 81 82 82 83 83 83 83 84 86 94 98 101 105 101 104 101 105 108 108 108 104 105 108 109 105 109 110 107 108 104 109 108 111 112 110 112 111 112 113 112 108 104 105 95 89 89 90 93 96 94
74 73 73 73 73 74 74 75 74 74 74 74 75 75 75 75 75 75 75 76 76 76 76 77 77 77 77 77 78 78 78 78 79 79 80 80 80 80 81 81 81 82 81 82 83 83 84 83 84 84 86 91 99 105 102 100 97 99 106 104 103 105 101 107 105 109 109 110 104 105 102 100 108 105 106 108 112 111 110 112 113 113 111 110 106 100 91 90 92 92 92 91
73 73 73 73 74 73 75 75 74 75 74 74 74 74 74 75 75 75 75 75 76 76 76 76 77 77 77 77 78 78 78 79 79 79 80 80 80 80 81 81 82 82 82 82 82 84 83 83 84 86 88 93 103 100 99 98 97 99 103 100 101 103 96 99 97 103 104 108 99 103 100 100 101 103 105 107 105 112 109 112 113 113 113 113 110 107 96 90 89 91 89 91
74 74 74 73 73 73 73 73 75 74 74 74 74 74 74 75 75 75 75 76 76 76 76 76 77 77 77 77 78 78 78 79 79 79 79 80 80 80 80 81 82 82 82 82 82 83 84 84 85 87 88 94 98 95 95 97 96 95 101 102 96 94 100 99 94 104 102 102 99 96 97 96 104 107 110 110 112 112 112 112 113 111 111 112 106 97 92 90 92 89 89 89
73 73 74 74 73 73 73 73 73 73 73 74 74 74 74 75 75 75 75 75 76 76 76 76 76 77 77 77 77 78 78 78 78 79 79 80 80 80 81 81 82 82 82 82 82 83 85 84 85 85 87 90 94 91 93 95 94 94 99 98 95 92 93 96 93 96 99 95 93 97 96 96 104 111 111 112 109 110 113 113 111 111 106 108 106 96 90 92 96 98 94 91
73 73 73 73 73 73 73 73 73 73 73 74 74 74 74 75 75 75 75 76 76 76 77 76 77 77 77 77 77 78 78 78 79 79 79 80 80 80 80 81 81 82 83 82 82 83 83 84 85 84 86 89 90 91 93 95 92 95 99 96 96 91 90 92 92 94 91 94 98 101 106 104 101 107 110 110 112 112 111 110 113 111 105 101 104 94 90 91 94 94 102 102
73 73 73 73 74 73 73 73 75 73 73 73 74 74 74 74 75 75 76 76 76 76 76 77 77 77 77 77 77 78 78 78 79 79 79 80 80 80 80 81 81 81 82 83 83 83 84 84 85 86 87 88 91 90 91 90 90 95 96 94 93 90 91 94 95 98 94 92 97 101 102 105 109 105 100 112 109 111 107 112 112 113 113 107 95 91 89 92 95 94 96 100
73 73 74 73 73 74 74 73 73 73 73 74 74 74 74 74 75 75 76 76 77 76 77 77 77 77 78 78 78 78 78 78 79 79 79 80 80 80 81 81 81 81 82 83 83 84 84 85 86 86 86 89 88 90 89 88 89 91 91 94 91 89 92 98 100 99 103 99 95 99 95 105 103 109 111 110 111 112 112 112 112 113 112 111 104 91 89 91 92 91 91 93
74 74 74 73 74 73 73 74 73 73 73 73 74 74 74 74 75 75 75 76 77 77 77 77 77 77 78 78 78 78 78 78 79 79 79 79 80 80 80 81 81 81 81 82 82 83 84 85 86 86 85 87 87 89 89 86 88 88 92 88 90 91 90 95 97 96 100 102 95 107 110 110 104 105 112 111 112 110 111 113 110 111 110 105 100 92 93 95 99 99 99 103
74 74 74 74 73 73 74 73 73 73 73 73 74 74 74 75 75 76 76 76 76 77 77 77 77 78 78 78 78 78 78 78 79 79 79 79 80 80 80 80 81 81 81 82 82 83 83 83 85 84 86 85 86 85 86 86 87 88 87 88 90 91 94 93 97 107 109 102 98 106 109 111 104 102 107 112 111 106 108 111 112 113 112 106 97 91 90 92 93 96 99 100
74 74 74 74 73 73 74 73 73 73 73 73 74 74 74 75 75 76 75 76 77 76 77 77 77 78 78 78 79 78 78 78 79 79 79 79 79 80 80 80 81 81 81 82 83 83 82 83 84 85 84 85 85 85 87 89 88 88 88 89 89 92 93 98 106 110 108 100 101 108 111 111 110 108 106 106 104 106 109 112 113 113 113 111 104 96 93 95 95 92 93 100
74 74 74 73 73 73 73 73 73 73 73 73 73 74 74 74 75 75 75 76 77 76 77 77 78 78 78 78 78 78 79 79 79 79 79 79 79 80 80 80 81 81 82 82 83 84 85 84 85 84 85 86 88 88 90 93 90 88 89 90 88 90 97 97 101 109 109 104 98 99 107 109 110 111 112 111 110 110 113 111 112 113 110 107 99 100 99 99 100 92 97 109
73 73 74 73 73 73 73 73 73 73 73 73 74 74 74 74 74 75 75 76 76 76 77 77 77 77 78 79 79 79 79 79 79 79 79 79 80 80 80 80 81 81 82 82 83 84 85 84 84 86 85 87 87 87 88 91 89 88 88 92 89 91 91 95 99 110 110 107 102 98 100 101 108 111 109 111 111 109 111 113 113 112 110 102 94 98 105 107 98 95 98 106
73 73 73 73 73 73 73 73 73 73 73 73 74 74 74 74 74 75 75 75 75 76 77 77 77 77 78 78 79 79 79 79 80 80 79 80 80 80 80 80 81 81 82 82 83 83 84 85 86 85 87 86 87 88 88 89 89 91 89 90 90 100 95 94 99 105 109 110 110 108 107 106 102 102 105 107 110 110 112 112 110 112 105 93 96 103 108 102 96 100 104 111
73 73 73 73 73 73 73 73 73 73 73 73 74 74 74 74 74 75 75 75 75 76 76 76 77 77 77 78 78 79 79 79 80 80 80 80 80 80 80 80 81 81 82 82 83 84 84 84 86 85 86 87 88 88 88 89 89 92 92 91 94 101 109 107 106 102 104 109 111 109 111 111 109 104 106 110 108 112 112 110 105 102 103 93 95 101 110 108 103 107 109 113
73 73 73 74 72 73 73 73 73 73 73 73 73 74 74 74 75 75 75 75 75 76 76 76 77 77 77 78 78 78 79 80 80 80 81 81 81 80 81 81 81 81 81 82 83 83 84 85 86 85 87 85 86 85 86 87 88 94 95 91 90 103 108 106 107 107 104 108 110 109 111 111 108 101 107 108 111 111 112 111 108 99 93 91 94 101 108 110 104 112 115 115
73 73 73 74 72 73 73 73 73 73 73 74 74 74 74 74 75 75 75 75 76 76 76 76 76 77 77 78 78 79 79 79 80 80 80 81 81 81 81 81 81 81 81 82 82 83 83 83 84 85 84 85 87 86 87 88 88 89 92 93 89 98 101 98 100 107 107 110 110 109 111 109 103 106 107 109 110 112 111 106 106 99 92 95 96 102 104 111 112 114 114 114
73 73 73 72 72 73 73 73 73 73 74 74 74 74 74 75 75 75 76 75 76 76 76 76 77 77 77 77 77 78 78 79 80 80 80 81 81 81 82 81 81 81 82 81 82 82 83 84 85 85 84 85 87 89 88 90 91 92 92 98 93 92 94 93 95 99 109 110 109 110 111 109 104 106 110 109 110 112 108 102 96 94 94 98 100 105 106 108 113 114 114 104
72 73 72 72 72 73 73 73 73 74 74 74 74 74 74 75 75 75 75 75 76 76 76 76 77 77 78 78 78 78 78 79 79 80 80 81 81 81 82 81 81 82 82 81 82 84 83 83 83 85 86 86 87 87 90 95 99 94 92 97 93 94 100 102 100 98 104 110 110 111 109 108 109 110 111 112 109 111 105 97 92 93 96 104 105 106 110 112 114 114 112 109
73 72 72 73 73 73 73 74 73 74 74 74 74 75 75 75 75 75 75 76 76 76 76 77 78 78 78 78 78 78 78 80 80 80 80 81 81 81 81 81 82 82 82 82 82 84 83 83 86 87 86 86 86 87 87 90 90 94 92 93 103 106 109 110 108 104 108 110 110 110 111 110 110 111 110 111 103 105 101 100 91 93 100 106 111 110 113 114 113 111 106 104
72 72 72 73 73 73 73 74 74 74 74 74 74 75 74 75 75 75 75 76 76 76 77 77 77 77 78 78 78 78 78 79 80 79 80 80 81 82 82 81 83 82 82 82 82 83 83 84 85 85 85 87 88 89 88 90 91 94 92 99 100 104 107 109 109 110 109 110 108 106 110 111 111 111 105 101 97 99 94 95 92 95 102 103 111 113 114 113 111 107 105 97
73 72 72 72 73 73 73 74 73 74 74 74 75 75 74 75 75 75 76 76 76 76 77 77 77 77 78 78 78 78 78 79 79 79 79 80 81 81 82 82 82 82 82 82 82 82 83 84 86 86 86 88 88 89 93 92 94 97 102 98 95 100 101 106 109 109 105 103 106 101 109 110 111 106 105 96 95 97 95 95 95 102 106 108 112 114 113 108 106 105 102 94
