data/layers/bio2.asc
NCOLS 507 
NROWS 956 
XLLCORNER -77.7833333333333 
YLLCORNER 0 
CELLSIZE 0.00833333333333335 
NODATA_value -3.4e+38 
[rows 287 to 327 of 956, columns 92 to 183 of 507]
90 89 89 89 89 90 93 92 91 92 91 91 91 92 92 92 92 92 92 92 92 92 92 93 93 93 93 93 93 93 93 93 93 94 94 94 94 94 95 94 94 95 95 95 95 96 96 96 96 96 96 96 96 96 96 97 97 97 97 97 98 98 98 98 98 98 98 98 98 99 99 99 100 99 100 102 100 101 101 104 105 103 103 104 104 105 105 105 106 110 112 111
90 89 89 89 89 90 92 92 92 91 91 91 92 92 93 92 92 92 92 92 92 92 92 92 93 93 92 92 92 92 92 93 93 93 94 93 94 94 95 95 94 94 95 94 95 95 96 96 96 96 96 96 96 97 96 97 97 97 97 97 98 98 97 97 98 98 98 98 98 99 100 99 99 101 100 101 102 101 101 102 102 102 103 103 104 105 104 106 106 110 111 111
89 89 89 89 89 90 91 91 91 91 91 91 92 92 91 91 92 92 92 92 92 92 92 92 92 92 92 93 92 93 93 93 93 93 93 94 94 94 94 94 94 94 94 94 94 95 95 96 96 96 96 96 96 96 96 97 96 97 97 97 98 98 97 97 98 98 98 98 98 98 99 99 99 100 99 99 101 101 101 102 102 102 103 103 105 105 106 108 109 109 110 111
89 89 88 89 89 89 91 92 93 92 91 91 91 90 90 91 92 92 92 92 92 92 92 92 92 92 93 93 93 93 93 92 93 93 93 93 94 94 94 94 94 94 94 94 94 95 95 95 96 96 96 96 96 96 96 96 96 96 96 97 97 97 97 97 97 98 98 98 98 98 99 98 98 99 99 100 101 103 104 102 104 104 103 105 110 106 107 109 109 109 110 110
89 89 89 89 89 89 92 93 91 91 91 90 92 90 90 90 91 92 92 92 92 92 92 92 92 92 92 92 93 92 92 92 93 93 93 93 93 93 94 94 94 94 94 94 95 95 95 95 95 95 95 95 96 96 96 96 96 96 96 97 96 97 97 97 97 97 97 98 98 98 98 98 99 100 101 102 102 105 105 103 103 103 104 106 111 109 109 109 109 110 111 110
89 89 89 88 88 89 91 92 92 91 91 91 90 90 90 90 91 92 92 92 92 92 92 92 92 92 92 92 92 93 93 92 92 93 93 93 93 93 94 93 94 93 94 94 94 94 94 95 94 95 95 95 95 96 96 96 96 96 96 97 97 97 97 97 97 97 98 98 98 98 98 98 98 99 100 101 100 102 106 105 105 105 105 110 111 110 110 108 108 111 112 112
89 88 88 88 88 89 90 91 91 90 91 92 90 90 90 90 90 92 92 91 92 92 92 92 92 92 92 92 92 92 92 92 92 93 93 93 93 93 93 93 94 93 93 94 94 94 94 95 95 95 95 95 95 96 96 96 95 96 96 96 96 96 97 97 97 97 97 97 98 98 98 99 99 98 99 99 99 99 102 104 107 106 105 109 109 108 108 107 107 109 110 111
88 88 88 88 88 90 91 90 92 91 91 91 90 90 90 90 90 92 92 92 92 92 92 92 92 92 92 92 92 92 92 92 92 92 93 93 93 93 93 93 93 94 93 94 94 94 94 94 95 95 95 95 95 95 95 96 95 96 96 96 96 96 96 97 97 97 97 97 98 98 98 98 98 99 100 100 99 99 101 103 107 105 103 107 108 107 107 107 106 107 110 109
88 88 88 88 88 88 91 91 91 91 91 91 89 90 90 90 91 92 92 92 92 92 92 92 92 92 92 92 92 92 92 92 92 92 93 93 93 93 93 93 93 93 93 93 94 94 94 95 95 95 95 95 95 95 95 95 95 95 96 96 96 96 96 97 97 97 97 97 97 97 98 98 98 98 100 102 102 99 101 101 102 102 102 110 109 108 108 106 105 107 108 108
88 88 88 88 88 90 91 90 91 90 91 90 89 90 89 90 92 92 91 92 92 92 91 91 92 92 92 92 92 92 92 92 92 92 92 93 93 93 93 93 93 93 93 94 94 94 94 95 94 95 95 95 95 95 95 95 95 95 96 96 96 97 96 96 96 97 97 97 97 98 98 97 98 98 99 102 101 101 101 100 102 102 102 108 108 108 109 107 105 104 107 109
87 87 87 88 88 88 90 91 90 90 91 89 89 89 89 90 91 91 91 92 91 92 91 92 92 91 92 92 92 92 92 92 92 92 92 92 93 93 93 93 93 93 93 94 94 94 94 94 94 95 95 95 95 95 95 95 95 96 96 96 96 97 97 97 97 97 97 97 97 97 98 98 98 98 99 99 99 102 102 104 105 104 103 106 107 106 105 105 103 105 107 105
89 88 87 87 88 88 89 90 91 90 89 89 89 89 89 90 91 91 91 91 92 91 91 91 91 91 91 92 92 92 92 92 92 92 92 92 92 92 92 93 93 93 93 93 93 94 94 94 94 95 95 95 95 95 96 96 95 95 96 96 96 97 96 96 97 97 97 97 97 97 97 98 98 98 99 99 99 100 100 104 107 106 105 105 106 108 106 104 105 107 106 104
89 88 87 87 87 88 88 91 90 91 89 89 89 89 89 89 91 91 91 91 91 91 91 91 91 92 91 91 91 91 91 92 91 91 92 92 92 92 92 93 93 93 93 93 93 94 94 94 94 94 95 95 95 95 95 95 95 95 95 96 96 96 96 96 97 97 97 97 97 97 97 97 98 98 98 99 101 101 102 106 108 108 106 104 105 109 106 102 103 106 104 103
88 88 88 88 87 88 89 89 91 90 88 89 89 89 89 91 92 91 90 90 91 91 91 92 91 91 91 91 91 91 91 91 91 91 92 92 92 92 92 92 93 92 93 93 93 93 94 94 94 94 94 95 95 95 95 95 95 95 95 96 96 96 96 96 97 97 97 97 97 97 97 97 98 98 98 98 100 102 101 102 105 107 105 103 104 106 105 104 104 106 103 103
87 87 87 87 87 87 89 89 91 89 88 88 89 89 89 90 90 90 90 90 90 90 91 91 91 91 91 91 91 91 91 91 91 91 91 92 92 92 92 93 93 93 93 93 93 93 94 94 94 94 95 95 95 95 95 95 95 95 95 95 96 96 96 96 96 96 97 97 97 97 97 98 98 98 98 99 99 100 99 101 102 107 104 102 105 106 104 103 104 106 102 105
87 87 87 87 87 87 89 88 89 88 88 88 89 88 88 90 89 90 90 90 90 90 90 91 91 91 91 91 91 91 91 91 91 92 91 91 92 92 92 92 93 93 93 93 93 93 93 94 94 94 94 95 95 95 95 95 95 95 95 95 95 96 96 95 96 96 96 97 97 97 97 97 98 98 98 98 98 98 99 102 108 106 104 103 104 104 103 102 104 106 102 101
87 87 87 87 87 87 89 88 88 87 88 88 88 88 90 90 90 90 90 90 90 90 90 91 91 91 91 91 91 91 91 91 91 91 91 91 91 92 92 92 92 92 93 93 93 93 93 93 94 94 94 95 94 94 95 95 95 95 95 95 96 96 96 96 96 96 96 97 97 97 97 97 98 98 98 99 100 101 99 100 102 107 106 103 102 102 101 103 103 103 101 102
87 88 87 87 87 87 88 88 87 88 88 88 88 88 89 89 89 90 90 89 89 90 90 90 90 90 91 91 91 91 91 91 91 91 91 91 92 92 92 92 92 92 92 93 93 93 93 93 93 94 94 94 94 94 95 94 95 95 95 95 95 96 96 96 96 96 96 96 97 97 97 97 97 97 98 98 98 99 100 102 105 109 108 104 101 101 100 101 101 101 102 103
86 87 87 87 86 87 87 88 87 87 88 88 88 88 89 89 89 89 89 89 89 89 89 89 90 90 90 90 90 91 90 91 91 91 91 91 91 91 92 92 92 92 92 93 93 93 93 93 93 94 94 94 94 94 94 94 94 95 95 95 95 95 96 96 96 96 96 96 96 97 97 97 97 97 98 98 98 99 100 102 103 107 105 103 102 101 100 99 102 104 104 104
86 87 87 86 87 87 87 87 87 87 87 87 87 88 89 89 89 88 88 88 89 89 89 90 90 90 90 90 90 91 90 91 91 91 91 91 91 91 91 91 92 92 92 92 92 93 93 93 93 93 94 94 94 94 94 94 94 94 95 95 95 95 95 96 96 96 96 97 96 96 96 96 96 97 97 98 97 100 99 99 102 105 102 100 101 100 100 101 100 102 103 103
86 86 87 86 86 86 87 87 87 87 88 87 87 88 88 89 90 89 88 88 89 89 89 90 90 90 90 90 90 90 90 91 90 90 91 91 91 91 91 91 91 92 92 92 92 93 93 93 93 93 93 93 94 94 94 94 94 94 95 95 95 95 95 96 96 96 96 96 96 97 96 96 96 97 97 97 97 98 98 98 99 101 102 100 103 99 100 102 104 105 101 102
86 86 86 86 86 86 86 87 87 88 87 87 87 88 88 88 88 89 88 88 89 89 89 90 90 90 90 90 90 90 90 90 90 90 90 90 91 91 91 91 91 91 91 92 92 92 93 93 93 93 93 93 93 93 94 94 94 94 94 95 95 95 95 95 96 96 96 97 96 96 96 96 97 96 96 97 98 98 97 97 98 99 99 99 101 101 101 102 105 107 105 102
86 85 86 86 86 86 86 86 86 88 87 87 88 88 88 88 88 88 88 88 88 89 89 90 90 89 90 90 90 90 90 90 90 90 90 91 91 91 91 91 91 92 91 91 92 92 92 92 93 93 93 93 93 93 94 93 94 94 94 95 95 95 95 95 96 96 96 96 97 96 97 97 97 96 97 97 98 99 102 102 98 99 98 100 100 99 100 100 107 106 104 103
86 85 85 86 86 86 86 86 87 87 87 86 87 87 88 88 87 88 88 88 88 88 89 90 90 89 90 90 90 90 90 90 90 90 90 90 91 91 91 91 92 91 92 92 91 92 92 92 93 92 93 93 93 93 93 93 93 94 94 94 94 95 95 95 95 95 96 96 96 96 96 97 96 97 97 98 98 100 105 105 105 101 99 100 101 99 100 101 104 104 104 104
86 86 86 86 86 86 86 86 86 86 87 87 87 87 87 87 87 87 87 88 88 89 89 89 90 90 90 90 90 90 90 90 90 90 91 90 91 91 91 91 91 91 91 92 92 92 92 92 92 92 92 93 93 93 93 93 93 94 94 94 94 94 95 95 95 96 96 96 96 96 96 96 97 97 97 98 98 100 104 108 106 102 100 101 99 100 102 103 102 102 104 105
86 86 86 86 86 86 86 86 86 86 86 87 87 87 87 87 87 87 87 87 88 88 88 88 90 89 90 89 90 90 89 90 90 89 90 91 91 91 91 91 91 91 91 91 92 92 92 92 92 92 93 93 93 93 93 93 94 94 94 94 94 94 94 95 95 95 96 96 96 96 96 96 97 98 97 97 97 99 101 108 107 104 101 102 99 100 102 103 104 103 105 108
86 86 86 86 86 85 86 85 85 86 86 87 87 87 87 87 87 87 87 87 88 88 89 88 89 89 89 89 89 90 89 89 89 89 90 90 90 90 91 91 91 91 91 91 91 92 92 92 92 92 92 92 92 92 93 93 93 93 93 94 94 94 95 95 95 95 95 96 96 96 96 96 97 97 97 97 97 98 101 106 109 105 104 101 100 99 103 104 102 102 103 103
86 86 86 85 86 86 86 85 85 85 86 86 87 87 86 86 87 87 87 87 88 88 89 89 89 89 89 89 90 89 89 89 89 89 90 90 90 91 91 91 91 91 91 91 91 92 92 92 92 92 93 93 92 92 93 93 93 93 93 94 94 94 95 95 95 95 95 96 96 96 97 97 97 97 96 97 96 97 100 106 111 110 106 102 100 102 103 101 101 101 102 103
86 86 86 85 85 86 85 85 85 85 86 86 87 87 86 86 87 87 87 87 87 87 88 89 89 89 89 89 89 89 89 89 89 89 89 89 90 90 90 91 91 91 91 91 91 92 92 92 92 92 92 92 92 92 93 93 93 93 93 94 94 94 94 95 95 95 95 95 96 96 96 96 97 97 96 96 96 96 99 108 109 110 106 102 100 102 104 99 101 101 103 100
85 85 85 85 85 85 85 85 85 85 86 86 86 86 86 86 86 86 87 86 87 88 88 89 89 88 89 89 89 89 89 89 89 89 89 89 90 90 90 91 91 91 91 91 91 91 91 92 92 92 92 92 92 92 93 93 93 94 94 93 94 94 94 95 94 95 95 95 95 95 96 96 96 97 96 96 96 96 98 104 106 107 107 103 102 99 98 100 99 104 102 100
85 85 85 85 85 85 85 85 85 85 85 85 85 86 86 86 86 86 86 87 87 88 89 89 89 88 89 89 89 89 89 89 89 89 89 89 89 90 90 90 91 91 91 91 91 91 91 92 92 92 92 92 92 92 93 92 93 93 93 94 94 94 94 94 94 94 94 95 95 96 96 95 96 95 95 95 96 96 99 101 103 102 105 101 102 99 101 100 100 99 100 101
84 85 85 85 85 84 85 85 85 85 85 85 85 85 86 86 86 86 86 87 87 87 89 88 88 89 89 89 88 89 88 88 89 89 89 89 90 89 90 90 90 91 91 91 91 91 91 92 92 92 92 92 92 92 92 92 92 93 93 93 94 94 94 94 93 93 94 94 94 95 94 95 95 95 96 96 96 99 99 100 100 100 102 99 98 99 105 101 102 103 103 102
84 84 84 85 84 85 85 85 85 85 85 85 85 85 85 86 86 86 86 87 87 88 88 89 89 88 89 88 88 88 88 89 89 89 89 89 89 89 89 90 90 90 90 91 91 91 91 91 92 92 92 92 92 92 92 92 92 93 93 93 93 94 94 93 93 93 93 94 94 94 94 94 95 95 95 96 96 99 101 102 99 97 98 99 99 99 102 104 106 107 104 102
84 84 84 84 85 85 84 84 85 85 84 85 85 85 85 86 85 86 86 86 87 87 88 88 88 88 88 88 88 88 88 88 89 89 89 89 89 89 90 89 90 90 90 91 91 91 91 91 91 92 92 92 92 92 92 92 93 93 93 94 93 94 93 93 94 94 94 95 95 94 95 95 95 95 95 95 96 95 97 96 97 97 98 100 102 101 101 103 104 109 109 111
84 84 84 84 85 85 85 84 84 84 84 85 84 85 85 85 85 86 86 86 86 88 88 88 89 88 88 88 88 88 88 88 88 89 89 89 89 89 89 90 90 90 90 90 91 91 91 91 91 91 92 92 92 92 92 92 93 93 93 93 93 93 93 93 94 95 95 94 95 94 95 95 95 95 95 95 96 96 96 96 97 97 98 98 105 101 102 103 105 107 110 107
84 84 85 84 85 84 84 84 84 84 84 85 84 85 85 85 85 86 86 86 86 88 88 88 88 88 88 88 88 88 88 88 88 88 88 88 89 89 89 89 89 90 90 90 90 91 90 91 91 91 91 91 92 92 92 92 91 92 92 92 92 92 93 94 94 94 93 93 94 94 95 94 95 96 96 96 98 96 96 97 99 100 100 98 100 100 102 103 104 105 106 107
84 84 84 84 84 84 84 84 84 84 84 84 85 85 85 85 85 86 86 86 86 88 88 88 88 88 88 88 88 88 88 88 88 88 88 88 89 89 89 89 89 90 90 90 90 90 91 91 91 91 91 91 91 91 91 91 91 91 92 92 92 92 93 93 93 93 94 94 94 93 94 94 94 96 96 95 96 96 97 97 100 102 103 102 102 102 105 105 104 106 107 108
84 85 85 84 84 84 84 84 84 84 84 84 85 85 85 85 85 85 85 87 87 87 88 88 87 88 88 87 87 87 87 88 88 88 88 88 88 89 89 89 89 90 90 90 90 90 91 91 91 91 91 91 91 91 91 91 91 92 92 92 92 92 93 92 92 93 93 93 93 93 93 94 94 98 97 97 100 100 100 101 101 105 106 104 104 100 101 107 105 105 107 108
83 85 84 84 83 83 84 84 83 83 84 84 84 84 84 84 85 85 86 87 87 87 87 87 87 87 87 87 87 88 88 88 88 88 88 88 88 88 89 89 89 89 90 90 90 90 90 90 91 91 90 90 90 91 91 91 92 91 91 92 92 92 92 92 92 94 94 93 93 94 94 95 96 96 97 97 103 107 108 108 106 106 109 109 107 105 103 102 104 107 109 110
83 84 83 84 83 83 83 84 83 83 84 84 84 84 84 84 84 85 85 87 87 87 87 87 87 87 87 87 87 87 88 88 88 88 88 88 88 88 89 89 89 89 89 90 90 90 90 90 91 91 91 90 91 91 91 92 91 91 92 92 92 92 93 92 93 93 93 93 95 93 94 98 98 99 101 99 101 104 107 110 109 110 111 110 108 110 110 103 104 105 112 112
83 84 83 84 83 83 83 83 83 83 83 84 84 84 84 84 84 85 85 87 87 87 87 87 87 87 87 87 87 87 87 87 87 88 88 88 88 88 88 88 88 89 89 89 90 90 90 90 90 90 90 90 91 91 91 91 91 92 91 92 92 92 92 93 93 93 93 94 95 96 94 101 101 102 104 104 102 104 107 110 112 111 112 112 111 112 106 102 109 107 113 113
