data/layers/bio2.asc
NCOLS 507 
NROWS 956 
XLLCORNER -77.7833333333333 
YLLCORNER 0 
CELLSIZE 0.00833333333333335 
NODATA_value -3.4e+38 
[rows 492 to 532 of 956, columns 184 to 275 of 507]
102 101 101 102 104 102 103 101 98 98 98 98 97 94 94 93 94 94 93 93 93 92 93 93 92 93 92 95 94 92 93 91 92 92 92 92 92 92 92 92 87 86 86 87 87 85 84 86 85 86 86 86 92 90 91 88 87 88 87 87 89 90 91 91 91 91 91 91 91 91 93 91 91 91 91 91 90 90 90 91 91 90 90 91 91 93 92 93 100 104 103 100
105 102 101 101 101 100 101 101 99 97 98 97 95 93 93 93 93 93 93 93 93 92 91 92 93 92 92 95 94 92 92 91 92 92 92 90 92 92 92 91 88 85 84 86 88 86 85 85 85 87 88 91 89 88 91 90 88 87 87 88 89 91 91 91 91 91 91 91 92 92 93 92 92 92 92 92 91 90 91 92 90 90 90 91 93 94 94 96 102 104 102 97
104 103 102 101 100 99 99 99 99 97 97 95 93 93 93 93 93 91 93 93 93 93 91 91 92 92 92 95 93 92 93 90 92 91 91 88 92 92 92 88 85 88 84 85 86 86 85 85 85 89 90 89 87 89 88 89 88 88 88 90 90 91 91 91 92 92 92 91 91 92 93 93 95 95 98 94 90 90 91 91 93 91 90 90 91 92 100 100 103 105 102 100
106 105 103 101 99 98 98 99 98 96 97 96 93 93 93 92 92 91 92 93 93 91 90 90 91 93 93 95 92 92 91 89 91 89 89 88 92 92 91 87 85 86 85 84 85 86 85 87 89 90 88 87 86 86 90 88 88 88 88 91 91 91 91 91 91 92 92 92 92 92 92 91 91 91 94 98 94 91 93 94 96 91 90 90 92 95 98 102 105 105 102 101
106 106 103 101 99 97 96 95 97 96 95 94 93 93 92 90 89 90 92 92 91 88 89 92 93 93 93 95 93 92 91 91 92 91 89 88 92 91 88 86 84 84 86 84 85 85 87 88 90 87 85 86 85 87 89 87 87 90 91 91 91 91 91 91 91 92 92 92 92 92 91 91 91 91 93 94 95 98 98 96 97 92 92 90 91 95 99 104 105 105 103 97
108 106 104 102 99 98 95 96 97 94 93 93 93 93 92 91 89 87 90 90 88 87 90 92 93 93 94 94 93 92 92 93 93 92 90 89 90 89 87 84 86 85 85 85 84 88 88 87 90 87 85 85 87 87 89 87 89 91 91 91 91 91 91 91 91 91 92 92 91 91 91 91 91 91 92 91 91 92 104 101 100 94 91 91 94 100 102 104 106 105 103 99
107 105 102 100 99 99 97 94 94 93 93 95 95 94 93 92 89 88 88 88 87 87 90 91 93 93 93 93 93 94 93 92 92 91 90 87 85 85 88 84 85 85 85 85 87 88 85 88 88 86 86 85 86 86 87 86 88 88 89 90 91 91 91 91 91 91 91 91 91 91 91 90 90 90 91 91 90 91 93 102 100 98 92 90 96 100 105 105 106 105 104 96
104 104 102 100 101 99 96 94 93 94 94 98 95 93 93 92 92 92 89 87 86 87 90 92 93 93 93 93 92 92 93 93 92 92 90 88 85 84 86 87 84 85 84 87 87 85 89 88 88 87 86 85 85 86 88 86 86 87 87 91 91 91 91 91 91 91 91 91 91 91 91 90 90 90 91 91 91 90 92 100 103 102 95 93 98 105 105 106 107 106 104 101
104 104 102 103 101 99 99 96 94 95 98 98 96 93 93 93 93 93 91 87 86 88 90 92 93 93 92 92 93 91 93 93 92 91 92 90 87 85 85 85 85 85 85 86 85 89 88 87 87 86 86 85 85 86 85 86 87 88 89 88 88 90 88 89 90 91 91 91 91 91 91 90 90 91 90 91 92 91 92 94 96 104 98 96 101 105 106 106 107 105 105 103
108 106 105 104 102 101 97 96 97 95 99 97 97 94 94 94 93 93 90 87 87 89 91 93 93 93 93 92 91 91 91 93 93 91 86 86 88 88 86 85 86 85 85 86 87 89 87 86 87 87 85 85 85 85 84 86 86 87 87 87 90 89 88 87 89 91 91 91 91 91 91 90 90 90 90 91 93 93 95 96 93 102 103 99 105 105 106 106 107 106 105 103
110 109 108 105 103 101 98 97 97 98 100 99 98 97 96 96 93 93 90 87 86 88 92 93 93 93 92 90 89 87 90 93 93 91 87 86 85 89 87 86 85 85 84 86 89 87 87 86 86 86 85 85 86 85 85 88 85 86 87 87 88 88 87 89 90 91 91 91 91 91 91 91 91 91 91 91 91 91 93 95 96 93 105 104 103 103 104 105 105 107 106 101
110 109 108 107 103 101 99 100 98 100 100 100 98 98 94 94 94 93 92 87 87 90 92 93 93 92 92 91 88 87 89 91 91 89 86 84 85 89 85 86 84 86 88 87 87 86 85 85 86 86 86 87 87 86 87 87 87 86 87 87 87 87 88 89 91 91 91 91 91 91 91 91 90 91 91 91 91 92 93 95 99 97 101 105 101 101 101 105 106 107 105 104
110 109 108 105 106 102 102 101 99 101 100 98 95 94 93 94 94 91 88 87 88 90 92 92 91 92 91 90 87 86 88 91 90 86 86 86 84 87 87 85 84 86 88 86 86 86 85 86 86 85 87 87 87 89 87 87 89 87 88 88 88 89 89 91 91 91 91 91 91 91 91 91 91 91 91 92 91 92 93 98 100 101 105 106 104 103 103 105 107 107 106 108
110 110 109 105 104 104 105 102 100 102 100 98 96 94 92 92 93 90 87 88 90 91 93 93 90 90 89 87 86 86 87 87 90 88 85 85 84 86 87 85 86 86 87 86 85 85 86 87 87 87 86 86 87 90 87 87 90 88 89 88 89 90 90 91 91 91 92 92 91 91 91 92 91 91 91 93 92 96 95 98 102 103 105 106 105 104 105 106 107 104 106 104
110 110 108 106 103 102 103 102 103 101 100 97 96 94 92 92 88 88 88 91 93 93 93 92 90 88 88 87 88 89 90 87 88 89 89 86 84 86 87 85 85 86 86 85 86 86 86 88 88 87 86 86 86 89 90 88 89 89 87 88 88 89 90 91 91 91 91 91 92 92 91 92 92 91 93 95 98 100 98 101 103 104 105 107 106 106 105 106 103 103 105 105
110 109 107 105 102 102 102 103 101 100 97 95 94 94 93 90 87 88 90 93 94 93 93 92 90 90 90 88 91 92 91 86 87 86 86 88 86 85 86 86 85 86 86 87 87 87 86 88 89 87 86 86 86 87 87 90 91 88 89 88 89 89 88 91 91 91 91 92 92 93 93 93 94 93 95 98 99 98 101 103 104 105 105 106 107 105 104 104 104 105 105 105
110 110 108 106 103 101 102 101 100 100 99 96 95 94 93 89 87 88 91 93 94 93 93 92 93 92 90 89 92 93 88 87 85 86 84 87 86 86 86 87 86 87 86 88 89 87 86 87 88 87 86 86 87 86 87 89 91 91 91 92 91 91 90 91 91 91 91 92 92 92 93 95 95 96 96 95 96 102 103 104 104 103 103 103 103 107 104 104 104 104 105 105
110 110 109 107 104 102 102 101 101 99 96 95 94 94 93 88 85 87 92 94 94 96 93 93 93 92 90 90 93 93 91 89 86 85 84 87 85 87 88 88 86 87 88 89 89 86 87 88 89 86 86 85 87 89 90 88 90 88 90 91 91 91 91 91 91 91 91 92 91 92 93 94 94 93 92 92 92 94 100 103 102 102 102 101 103 105 107 104 105 105 105 105
110 110 110 108 106 104 102 102 100 98 95 94 93 93 89 87 88 90 93 94 96 96 94 94 91 92 93 93 94 93 92 89 87 86 85 84 85 85 88 90 87 87 90 91 87 87 88 88 90 87 87 85 84 84 85 87 89 87 89 91 90 92 92 91 91 91 91 92 92 92 93 93 93 91 91 91 92 94 99 102 104 104 102 104 104 105 106 106 106 105 105 106
110 110 110 109 106 103 102 102 101 99 99 95 94 92 88 87 88 91 94 96 98 95 94 93 93 94 94 95 93 93 91 87 85 84 86 86 87 88 88 89 89 87 92 87 88 89 90 90 90 88 87 86 86 84 85 87 89 85 89 88 91 91 92 92 91 92 92 92 93 93 93 92 92 91 91 91 93 97 100 102 103 104 104 105 105 105 105 107 106 105 105 106
110 110 110 109 105 104 102 103 102 102 99 98 94 91 87 87 87 91 94 95 98 98 94 94 94 95 97 94 93 93 93 91 88 86 84 85 85 86 87 87 91 91 92 90 91 91 91 92 91 90 89 87 86 85 86 87 88 85 87 87 90 91 92 92 92 92 92 93 93 93 92 92 92 91 91 91 93 100 101 103 104 104 104 105 106 106 105 105 107 106 105 108
110 110 110 109 107 104 103 103 102 101 97 96 93 89 86 85 90 92 94 94 98 99 94 96 95 97 96 94 93 92 92 90 89 87 85 84 86 87 85 87 88 89 89 92 93 92 92 92 90 89 88 86 85 87 85 85 88 85 86 85 88 90 92 92 92 92 92 93 92 92 92 92 92 92 92 91 92 97 103 103 103 104 105 106 106 106 107 106 106 108 107 107
110 110 110 109 107 105 104 104 103 101 98 94 92 88 86 89 93 94 96 96 98 99 95 96 98 98 94 93 92 91 88 86 86 88 86 85 84 86 86 86 87 88 88 91 92 92 92 93 91 88 88 88 86 88 85 87 86 86 84 85 87 90 92 92 93 92 93 93 92 92 92 92 92 92 92 92 93 97 102 104 105 106 106 105 105 107 107 108 108 106 105 107
110 110 110 109 108 106 106 105 103 101 98 94 91 89 88 91 94 95 98 96 100 98 98 99 99 97 96 94 93 92 91 88 85 86 86 84 85 85 84 85 86 86 86 90 91 91 92 93 91 88 89 88 87 88 88 86 86 89 86 85 87 91 91 92 92 93 93 93 92 91 92 92 93 94 96 95 96 99 103 105 105 105 105 102 104 106 106 107 107 105 106 108
110 110 109 109 109 107 107 105 103 101 96 96 94 92 92 93 94 98 100 99 100 98 100 100 98 94 94 94 93 91 90 87 84 85 86 84 86 86 86 86 88 84 85 89 90 88 92 93 92 89 90 89 87 89 89 86 86 90 89 84 85 88 91 92 92 92 92 92 92 92 92 92 93 94 97 99 99 101 104 105 105 105 104 101 102 103 106 106 106 106 108 108
110 110 109 109 108 108 107 105 103 101 99 100 97 93 93 95 96 100 100 101 100 101 100 99 95 94 93 92 92 90 88 88 85 85 86 87 89 90 89 88 88 87 85 88 88 89 92 93 93 91 89 91 88 91 89 87 89 89 90 87 86 88 91 91 92 92 92 92 92 91 92 92 92 92 95 96 98 102 103 104 104 104 103 101 102 102 104 104 105 107 105 109
110 110 110 109 109 108 107 105 104 103 102 102 96 93 94 98 100 101 101 101 101 101 101 100 98 97 94 92 87 87 86 85 86 87 86 88 88 88 91 89 87 89 88 88 89 91 93 93 95 92 90 92 92 92 89 89 91 90 90 89 87 88 90 90 91 92 92 91 91 91 92 92 92 92 93 93 96 101 103 104 105 104 101 100 103 105 106 105 105 107 108 109
110 110 110 109 109 108 108 106 104 103 102 99 97 96 96 101 102 102 102 102 102 101 99 98 95 95 94 93 88 88 84 85 86 87 88 89 87 90 91 89 89 90 90 89 87 88 91 93 95 94 92 92 94 92 91 90 92 92 92 91 90 91 91 91 91 92 92 92 91 91 91 92 91 92 92 93 96 98 104 105 104 105 101 104 104 106 107 106 106 107 107 108
110 110 110 109 109 109 108 106 105 103 101 101 101 100 101 102 102 103 102 102 102 101 98 98 94 94 92 90 89 89 87 86 88 88 89 90 91 92 92 92 92 92 93 91 91 90 92 92 96 95 92 92 94 93 92 91 93 93 93 92 93 92 92 91 92 92 92 92 91 91 92 92 92 92 92 94 97 100 103 105 105 105 104 105 107 104 106 107 107 107 108 108
110 109 109 109 109 109 109 108 106 104 103 104 103 103 103 104 103 103 103 103 102 102 101 100 97 94 92 89 87 88 88 86 85 88 90 89 89 88 90 92 91 93 93 94 93 93 93 94 95 95 93 93 95 95 93 92 94 94 94 92 94 94 93 92 92 93 93 93 92 91 92 92 93 92 92 93 97 100 104 104 105 105 106 105 102 99 102 106 107 107 108 108
110 110 109 109 109 109 109 108 107 105 106 105 105 104 103 104 103 103 102 103 102 100 97 97 96 95 94 92 88 86 85 85 89 90 88 86 88 88 88 89 89 90 93 95 95 95 95 96 96 96 95 94 96 95 93 93 95 95 93 92 93 94 94 93 91 92 93 93 93 92 92 93 93 93 92 94 98 102 103 104 105 105 105 102 97 100 103 105 105 107 108 108
110 110 109 109 109 109 108 106 105 106 104 104 102 103 104 103 102 102 101 103 102 98 95 95 94 94 94 93 89 88 86 87 88 88 87 88 90 90 92 92 92 94 94 92 94 96 96 97 96 97 97 96 96 95 93 93 95 95 94 94 93 94 94 94 92 92 93 93 93 93 92 93 93 94 93 94 96 100 103 104 105 104 105 104 97 98 99 105 105 104 108 104
110 110 109 109 109 109 108 105 105 105 104 102 101 102 104 103 102 100 99 103 102 101 100 96 93 91 90 90 90 89 87 87 86 86 88 89 88 92 92 89 93 93 88 85 91 96 96 97 94 95 96 96 97 96 95 95 96 96 96 95 95 95 95 94 93 92 93 93 93 93 93 93 94 96 97 94 96 99 103 104 105 104 104 101 97 97 98 101 105 107 106 100
110 110 109 109 109 109 108 106 105 104 103 100 102 103 104 103 101 98 101 102 100 102 101 97 95 93 88 87 88 86 86 86 87 88 87 87 90 91 90 87 88 85 83 85 90 94 95 93 92 93 94 96 96 97 96 96 96 96 96 96 95 96 95 94 93 93 93 93 93 93 93 93 93 96 97 96 97 100 103 104 104 103 103 100 96 98 101 104 105 107 101 97
110 109 109 109 109 109 108 106 105 104 103 101 102 104 104 102 101 98 101 100 97 99 99 98 95 93 89 85 86 88 84 84 86 85 88 88 88 89 91 85 83 81 81 86 90 95 93 91 90 92 95 96 97 97 97 97 98 97 98 97 97 96 95 95 93 93 93 94 94 93 93 93 95 97 100 99 100 102 105 105 103 102 102 96 95 95 100 101 107 106 96 98
110 109 109 109 109 108 108 106 105 105 104 100 103 104 103 101 98 97 99 97 96 95 96 96 95 92 89 86 84 87 87 85 86 87 87 87 86 88 89 88 82 83 84 86 90 93 92 89 91 93 96 97 97 95 96 96 96 96 95 96 98 97 95 95 93 93 93 94 93 94 94 95 94 95 96 98 102 103 104 106 103 100 97 97 98 100 100 97 106 99 95 97
110 110 109 109 108 108 108 106 105 105 104 101 102 104 104 103 99 96 97 95 94 93 94 95 93 92 91 88 84 84 86 84 84 85 86 85 87 87 88 87 83 88 89 91 91 91 90 89 92 94 94 97 93 94 96 94 95 96 96 96 97 97 95 95 95 94 95 94 94 94 94 94 96 95 93 97 102 102 103 106 103 98 95 97 98 98 99 102 104 102 97 98
110 109 109 109 108 107 107 106 106 105 104 102 103 104 103 102 100 98 95 94 94 92 90 90 89 92 86 89 89 85 85 84 84 85 87 86 85 85 88 88 85 86 87 88 90 88 87 88 92 94 96 96 93 93 95 94 95 96 96 96 96 99 96 96 94 95 96 95 94 94 94 95 96 96 94 96 100 100 103 106 105 101 96 97 100 100 102 102 104 99 94 95
110 109 109 109 108 108 107 106 106 105 105 102 103 103 102 99 98 98 94 94 93 92 89 87 87 89 85 86 89 88 84 85 85 86 88 87 85 86 86 87 88 84 88 87 88 88 88 90 93 94 95 94 92 92 94 93 95 96 96 96 97 98 99 96 95 95 96 95 95 97 97 95 97 96 97 99 99 100 103 106 107 101 96 99 103 104 104 106 107 98 96 97
110 110 109 108 108 108 106 106 106 105 104 102 103 101 99 100 97 96 93 89 89 91 89 87 86 86 89 86 87 88 86 86 87 90 89 88 88 86 84 84 90 85 85 85 86 87 88 88 89 91 92 92 91 90 91 93 94 96 95 96 96 97 99 98 98 97 97 95 96 99 102 99 100 101 100 97 97 97 102 107 106 102 97 99 105 106 106 108 106 96 96 95
110 110 109 109 108 108 107 106 106 106 105 103 104 104 102 103 100 95 93 90 88 88 88 86 85 86 90 90 85 85 87 89 90 90 90 87 86 84 84 82 89 87 87 89 88 88 86 88 89 90 90 90 90 89 89 92 94 95 96 96 96 97 98 100 101 99 96 95 95 98 103 103 102 102 101 96 95 95 101 106 108 104 99 101 105 108 108 108 105 96 97 95
