data/layers/bio2.asc
NCOLS 507 
NROWS 956 
XLLCORNER -77.7833333333333 
YLLCORNER 0 
CELLSIZE 0.00833333333333335 
NODATA_value -3.4e+38 
[rows 574 to 614 of 956, columns 184 to 275 of 507]
110 109 108 109 111 110 112 112 112 112 113 113 103 100 93 88 87 86 84 86 88 88 86 88 88 92 91 87 91 94 96 98 94 97 99 101 102 98 96 97 100 100 99 99 102 103 103 101 98 97 96 98 101 102 102 99 96 97 92 93 97 99 99 99 99 98 98 98 97 97 98 99 101 103 96 96 96 95 95 94 94 94 94 93 93 93 93 93 93 92 91 91
109 109 108 110 111 110 113 114 114 113 113 113 113 107 101 92 93 91 87 86 86 88 89 91 91 93 91 92 94 90 89 89 88 90 92 98 99 94 93 96 98 99 95 97 101 102 101 99 95 94 96 98 102 101 102 97 95 94 92 95 97 99 99 99 99 99 98 98 97 97 97 101 103 99 96 96 95 95 95 94 94 94 94 93 93 93 93 93 93 92 92 93
109 109 109 110 113 111 111 113 114 114 113 113 111 112 107 101 98 91 85 85 84 86 88 87 88 86 87 87 90 88 87 85 88 89 94 98 96 91 92 93 94 97 97 99 101 101 97 98 93 95 98 100 100 101 99 97 94 96 95 95 95 96 97 99 99 99 98 98 98 98 97 99 102 98 96 96 95 95 95 94 94 94 93 93 93 93 93 93 95 93 92 94
109 109 110 112 114 112 114 113 114 113 112 110 102 110 106 103 94 89 85 83 84 85 86 85 85 87 84 86 88 85 86 86 91 90 91 95 94 88 90 91 92 94 96 101 100 100 96 96 92 94 99 98 100 100 97 94 94 96 97 98 96 97 99 99 99 99 99 98 98 97 97 101 100 97 96 96 95 95 95 95 94 94 94 93 94 93 93 93 96 95 93 93
111 110 111 113 114 113 114 114 114 113 108 102 97 103 99 97 94 93 89 85 84 84 85 87 83 84 83 87 86 84 85 88 89 87 88 92 89 87 90 89 90 93 94 96 95 98 94 90 90 94 96 98 100 97 95 92 95 96 97 99 99 100 100 100 99 99 99 98 98 98 97 99 99 96 96 96 95 95 95 95 94 94 94 94 95 96 96 95 98 97 95 96
112 110 112 114 115 114 115 114 114 114 112 109 96 102 91 91 88 89 88 84 84 82 84 86 86 86 82 84 84 84 84 85 86 87 90 91 88 87 87 88 89 90 93 92 92 95 92 90 93 95 98 98 98 93 90 93 94 97 99 99 100 100 99 99 99 99 99 98 98 97 97 101 98 96 96 96 96 95 95 95 94 94 94 94 94 94 95 97 95 98 101 99
114 111 112 112 113 114 115 114 112 111 109 109 104 95 92 87 86 85 85 86 83 84 81 84 84 83 83 86 84 83 84 88 87 89 88 87 90 88 86 87 88 89 90 88 90 92 91 94 95 97 95 96 96 92 89 93 91 95 97 99 100 99 98 99 99 99 99 99 98 97 98 99 97 97 96 96 96 95 95 95 95 94 94 95 93 94 96 96 93 96 99 100
112 112 111 111 112 114 115 115 112 103 100 104 101 93 89 85 84 85 83 84 83 83 83 85 84 84 86 84 81 83 84 86 84 89 87 85 88 86 87 89 87 88 88 87 88 90 90 93 95 94 92 93 94 91 89 91 93 97 99 99 100 99 98 99 99 99 99 98 97 98 98 98 97 96 96 96 96 95 95 95 95 94 95 94 94 95 94 96 94 95 100 101
113 114 112 112 114 114 114 115 115 111 101 96 100 93 90 86 83 83 82 83 83 84 85 86 84 86 86 83 84 85 83 84 83 83 85 86 88 87 87 89 88 89 90 88 88 89 92 93 92 91 96 97 95 91 93 94 96 99 99 98 98 98 97 99 98 99 99 98 98 98 98 97 97 97 96 96 96 95 95 95 95 94 94 94 94 93 93 94 95 95 98 101
116 115 114 113 114 115 115 115 113 111 102 93 91 93 87 87 84 83 85 86 86 86 84 87 87 86 84 83 88 84 85 84 86 86 85 85 86 86 87 89 91 91 92 92 92 91 91 92 90 90 94 98 97 95 92 93 95 96 95 96 98 96 98 99 99 99 99 98 98 98 97 97 97 96 96 96 96 95 95 95 95 94 94 94 93 93 93 93 95 95 99 102
116 116 115 114 115 115 115 114 108 102 100 93 89 87 84 83 84 81 83 84 85 88 88 88 91 90 89 88 86 85 88 84 86 88 86 86 89 89 87 91 95 94 100 96 93 92 94 92 91 93 98 101 100 95 91 94 92 97 95 97 97 98 100 100 100 99 99 98 98 98 97 97 97 97 97 96 96 96 95 95 94 94 94 94 93 93 94 94 94 94 98 101
116 116 115 114 116 116 116 115 111 105 96 90 87 86 83 83 84 83 84 84 83 85 86 86 85 87 92 89 87 89 86 87 89 87 86 87 89 94 91 95 99 100 100 97 93 94 97 94 91 94 99 102 98 93 89 94 96 101 101 100 98 100 101 100 99 99 98 98 98 98 97 97 97 97 97 96 96 95 95 95 95 95 94 94 93 94 93 93 93 94 98 101
116 116 116 115 116 114 114 109 105 98 96 89 84 83 85 84 83 82 84 84 83 84 84 86 85 88 87 90 91 89 87 92 88 86 87 89 92 98 99 99 100 101 104 100 95 98 101 97 96 99 101 103 98 92 91 94 99 102 102 100 97 101 100 100 99 99 98 98 98 98 97 97 97 97 97 96 96 96 95 95 94 94 94 94 94 94 93 93 93 96 98 101
116 116 116 116 116 115 106 101 100 95 88 88 86 84 82 83 82 83 85 83 84 84 84 84 88 87 85 87 88 93 92 94 94 95 93 95 101 97 94 94 95 96 100 105 102 100 103 99 97 103 103 104 98 95 98 99 102 102 102 99 99 99 100 99 99 99 98 98 98 98 98 98 97 97 97 96 96 95 94 95 95 94 94 94 94 94 93 93 94 96 95 97
116 115 116 116 116 111 106 103 96 93 93 90 87 84 83 82 84 84 86 84 85 83 85 86 86 86 86 87 89 88 89 91 89 91 94 93 93 92 91 91 94 93 100 103 104 105 106 105 104 105 105 104 100 102 103 102 103 102 102 102 101 101 100 99 99 99 99 98 98 98 96 97 97 97 96 96 95 94 93 94 94 94 94 94 94 93 93 93 94 94 95 95
115 115 115 116 116 116 114 107 101 99 93 90 88 85 83 84 85 86 87 86 85 84 85 85 84 85 85 85 88 86 87 87 86 89 89 87 86 90 88 88 88 91 96 101 100 97 101 106 105 105 105 104 102 104 103 103 103 102 102 101 101 100 100 99 99 99 99 98 98 98 97 96 97 97 96 95 95 93 93 93 94 95 94 94 94 93 93 93 93 93 94 93
115 114 115 115 116 116 111 102 103 99 92 89 87 86 83 84 87 84 82 83 83 83 83 83 83 84 85 87 87 85 87 85 86 88 87 86 88 88 88 88 87 90 96 100 94 93 101 103 104 105 105 104 104 104 102 102 102 101 101 100 101 100 100 100 100 100 99 98 99 98 97 96 97 97 96 95 93 91 93 94 95 95 94 94 93 93 93 93 93 93 93 93
113 114 116 117 117 110 109 97 95 95 93 90 93 87 85 89 87 85 84 84 82 83 83 83 82 83 85 87 87 83 87 86 86 85 87 87 87 87 86 87 87 88 92 91 90 95 96 98 103 105 105 104 103 104 103 103 103 102 102 102 101 100 100 100 100 100 100 99 99 98 97 97 97 96 95 94 91 91 92 94 95 95 94 94 93 92 92 93 92 92 93 92
114 114 117 117 115 107 100 98 106 100 95 99 94 88 90 88 86 83 83 83 82 85 83 85 83 84 85 87 83 83 86 85 86 85 86 85 84 86 85 86 88 89 88 87 90 93 97 101 106 105 105 105 104 103 101 103 103 100 101 102 100 101 101 101 100 97 99 99 99 96 96 97 97 96 94 93 92 93 94 95 95 95 94 94 93 92 93 93 93 93 93 92
113 114 116 115 116 116 106 110 116 104 105 103 97 92 92 89 87 85 84 82 83 86 85 85 84 83 87 87 85 83 84 84 85 85 85 86 86 88 86 87 88 90 88 92 92 99 100 105 106 104 105 105 104 103 99 102 101 101 102 101 101 101 100 100 99 98 95 99 99 95 96 97 96 95 94 92 92 93 94 94 95 94 94 93 92 92 93 93 93 93 93 93
114 116 117 116 116 117 116 116 117 112 113 108 105 98 97 92 92 87 84 83 85 86 84 83 83 82 84 84 81 83 85 86 87 89 88 91 92 90 89 90 93 93 91 94 101 106 103 105 104 105 105 101 104 102 96 97 102 102 102 102 102 99 98 99 98 96 95 97 98 94 95 97 96 95 93 92 95 95 92 93 94 93 94 93 93 93 93 93 93 94 93 95
115 117 116 116 116 116 116 110 116 110 103 98 99 101 96 88 85 83 83 83 86 84 83 84 84 84 83 82 82 84 87 89 88 87 87 86 89 89 92 91 93 95 98 97 102 100 101 101 105 105 105 98 96 102 97 98 102 103 102 102 102 99 97 99 98 95 94 93 94 94 96 97 96 95 93 94 96 96 94 94 94 94 95 94 94 94 93 93 94 94 96 99
116 117 117 113 111 117 112 105 110 113 102 92 89 92 95 90 87 84 84 83 86 85 85 84 86 86 84 83 85 88 87 86 85 83 85 87 86 88 87 87 91 91 92 98 100 100 101 104 105 102 103 97 94 100 95 98 102 103 102 101 99 97 96 99 97 95 91 93 95 96 96 97 96 95 94 96 96 96 95 95 95 95 94 94 94 94 94 94 94 95 96 98
116 117 116 108 107 117 112 100 105 113 105 97 91 88 89 90 87 84 85 83 87 86 86 87 85 84 83 83 85 86 85 84 85 84 85 85 85 86 86 87 87 89 91 94 100 101 104 103 98 94 102 97 91 95 95 98 103 103 101 100 93 96 98 96 97 94 92 93 95 96 96 96 96 95 96 97 97 96 96 94 94 95 94 94 94 94 95 95 97 100 101 102
118 116 107 101 104 113 109 96 98 105 108 99 94 87 87 86 86 85 87 88 87 84 83 83 82 82 83 83 83 84 85 84 86 84 86 88 88 89 87 87 88 91 94 95 101 98 102 97 96 94 97 96 91 94 97 101 101 103 102 98 95 96 97 94 95 94 91 93 95 96 96 96 96 96 97 97 96 96 96 96 94 94 95 94 94 94 94 95 94 95 99 104
118 117 110 102 96 98 106 94 92 97 103 93 89 86 85 85 85 86 88 87 85 84 83 82 79 79 79 80 85 85 86 84 85 84 85 86 87 87 90 91 93 95 94 99 101 97 98 95 93 94 96 94 91 93 97 99 102 103 102 97 94 94 97 94 92 90 92 93 97 97 98 97 97 97 97 97 96 96 96 96 95 95 95 94 95 95 97 94 94 95 103 106
118 114 106 102 95 93 96 97 92 92 94 96 93 87 85 85 85 86 89 89 86 85 84 84 83 80 79 80 83 85 86 85 85 88 85 85 86 86 87 90 93 95 98 98 94 94 95 93 91 94 96 92 90 91 95 99 103 102 102 99 93 94 92 91 90 94 96 98 99 99 99 98 98 97 97 97 96 96 97 96 95 95 95 97 97 100 105 102 96 102 107 107
118 117 112 110 101 95 90 92 92 89 88 91 88 90 87 86 85 87 91 90 87 87 87 84 81 79 79 79 82 84 86 88 85 88 88 87 87 88 90 92 94 99 97 93 91 91 95 92 90 92 93 90 92 92 97 101 103 101 99 97 92 91 90 93 91 91 95 99 99 99 99 98 98 97 97 97 96 96 96 98 98 99 100 100 102 105 107 107 107 109 110 110
116 118 118 115 101 94 94 87 87 87 85 87 85 89 87 86 85 86 89 93 94 89 84 83 79 78 77 78 80 83 84 92 87 86 87 90 89 91 93 94 95 96 93 89 88 91 91 90 88 90 92 90 93 95 95 101 101 99 94 94 93 93 93 94 92 93 97 100 99 99 98 98 98 97 97 98 97 97 98 99 100 97 103 104 105 105 105 104 107 108 108 107
118 116 118 113 105 97 92 87 86 84 84 86 85 88 86 86 86 87 89 90 95 90 85 82 79 78 76 77 79 83 85 89 92 88 86 86 87 90 91 91 91 92 92 87 86 88 88 87 87 90 91 90 93 98 99 102 98 94 92 93 94 94 97 94 95 94 99 100 98 97 98 98 98 97 98 97 97 97 97 99 98 99 99 101 103 100 102 105 108 105 105 109
116 118 118 112 102 99 97 92 87 86 86 85 85 87 88 86 87 88 87 90 97 88 85 81 79 78 76 77 79 83 85 90 93 91 87 86 88 88 88 90 90 91 89 87 86 86 87 86 87 89 90 92 95 100 99 97 97 93 92 93 92 92 96 97 97 100 99 99 98 98 98 98 98 97 97 97 96 96 98 97 96 98 95 100 100 100 105 107 107 103 109 111
107 114 118 117 113 111 103 96 91 87 86 85 85 86 87 86 86 87 87 90 98 91 85 80 79 77 76 77 80 83 86 88 95 94 89 87 86 87 88 89 88 88 87 85 86 85 86 86 88 87 89 94 96 98 94 92 91 91 90 92 91 92 94 95 94 96 99 99 97 97 98 98 98 98 97 97 96 97 97 96 95 95 96 97 98 103 106 107 106 109 110 111
100 105 110 118 113 111 105 100 93 88 88 87 86 85 86 85 88 88 89 94 104 88 85 82 79 78 77 78 80 82 85 88 95 93 87 85 90 88 88 88 87 85 87 85 85 85 86 87 88 86 89 93 96 96 92 90 87 88 88 91 91 91 93 93 92 96 99 95 95 97 98 98 98 97 97 97 97 97 96 96 95 95 96 99 101 105 106 106 102 108 110 111
96 105 111 107 103 103 103 96 91 89 89 86 86 88 88 89 91 92 95 102 97 88 86 83 80 78 77 78 82 87 88 90 95 94 89 92 91 91 91 89 86 86 85 86 85 86 86 86 85 86 89 94 93 91 90 88 88 87 89 91 93 91 90 92 95 97 96 94 94 97 98 98 98 97 97 97 97 96 96 96 95 95 96 98 100 104 106 104 108 108 110 111
95 103 112 99 91 96 96 94 88 87 87 86 87 88 89 90 89 88 92 107 99 92 87 86 83 79 78 79 81 87 91 93 96 102 100 98 94 94 89 87 86 85 85 85 86 86 87 87 86 86 89 93 89 87 87 87 89 90 91 93 94 93 92 94 95 97 94 94 97 98 99 98 98 98 97 97 96 96 96 96 95 95 97 97 100 104 104 107 108 110 111 111
89 97 101 96 89 87 88 87 87 86 86 85 86 87 87 87 88 88 92 105 101 91 91 88 83 81 82 82 84 88 91 93 101 100 105 98 95 93 88 87 85 85 85 86 85 85 86 87 88 88 91 88 86 86 87 88 90 92 94 95 95 95 94 93 94 97 92 93 98 99 99 98 98 97 97 97 97 96 96 96 95 96 97 99 101 103 105 108 109 110 111 111
90 92 98 93 88 85 86 86 86 86 86 86 86 86 86 87 88 90 90 100 111 94 97 90 85 85 84 86 90 90 96 95 98 107 104 93 98 93 91 87 85 85 85 87 86 85 86 87 87 88 88 87 87 87 88 88 90 93 93 95 96 94 96 93 92 94 94 92 97 98 98 98 98 98 97 97 97 96 96 96 95 96 98 100 102 106 105 108 109 111 112 112
87 88 86 89 88 86 86 86 86 86 88 88 86 86 87 87 88 92 95 113 110 109 99 91 89 87 87 88 90 93 97 103 107 110 104 98 101 98 93 88 86 85 85 86 88 87 86 86 86 87 87 87 88 89 90 91 94 95 97 97 98 98 97 93 91 93 91 94 96 97 98 98 98 98 98 97 97 96 96 97 98 100 99 99 104 107 106 109 111 112 112 112
86 85 86 87 87 86 88 88 87 88 88 86 87 86 89 88 87 88 91 105 111 107 99 94 92 91 91 91 91 92 99 100 105 110 105 102 105 102 95 90 87 86 86 85 85 89 86 87 89 88 87 88 89 89 91 92 95 97 93 96 98 99 95 94 93 92 90 93 95 98 97 98 98 98 97 97 97 96 96 96 97 101 104 106 105 108 108 109 111 112 112 110
86 86 86 86 87 86 88 89 90 89 88 87 87 87 91 91 89 88 94 106 114 108 108 101 96 95 96 95 95 97 101 100 101 111 106 106 107 100 92 88 85 86 85 86 87 88 89 86 93 87 89 89 89 90 90 92 94 94 92 95 97 99 95 95 94 94 90 92 93 95 98 98 98 97 95 94 95 95 96 95 96 98 100 104 107 108 110 110 111 112 111 110
86 87 87 85 88 87 87 91 89 87 87 87 90 87 87 88 91 92 99 112 115 113 109 105 97 106 102 100 100 98 100 101 96 103 111 110 108 99 92 87 86 86 86 86 86 86 89 93 94 92 93 92 90 89 88 90 92 93 91 94 99 98 96 98 96 94 90 91 92 93 97 98 97 95 91 92 92 92 93 95 95 96 98 102 107 108 110 111 112 110 111 110
