data/layers/bio4.asc
NCOLS 507 
NROWS 956 
XLLCORNER -77.7833333333333 
YLLCORNER 0 
CELLSIZE 0.00833333333333335 
NODATA_value -3.4e+38 
[rows 266 to 303 of 956, columns 344 to 429 of 507]
342 324 339 363 339 328 341 362 354 330 325 359 368 346 344 355 380 359 375 348 356 367 343 348 345 355 335 357 335 340 350 333 328 340 353 337 340 340 340 320 316 307 334 307 319 333 322 319 333 296 317 310 335 320 312 298 327 321 309 323 301 304 306 271 313 329 319 316 377 422 429 514 536 438 354 281 345 413 530 578 492 480 413 328 490 409
301 304 334 354 357 344 338 319 344 325 365 356 372 351 330 352 375 375 345 369 350 357 340 369 354 350 347 347 335 328 327 323 323 320 327 344 337 321 323 327 320 334 309 334 347 325 309 311 325 313 319 322 325 338 294 298 301 320 305 320 284 290 334 303 274 306 349 381 435 459 529 536 427 448 315 345 388 458 562 556 522 515 423 346 352 407
342 349 359 352 328 339 328 371 342 355 340 366 353 350 344 364 364 344 357 357 357 374 359 361 359 355 333 348 330 327 328 323 320 320 320 344 337 328 324 342 329 333 314 327 330 330 311 322 309 328 312 322 336 322 312 330 328 298 300 335 335 318 311 325 313 323 330 384 387 406 514 527 448 332 280 427 515 526 573 497 512 519 462 385 364 383
367 318 342 357 326 335 357 335 339 362 354 365 354 338 364 372 364 351 364 345 379 363 374 340 370 359 368 362 371 343 320 366 350 320 320 320 323 317 326 342 323 330 343 317 322 322 310 319 332 332 334 340 322 323 337 322 306 320 298 309 288 324 346 357 322 298 332 330 355 401 572 457 381 301 338 395 550 531 528 403 538 429 424 397 317 364
358 386 339 325 345 329 329 345 361 328 327 344 361 349 377 357 373 376 359 366 380 354 352 340 330 357 357 366 371 340 368 327 333 344 317 320 320 320 317 339 315 335 344 298 341 320 311 348 301 337 340 323 314 322 275 306 321 321 324 325 337 323 340 356 352 308 351 344 393 526 536 423 366 293 395 485 544 465 382 466 486 395 374 350 362 425
371 328 335 342 357 346 351 347 340 361 375 355 342 350 377 357 372 366 372 366 382 368 368 359 365 368 361 372 361 365 352 359 333 333 344 317 320 327 317 318 320 313 326 301 330 312 331 317 339 338 332 323 333 314 280 304 294 327 323 284 320 337 296 368 395 353 361 427 523 556 527 435 308 340 314 332 413 336 347 348 402 390 397 400 388 454
370 347 365 357 367 319 328 354 361 348 360 361 361 350 351 358 332 341 372 389 389 368 366 345 359 359 359 336 359 375 332 366 368 333 333 357 357 327 344 306 309 324 347 330 323 344 311 323 352 348 335 303 332 313 312 322 312 293 309 324 295 324 309 361 456 340 330 366 494 488 411 374 339 398 390 347 323 360 343 368 394 416 533 482 425 440
351 342 382 345 352 344 334 317 364 377 348 337 335 364 372 366 366 380 375 375 389 348 354 357 366 375 375 350 356 368 350 333 350 338 359 357 340 340 340 312 350 339 335 327 304 344 337 348 325 331 331 317 301 317 340 330 342 305 322 317 350 314 356 435 435 350 470 438 528 421 322 337 388 465 415 368 325 333 324 322 406 411 535 516 432 428
352 340 337 319 357 318 346 334 343 363 351 364 365 340 371 377 359 354 359 390 390 386 390 385 384 353 379 368 366 366 331 348 375 362 359 343 343 340 322 334 330 344 324 317 333 337 311 316 327 340 309 325 294 306 297 344 334 304 309 322 331 345 484 494 476 375 383 536 574 436 373 423 462 501 398 330 317 354 345 359 352 359 486 441 419 494
386 334 363 356 345 351 371 352 382 374 347 343 350 375 367 379 391 366 374 359 359 385 355 384 366 370 366 363 340 335 335 352 366 328 325 343 325 325 330 363 337 343 353 325 351 340 317 368 340 328 300 316 323 309 334 311 335 366 333 344 382 411 421 485 411 428 511 511 460 371 344 412 518 443 378 313 350 368 377 334 379 386 441 484 435 508
345 335 363 371 338 367 342 326 384 354 369 350 343 342 367 374 359 369 377 378 386 388 358 382 347 386 357 355 343 340 357 368 366 335 366 352 328 325 330 329 330 348 333 330 340 340 345 361 350 314 320 339 325 330 324 327 342 329 329 340 335 355 390 369 383 499 545 436 397 380 464 512 439 399 299 337 348 362 417 400 356 369 480 491 519 489
343 322 345 365 362 338 338 316 343 340 364 354 362 367 368 374 373 363 366 373 361 382 379 367 371 368 368 353 333 337 340 350 352 335 362 343 335 335 320 333 342 337 364 343 337 317 342 360 348 300 334 332 337 314 332 325 338 329 362 322 309 344 344 324 385 492 542 403 371 478 495 426 370 325 335 375 409 387 406 390 407 378 442 441 452 440
358 330 324 378 338 338 348 325 348 334 351 345 368 343 375 380 352 382 372 373 362 364 366 356 351 348 368 365 365 358 334 355 355 345 335 338 352 335 333 342 336 377 342 345 347 333 334 348 340 329 337 302 347 332 350 325 336 329 336 343 337 329 333 364 441 501 486 345 437 485 413 356 345 347 370 421 473 390 359 385 490 417 466 467 393 427
335 349 344 346 362 375 346 326 322 324 342 372 364 377 377 362 369 371 345 369 372 361 363 364 352 354 370 360 372 368 352 352 361 345 333 343 352 338 333 348 348 377 371 335 317 351 371 338 363 306 306 327 336 354 350 329 327 332 332 312 388 365 340 436 506 532 469 375 534 439 382 409 290 337 307 338 388 379 392 438 419 440 523 435 363 395
368 339 338 324 353 326 317 324 335 353 366 368 348 364 393 386 373 371 366 362 350 364 360 367 374 355 363 383 355 339 359 345 359 350 334 350 352 352 333 335 359 359 359 345 335 361 327 340 335 325 314 323 336 332 343 352 362 356 362 335 442 375 330 366 434 527 419 463 561 426 388 388 333 337 345 320 348 345 373 465 449 466 514 445 436 508
352 338 336 365 349 337 350 352 370 332 372 374 368 359 375 384 362 377 354 348 354 380 368 352 344 352 352 337 365 348 345 345 345 330 340 333 335 338 332 354 353 356 340 351 335 333 346 340 347 315 333 312 329 317 368 344 406 360 455 487 413 431 342 372 456 439 429 514 517 463 335 337 323 340 348 330 368 352 350 384 440 524 444 491 538 485
361 380 315 337 325 326 337 350 357 366 377 350 360 366 373 363 349 346 361 361 369 368 356 357 339 357 332 335 352 357 339 359 340 345 347 342 338 338 344 338 354 349 356 335 332 358 337 322 337 348 318 340 328 352 398 480 412 485 557 480 484 435 352 403 495 446 563 539 461 392 329 356 325 339 388 398 364 402 364 388 383 469 464 436 538 492
355 339 359 349 327 352 373 324 368 312 363 347 352 369 355 362 357 358 363 356 342 372 357 365 344 361 347 362 345 365 367 372 355 359 359 335 335 338 333 344 350 356 324 336 310 346 330 314 334 333 323 345 359 327 366 452 521 550 472 519 486 528 500 502 497 538 511 520 444 365 342 360 369 329 394 401 368 437 521 376 413 439 534 433 529 487
338 327 346 321 348 352 344 334 318 355 348 350 349 349 382 360 335 350 350 364 348 356 345 346 365 371 357 366 375 369 367 366 346 359 349 351 348 352 337 373 347 350 348 345 345 336 336 337 353 350 366 301 335 412 466 429 506 495 419 544 517 489 450 545 563 507 508 444 399 345 322 385 367 314 383 423 423 473 484 482 389 399 533 523 494 452
360 337 359 330 400 340 324 326 362 360 356 367 349 345 365 347 358 366 366 346 345 357 377 352 379 371 348 335 375 372 371 358 360 362 362 371 362 343 343 351 337 348 337 352 351 339 348 353 336 335 322 350 315 396 419 393 407 443 544 465 489 395 368 441 505 392 477 433 380 340 371 328 376 357 413 464 401 435 518 521 437 431 502 495 493 497
342 343 336 368 342 309 339 347 383 352 379 349 360 356 364 344 361 372 362 393 377 365 367 371 371 367 368 367 368 366 364 365 355 362 362 368 356 349 372 352 335 362 377 310 319 348 325 349 362 335 337 362 360 393 366 334 355 487 430 443 415 363 334 452 559 426 371 388 327 364 380 379 355 377 413 454 455 513 501 538 477 432 497 523 477 435
366 319 324 359 329 358 362 338 325 352 361 368 371 360 383 363 368 337 344 356 392 380 371 371 386 371 396 382 378 365 380 368 368 374 362 368 368 371 352 354 356 368 353 310 355 350 352 314 348 339 334 352 358 398 326 362 415 407 382 368 349 373 376 404 540 519 404 330 384 417 398 373 417 446 390 470 544 490 419 504 502 530 499 521 476 502
317 373 332 330 356 362 332 357 368 358 358 372 383 366 362 394 374 406 354 357 365 392 394 397 355 382 396 389 364 395 393 382 354 354 374 368 371 356 377 360 359 357 356 310 345 355 355 328 350 347 316 350 337 348 338 333 398 380 334 348 364 421 431 479 557 389 361 342 349 357 379 365 409 492 455 462 501 393 337 362 504 512 466 496 496 482
302 334 314 321 350 352 320 359 350 348 348 390 360 370 373 388 384 365 390 377 392 392 385 364 362 377 397 379 396 389 395 395 371 371 388 374 370 368 370 380 348 359 345 352 352 340 322 354 337 346 348 357 315 348 349 305 354 340 345 352 390 357 403 479 524 390 384 373 390 314 361 399 488 528 459 523 388 394 419 360 503 525 464 488 482 507
374 309 337 364 329 339 328 342 333 386 374 390 359 388 386 399 406 399 374 377 387 395 390 364 397 380 380 384 383 390 390 390 368 371 395 367 365 384 373 348 315 370 321 357 338 361 340 330 359 338 370 386 377 327 321 362 323 377 418 390 407 461 478 465 508 404 380 362 366 348 373 402 429 468 525 521 472 486 490 479 461 442 390 357 443 507
359 351 318 362 364 351 337 333 357 374 377 364 356 386 348 383 386 386 364 385 398 396 375 379 386 377 382 384 378 372 372 372 370 377 390 388 374 355 366 377 348 362 333 336 351 352 366 330 367 347 344 346 358 359 423 393 343 352 362 406 456 480 535 549 466 467 366 386 384 317 349 371 361 361 409 507 548 479 493 504 425 491 509 470 476 461
356 332 345 332 371 382 370 373 362 390 377 378 356 391 361 371 371 374 368 384 385 377 355 386 387 393 387 387 379 372 373 377 376 397 370 397 353 393 350 350 350 350 350 364 365 345 343 319 351 343 333 347 339 390 482 422 356 358 352 351 419 452 525 507 436 386 372 399 358 334 345 450 388 431 445 462 431 423 551 461 463 470 500 471 493 465
337 329 325 359 338 368 355 372 361 346 362 358 362 394 388 403 390 363 365 384 368 357 386 399 387 387 388 387 386 359 359 384 373 380 379 372 372 373 386 339 388 328 348 316 369 335 345 377 343 345 326 325 326 415 504 459 358 380 458 371 399 487 470 524 465 413 363 370 423 370 362 431 484 471 489 463 417 405 520 494 377 452 491 439 457 355
382 330 325 364 325 367 362 348 384 369 350 355 375 365 361 383 403 364 381 358 349 359 386 371 356 362 366 375 371 368 373 370 377 381 375 377 375 372 349 366 370 348 353 364 359 386 415 401 342 343 334 365 380 395 500 393 357 356 431 407 440 493 515 527 413 363 386 431 414 402 370 388 450 547 518 499 468 457 497 459 468 467 492 489 452 438
334 357 349 331 350 367 368 334 377 390 371 376 381 367 374 367 365 386 403 379 359 377 355 359 374 364 352 347 351 390 383 383 383 377 383 367 355 359 330 347 373 370 358 344 345 357 397 397 338 346 373 325 433 437 464 446 357 393 501 494 455 471 482 471 388 347 348 433 490 419 351 433 475 430 464 496 477 459 405 337 407 509 493 429 352 411
375 355 350 372 346 368 353 364 355 383 388 375 374 363 355 360 361 343 379 405 390 339 358 352 352 395 361 405 397 393 383 373 374 381 390 383 381 376 375 377 373 359 350 362 403 428 395 335 333 357 347 320 431 464 462 439 335 384 473 454 487 455 504 496 386 370 368 387 508 442 355 349 384 430 464 479 499 474 386 342 390 445 459 333 278 374
356 334 325 366 351 350 362 327 356 341 373 375 390 363 394 348 349 343 339 384 347 354 367 368 390 398 377 397 405 369 386 386 379 405 373 370 356 369 354 341 359 331 323 355 420 431 379 350 361 325 335 361 441 463 464 446 487 412 457 419 441 504 408 375 339 352 454 519 474 417 382 384 361 383 437 375 490 384 384 342 345 431 291 337 329 312
366 317 325 340 325 375 334 355 370 392 372 356 358 340 344 394 401 372 379 365 347 390 389 397 385 366 367 379 378 366 386 386 365 391 363 362 359 366 368 371 340 363 395 421 406 396 347 364 358 334 351 382 422 405 396 401 414 390 468 446 344 447 494 421 334 434 380 512 436 446 437 446 379 431 426 476 449 477 468 352 317 296 296 356 421 382
335 318 334 362 356 351 363 372 370 357 372 390 344 406 347 397 390 393 401 375 390 389 394 397 387 368 363 365 380 391 386 375 391 379 347 359 369 356 380 367 344 420 408 427 381 357 368 359 359 343 333 351 365 375 386 417 425 468 471 403 371 468 442 388 436 372 429 454 474 461 454 437 429 504 502 461 487 499 415 335 303 284 330 420 473 479
327 342 323 344 344 368 363 365 367 377 372 379 393 395 351 351 404 343 339 384 401 421 394 398 402 400 407 404 396 403 383 379 379 390 386 374 373 342 372 366 328 320 393 377 370 363 333 336 375 361 366 314 365 350 357 374 401 480 411 364 444 471 426 418 438 380 376 415 419 475 479 488 485 486 430 411 501 466 403 343 317 312 333 375 473 434
359 314 364 350 334 358 365 366 399 388 403 362 345 357 416 404 351 353 390 393 395 394 390 371 341 366 359 373 368 390 399 359 379 403 401 358 373 380 364 334 351 356 392 373 354 322 310 355 339 423 353 342 342 334 343 393 419 469 428 368 409 474 411 465 352 436 440 415 417 507 477 436 466 471 438 497 445 466 473 414 309 287 315 323 455 408
370 336 324 352 343 366 347 383 364 384 398 393 417 408 354 354 354 380 372 364 400 390 366 394 391 392 403 394 380 399 399 366 405 399 347 359 356 333 364 354 344 368 373 356 362 330 312 332 336 386 357 349 377 336 357 366 419 465 398 337 421 476 483 426 397 415 487 426 471 482 457 441 454 399 451 437 434 431 501 478 369 275 303 354 427 455
355 348 319 362 343 368 368 387 377 352 367 395 422 370 339 417 419 358 395 374 426 405 397 390 376 392 377 392 401 407 400 388 405 405 368 371 312 373 368 356 348 348 387 340 307 370 328 352 371 338 350 366 378 378 357 380 473 411 342 334 386 441 411 419 396 462 471 470 451 441 417 425 412 380 402 390 462 411 405 465 375 295 421 425 449 371
