data/layers/bio4.asc
NCOLS 507 
NROWS 956 
XLLCORNER -77.7833333333333 
YLLCORNER 0 
CELLSIZE 0.00833333333333335 
NODATA_value -3.4e+38 
[rows 684 to 721 of 956, columns 258 to 343 of 507]
290 279 334 287 320 287 265 241 261 281 275 272 254 253 281 285 258 271 265 265 263 275 325 337 411 428 407 396 404 387 357 315 309 286 324 323 319 300 312 304 300 337 297 253 284 287 291 300 260 284 269 288 278 298 317 289 311 311 309 303 333 327 320 303 303 308 321 306 329 329 320 348 348 338 340 333 315 337 338 338 364 392 400 399 405 386
298 302 295 297 289 301 260 265 238 258 292 255 265 236 267 279 253 268 240 261 298 312 333 348 386 416 393 381 349 398 333 380 325 315 306 262 332 322 307 323 290 293 278 243 289 312 284 268 284 292 296 303 278 309 295 323 307 343 334 354 362 331 317 321 338 328 330 325 298 325 320 339 323 325 332 332 349 357 342 351 368 407 391 395 398 372
300 344 320 319 297 287 242 247 281 248 240 249 271 236 225 272 272 241 278 275 266 281 318 377 423 403 436 384 395 369 357 345 352 313 325 345 320 293 251 304 298 295 261 278 269 290 272 309 300 269 269 274 295 293 309 333 317 309 315 297 313 345 356 332 316 309 317 338 329 318 340 340 345 352 351 352 366 333 315 373 383 401 404 395 392 411
339 307 318 316 293 296 269 228 269 233 227 243 261 269 275 248 265 247 264 308 323 340 372 377 440 427 454 379 386 343 334 337 337 355 385 356 292 334 290 260 255 303 304 300 304 281 300 274 293 303 307 301 272 306 324 314 266 294 317 300 318 325 315 325 316 320 335 288 302 347 332 350 339 300 357 350 325 359 352 384 407 411 401 386 330 362
351 276 339 277 343 300 272 269 272 225 269 278 268 248 272 264 260 268 309 290 330 359 397 413 456 410 390 398 399 351 337 382 364 357 344 327 318 306 289 272 317 280 303 304 266 293 301 294 288 297 303 320 294 271 302 297 307 309 313 296 350 329 332 333 367 331 320 317 344 337 356 345 330 304 316 366 356 365 357 359 409 411 389 382 347 375
300 302 294 312 332 321 283 256 236 241 273 263 268 270 255 275 251 247 292 340 353 414 393 430 398 398 385 374 395 393 398 389 328 330 296 327 278 290 300 310 301 306 324 306 284 289 281 312 323 295 287 304 298 317 317 347 332 314 337 337 339 340 364 315 312 355 333 328 325 335 334 332 322 351 348 348 357 357 355 365 411 398 392 393 373 395
304 298 322 330 325 330 298 281 275 252 234 260 250 287 230 265 266 272 272 330 356 381 444 399 425 386 388 403 394 397 373 368 324 317 287 322 295 312 275 284 292 271 313 282 290 290 278 266 331 306 291 304 304 287 317 292 309 328 335 325 337 357 362 315 314 342 334 333 325 360 329 325 345 313 303 344 350 327 316 372 413 386 383 368 351 415
327 327 300 304 279 278 291 252 222 241 272 280 250 238 252 255 284 275 312 292 344 338 409 426 399 432 430 417 421 414 395 350 355 289 288 343 329 359 324 309 284 312 298 314 302 304 286 305 307 304 309 281 296 347 323 305 320 335 350 320 369 359 365 334 320 337 358 365 364 358 345 368 322 340 342 337 338 334 383 372 366 380 380 354 419 434
327 340 323 314 322 287 268 243 255 238 245 245 213 222 259 265 245 268 287 316 281 340 427 398 444 449 439 469 441 399 327 310 262 298 363 361 332 334 287 298 307 281 292 327 298 308 290 274 305 270 306 337 278 338 308 323 324 319 348 337 345 387 374 329 354 356 320 342 331 324 327 363 322 332 334 344 340 379 372 415 397 397 377 360 406 411
317 325 294 322 313 290 269 290 263 236 243 225 263 261 266 261 272 269 252 316 325 308 328 388 409 430 425 415 417 365 333 301 361 339 363 342 337 286 329 298 266 288 306 312 324 292 266 325 308 319 306 325 311 314 324 314 317 315 318 365 377 382 317 334 340 297 339 327 337 332 315 348 350 324 339 354 370 374 352 399 364 382 361 388 434 499
307 280 325 274 278 259 225 236 236 223 278 250 228 252 259 258 275 270 283 300 317 313 390 374 399 428 424 388 368 363 363 345 332 334 281 334 286 323 273 304 312 283 303 290 270 317 300 294 284 319 281 309 290 297 330 347 337 340 311 340 333 328 334 332 322 298 323 317 334 349 343 346 321 344 340 347 354 377 411 425 421 415 413 413 461 487
321 345 296 250 236 253 247 241 225 237 245 260 262 293 290 292 277 333 325 327 320 326 399 417 391 419 402 369 322 352 325 349 338 345 314 328 333 297 282 273 277 300 281 298 287 268 324 298 301 324 304 330 305 320 368 361 317 345 340 342 315 352 345 335 329 335 340 334 329 344 351 348 342 357 392 355 366 349 361 427 384 427 427 465 457 496
290 270 287 241 268 269 253 269 245 249 251 258 250 298 280 309 321 321 400 350 376 344 383 390 392 374 377 384 355 335 303 313 304 332 333 309 293 312 298 287 309 276 309 318 275 287 269 328 302 310 324 304 322 316 348 338 337 331 387 366 329 317 316 348 325 327 325 344 322 381 359 342 340 363 359 317 359 354 411 405 398 398 413 425 486 476
275 323 258 248 236 238 272 242 242 236 220 249 247 291 292 347 357 320 406 373 404 426 411 442 417 403 366 377 325 345 290 292 277 281 307 313 317 304 314 304 266 302 333 297 311 256 309 301 309 342 291 294 335 350 328 355 366 337 355 358 363 361 307 325 334 368 359 330 340 372 330 359 329 344 361 348 374 386 405 345 369 400 415 444 499 459
247 265 272 275 249 256 248 222 225 245 249 247 269 283 286 296 313 381 384 407 472 427 424 435 412 409 372 358 368 325 312 296 268 291 289 312 269 314 288 294 259 275 317 305 321 322 325 316 307 327 334 347 364 370 366 343 339 369 366 373 338 383 335 348 320 334 340 349 330 380 358 360 350 374 345 363 343 357 406 352 350 335 440 468 449 465
248 284 261 255 260 263 278 231 266 250 290 246 260 276 298 333 357 373 408 442 443 401 400 417 386 403 394 345 340 340 289 309 322 280 287 309 286 275 301 297 292 307 290 281 309 269 324 309 322 359 317 350 345 340 361 378 377 373 365 335 346 366 340 339 328 364 320 364 377 370 365 335 328 366 358 364 377 398 340 401 398 369 460 463 471 484
250 258 258 268 256 263 250 225 275 284 315 290 330 330 366 340 400 413 402 423 432 412 419 401 398 371 368 340 356 332 346 377 278 302 298 296 312 285 304 314 312 314 324 307 296 317 324 320 334 372 343 346 351 365 346 353 335 354 336 370 401 356 367 348 339 336 354 328 352 380 340 315 330 342 382 373 371 403 369 420 446 372 487 466 490 494
232 261 242 272 251 290 266 291 296 311 328 343 359 359 388 388 394 343 400 409 411 377 413 411 400 397 373 349 368 356 351 347 290 271 278 280 303 300 309 345 298 330 345 325 345 330 315 330 346 344 343 359 342 370 370 390 331 344 314 405 392 335 367 320 346 369 325 384 401 369 345 364 390 388 384 385 382 350 396 378 373 393 474 506 476 487
229 253 236 259 249 262 260 263 281 269 355 380 357 359 352 356 381 361 380 406 376 392 421 404 414 375 370 381 348 303 347 329 274 278 344 297 278 287 293 303 309 298 356 309 340 333 307 342 338 382 396 376 382 370 362 399 337 397 346 409 385 346 324 349 334 352 359 343 383 364 366 364 377 377 393 379 357 395 365 397 388 428 452 506 513 522
275 253 246 254 256 250 260 236 241 304 304 351 333 341 314 338 352 348 348 358 375 362 407 362 409 371 351 318 323 319 296 316 292 318 311 278 281 292 325 298 311 334 363 304 294 345 342 353 306 395 393 306 331 334 332 348 309 359 370 384 384 409 371 342 364 368 356 359 329 330 371 359 364 395 386 373 355 392 386 381 385 442 454 507 531 527
260 239 249 262 239 275 227 231 281 311 344 322 312 317 309 302 290 357 361 395 359 339 369 360 363 350 333 348 311 284 275 290 262 297 301 276 299 302 289 327 312 325 333 357 344 383 335 362 359 395 393 330 352 357 362 340 324 352 344 368 388 400 350 359 330 335 363 330 368 376 324 344 380 390 355 353 370 385 382 413 372 447 457 506 497 523
250 250 248 263 272 219 251 284 311 309 314 362 321 307 277 290 337 387 401 375 327 327 310 377 377 318 324 347 312 281 284 260 301 298 329 303 293 281 309 320 334 357 345 333 355 388 348 367 348 381 379 387 355 319 345 330 344 359 377 359 377 413 356 367 346 338 380 370 340 409 380 350 373 431 375 382 390 393 455 435 421 441 475 525 525 504
253 256 261 252 264 233 273 322 307 340 321 292 292 266 267 320 330 328 386 406 368 298 320 326 347 363 397 327 311 303 292 298 266 322 295 305 309 330 328 327 317 309 335 337 351 351 339 342 374 375 359 383 338 352 400 414 396 352 380 345 358 434 400 366 362 358 381 359 377 388 369 390 405 437 416 374 443 483 479 448 403 485 496 487 508 517
220 262 303 243 293 254 258 297 301 343 326 322 255 270 300 314 321 337 405 345 346 315 316 300 348 351 369 324 282 351 334 266 274 298 334 290 320 354 317 321 304 313 319 309 368 342 334 330 345 373 367 391 417 388 357 407 427 428 396 390 391 425 362 382 349 384 379 402 391 389 347 431 455 441 441 484 490 466 502 486 487 489 548 549 504 505
256 221 264 281 285 284 272 326 365 352 345 323 294 304 275 307 338 363 325 330 341 282 267 272 351 331 358 359 295 305 373 312 341 289 312 307 313 323 338 306 341 335 294 337 346 334 321 352 340 386 362 386 388 434 434 375 379 406 405 456 452 435 382 353 332 352 366 398 352 357 391 418 383 445 488 486 460 469 480 520 530 499 542 539 552 553
230 262 284 290 308 348 348 352 372 319 315 283 272 296 300 303 323 292 294 341 343 298 309 286 317 351 327 325 340 365 357 328 295 309 315 302 312 306 343 321 333 330 339 302 340 353 296 326 343 368 341 349 350 405 334 337 303 375 363 435 371 429 389 345 366 356 368 401 321 352 412 390 384 421 436 427 421 439 497 512 515 522 521 538 549 512
218 268 249 307 300 324 363 377 372 277 289 273 271 275 269 304 287 347 290 340 284 316 277 295 375 328 290 332 339 394 343 309 284 314 316 324 330 281 311 335 328 342 309 335 298 340 353 324 355 383 373 392 403 375 346 367 355 424 442 457 454 411 347 345 336 357 375 368 343 347 406 423 375 402 448 498 516 508 536 543 533 533 528 554 542 556
242 282 268 287 283 365 372 357 347 332 345 279 298 287 269 257 281 269 290 300 278 275 256 318 359 332 331 332 312 340 298 297 300 309 334 299 334 304 311 313 341 332 333 320 334 332 361 375 413 382 327 322 376 379 335 320 380 455 434 456 477 417 384 386 398 390 366 433 384 366 368 385 365 407 513 497 497 542 532 535 562 563 551 530 557 544
271 306 313 320 351 377 356 394 356 320 272 298 287 295 286 287 278 287 279 253 272 276 289 333 308 333 279 323 371 357 325 285 299 298 324 321 324 318 344 321 328 342 325 295 353 340 347 374 382 364 359 330 366 381 364 340 438 398 439 433 392 376 398 382 385 377 452 485 451 421 393 425 478 479 501 550 542 523 544 545 572 542 563 512 561 534
275 275 313 321 361 374 387 369 328 311 307 290 320 276 265 289 298 281 275 256 309 298 290 288 324 333 298 318 350 357 319 300 331 287 307 316 324 329 357 350 354 354 295 359 351 366 356 385 355 370 366 324 362 373 369 342 359 424 502 490 390 418 400 393 425 423 475 515 417 445 444 483 556 518 560 552 538 507 515 563 557 548 541 536 561 590
281 317 287 357 369 419 403 369 380 328 376 306 314 259 348 287 298 250 272 238 261 312 306 293 355 333 290 316 330 323 330 288 326 337 324 317 303 315 311 320 338 353 350 374 367 340 387 361 374 333 308 355 359 351 343 363 419 449 522 488 464 442 428 387 466 476 498 497 516 504 501 547 560 568 567 544 560 529 519 511 532 548 519 539 541 570
325 333 332 375 421 398 379 366 401 383 374 309 316 344 348 262 284 290 301 252 289 284 292 311 344 298 275 286 330 323 297 297 307 298 301 340 330 325 365 330 344 364 380 380 345 361 356 360 367 320 342 351 364 340 334 379 435 443 435 527 504 435 436 446 483 544 505 523 538 574 524 523 551 546 560 539 568 563 544 505 547 498 498 572 524 554
342 348 337 359 380 375 324 390 373 365 334 278 275 253 315 295 245 309 304 293 284 294 294 277 304 258 308 321 317 350 319 307 334 335 344 306 330 340 307 306 337 343 354 359 309 347 332 347 343 356 320 359 350 351 335 407 447 537 537 554 472 450 423 462 528 548 538 593 518 571 542 536 531 545 579 565 568 568 562 574 508 532 572 528 511 562
322 380 372 319 346 361 301 397 379 358 351 338 295 284 278 272 284 279 300 304 290 306 309 278 311 265 292 323 329 386 403 330 377 328 324 309 313 315 309 344 359 306 306 335 358 312 323 335 357 310 351 333 349 368 352 442 496 530 517 466 469 441 510 539 532 531 547 545 579 547 536 535 571 524 530 565 555 555 592 568 554 579 577 556 547 544
333 390 375 300 294 298 311 388 364 349 362 350 269 322 269 304 267 259 306 309 298 309 275 268 279 301 308 332 405 433 356 321 352 344 316 320 352 301 335 306 351 344 340 317 316 366 334 351 319 330 343 314 357 344 377 451 437 483 527 552 521 507 520 455 539 511 552 576 549 579 550 550 523 539 510 568 580 556 554 566 565 563 554 548 575 525
357 382 359 298 290 290 316 277 276 322 309 350 309 278 286 274 289 243 259 306 315 290 275 309 342 335 317 303 335 373 357 333 317 331 320 343 332 345 322 335 368 335 343 356 356 344 342 368 325 333 363 326 385 404 415 497 491 563 547 536 567 509 476 487 523 555 571 561 571 537 554 566 558 558 527 529 563 539 565 554 554 582 591 586 547 571
351 344 289 294 270 296 287 290 323 287 301 293 292 269 275 283 313 275 296 301 320 318 324 266 280 309 331 340 328 353 330 337 322 307 310 317 330 342 311 340 299 338 349 336 368 344 362 330 341 352 339 374 428 478 491 585 566 563 536 557 549 517 511 532 538 536 556 566 545 547 563 564 565 572 522 531 530 566 551 548 588 579 595 566 573 575
328 333 280 282 260 275 229 265 283 277 287 285 265 275 303 298 301 332 327 295 304 297 270 280 302 307 373 386 363 325 293 317 324 320 317 325 301 342 290 320 314 356 343 335 345 325 374 356 351 361 427 410 428 496 533 569 548 520 499 497 484 472 559 578 534 544 553 521 569 545 568 581 555 553 557 560 572 541 545 571 573 569 573 554 562 571
