data/layers/bio4.asc
NCOLS 507 
NROWS 956 
XLLCORNER -77.7833333333333 
YLLCORNER 0 
CELLSIZE 0.00833333333333335 
NODATA_value -3.4e+38 
[rows 836 to 873 of 956, columns 86 to 171 of 507]
470 458 488 501 487 496 516 474 492 483 502 472 497 486 456 480 502 536 521 523 525 494 506 522 512 527 513 425 334 293 426 433 303 236 275 236 197 193 205 185 265 293 306 329 327 323 346 322 340 339 313 344 415 371 394 394 402 409 405 388 388 397 407 428 441 370 386 425 388 407 431 417 403 429 440 438 415 415 421 446 475 487 478 477 477 476
495 465 477 480 482 476 487 501 471 481 471 472 492 505 524 491 493 510 500 501 485 531 530 471 417 533 516 527 458 372 365 480 490 483 491 461 320 213 205 172 197 217 300 312 323 345 348 330 348 350 346 350 354 413 417 403 403 417 405 386 411 413 419 426 417 415 378 376 409 401 409 405 409 442 430 430 439 423 456 441 482 481 448 448 476 441
482 465 496 484 513 515 472 457 473 456 461 470 479 489 454 469 491 536 506 504 502 354 530 539 242 369 531 544 411 217 344 432 450 502 542 538 320 205 214 176 198 235 243 345 333 348 340 336 336 338 332 362 396 403 409 409 401 399 394 405 402 401 406 434 442 390 409 392 444 401 403 413 432 431 439 423 435 441 441 446 455 463 489 470 455 463
485 501 465 520 521 510 482 476 464 473 482 487 482 455 508 498 357 309 281 317 247 361 487 544 395 230 406 541 490 252 166 195 337 365 509 406 336 245 218 198 243 244 247 335 324 333 341 327 351 320 345 390 387 399 406 409 388 388 398 417 406 419 442 450 424 451 397 397 419 442 415 425 432 409 430 439 456 456 461 456 468 444 448 458 467 475
490 489 468 451 511 502 485 452 455 467 472 464 484 505 489 501 350 241 195 188 330 266 331 486 469 187 280 368 458 301 155 182 171 287 419 248 201 189 210 205 228 284 284 340 338 343 349 333 320 334 347 391 407 393 395 398 398 404 394 409 419 450 449 450 450 450 411 419 419 442 422 422 418 427 425 431 453 442 456 468 463 454 448 453 448 455
465 491 442 458 460 466 467 489 461 467 492 504 511 483 504 491 429 236 166 196 201 241 307 491 516 301 214 162 318 198 175 191 285 259 281 293 210 198 232 253 243 330 347 333 350 346 333 356 335 359 383 393 386 395 405 405 404 402 402 409 409 426 458 401 448 425 423 421 413 434 421 431 402 427 406 427 420 437 444 475 462 454 446 446 451 447
475 520 481 464 480 459 484 480 391 391 478 495 471 493 460 487 292 242 201 144 169 243 256 449 401 248 281 191 157 193 150 192 186 206 210 201 231 201 192 277 275 332 335 344 333 298 334 335 342 357 362 374 403 401 414 404 405 413 416 403 411 450 450 416 416 409 394 440 402 433 462 413 427 441 424 419 438 468 482 468 454 448 477 439 439 437
534 504 449 473 438 450 468 491 402 278 305 445 490 377 282 516 350 390 201 197 173 193 161 213 245 227 207 174 199 256 183 205 218 184 219 224 209 189 213 251 301 313 334 328 315 335 344 359 362 355 369 380 395 395 395 416 396 423 416 427 446 383 416 420 394 425 402 415 431 443 416 439 438 441 442 437 429 463 470 455 461 444 478 444 444 430
514 491 452 482 457 359 451 404 362 323 291 219 461 312 222 364 498 498 419 275 210 187 164 183 223 212 189 213 193 218 202 208 183 236 228 207 205 184 250 290 313 339 338 320 355 320 368 372 381 375 390 395 410 410 415 437 412 449 437 440 449 409 420 388 409 409 403 429 459 459 444 455 415 428 441 442 450 471 459 470 480 476 444 439 444 482
476 471 486 461 448 356 285 231 193 243 189 225 401 311 193 222 326 504 493 298 210 166 187 219 174 169 205 196 175 225 210 198 206 205 272 217 188 227 251 298 332 298 366 328 349 358 364 367 387 407 384 383 383 404 427 455 437 437 437 400 402 449 420 421 395 409 435 426 440 439 434 455 447 440 443 474 470 465 463 434 446 448 468 457 484 503
481 501 468 452 453 462 454 364 314 183 180 194 206 218 179 201 370 495 358 240 213 193 194 196 177 205 195 185 185 202 215 207 193 192 240 241 210 275 330 355 345 320 330 352 371 375 371 387 401 373 373 386 397 397 403 455 437 435 381 420 409 423 383 421 435 409 421 434 427 451 441 424 430 441 443 415 473 465 466 460 475 467 451 457 419 444
468 473 479 475 448 412 368 414 193 206 198 173 158 160 162 193 259 406 209 202 196 166 203 218 191 187 171 202 218 209 193 217 193 220 243 287 275 284 330 317 331 330 348 348 352 366 380 384 402 398 386 380 393 397 415 430 416 381 406 424 395 423 400 409 409 434 433 430 439 442 444 448 442 452 406 442 452 487 463 460 439 411 459 457 457 458
457 434 475 487 484 484 425 285 364 395 290 189 182 166 137 189 217 222 183 189 182 199 202 229 185 180 196 219 212 218 236 201 215 247 323 318 339 330 331 335 348 351 375 355 365 398 387 385 386 405 386 415 388 427 432 385 394 398 421 454 388 398 419 459 424 431 429 442 447 439 434 458 448 461 451 470 442 472 426 441 466 470 468 435 491 482
362 394 454 492 489 487 479 480 435 469 361 287 264 207 155 185 201 185 189 185 193 224 213 201 174 219 213 222 225 238 185 232 235 269 306 306 322 343 319 319 330 339 362 362 366 366 390 373 393 415 415 398 405 409 428 395 401 401 425 383 453 381 436 457 454 448 458 460 457 455 433 450 429 463 455 483 473 468 480 439 449 449 468 469 455 473
308 433 470 473 512 477 502 502 347 304 243 188 205 170 176 203 189 191 338 199 195 210 235 201 180 222 196 203 236 269 236 281 309 294 317 275 309 307 338 338 329 306 370 361 383 387 375 393 379 415 407 408 421 427 416 394 413 401 421 427 437 437 448 435 437 447 455 457 441 446 433 433 463 463 479 466 475 421 480 488 452 466 422 441 465 449
262 239 315 468 523 485 460 414 206 197 149 183 175 174 192 193 200 214 327 335 193 210 252 240 223 210 249 274 242 245 265 304 312 307 284 312 306 349 354 373 336 368 368 395 344 388 369 406 415 403 432 403 439 415 439 405 401 413 413 432 421 453 441 463 447 446 455 423 460 433 444 433 466 468 463 478 428 446 495 474 484 466 471 468 482 476
166 214 368 419 451 461 392 283 220 185 182 184 170 171 166 207 202 267 423 210 195 217 231 248 266 251 258 292 250 272 260 312 298 318 338 338 347 350 337 341 352 373 359 369 376 387 379 399 377 403 421 424 441 439 415 405 390 429 413 442 417 448 435 472 447 465 423 427 443 432 426 452 458 447 486 447 429 430 432 450 482 435 440 444 480 476
203 195 185 229 323 452 332 242 278 198 193 180 201 182 210 205 201 199 213 179 189 219 249 232 255 258 309 275 253 286 298 322 318 339 346 320 354 340 337 342 352 383 351 379 387 379 379 402 390 407 417 420 441 413 433 407 401 405 421 448 461 443 430 437 470 423 448 455 458 433 449 455 452 461 465 447 470 441 463 476 450 460 493 455 455 479
202 153 180 171 309 487 453 374 307 286 304 270 233 212 173 245 191 192 220 216 246 252 290 247 277 298 310 256 241 281 345 351 324 333 345 348 340 337 341 355 387 352 402 341 389 359 419 407 409 422 418 420 406 423 399 437 444 393 390 452 423 469 433 459 448 475 448 448 448 460 480 462 452 452 465 465 449 448 447 462 439 445 501 485 486 478
227 185 141 171 297 460 354 302 217 222 243 327 295 206 189 223 231 211 229 269 256 265 272 286 287 290 298 304 296 330 312 337 332 320 374 356 356 374 348 375 362 352 391 374 349 388 423 390 421 390 428 421 423 433 438 413 446 450 415 452 451 423 438 448 433 463 443 455 437 461 480 482 475 462 462 492 467 466 479 462 463 448 484 455 472 462
230 210 155 180 167 374 371 217 180 162 207 218 229 203 222 195 250 230 201 260 236 287 272 247 292 272 301 320 336 338 344 312 298 368 368 307 311 377 362 362 390 368 387 386 404 414 407 407 401 401 426 406 433 423 410 384 388 455 478 411 457 442 459 455 419 475 444 446 449 421 452 482 471 476 462 471 480 484 480 471 443 473 463 473 482 470
298 245 175 169 167 339 306 287 187 175 189 199 197 189 218 214 206 206 210 206 247 276 298 295 280 296 281 331 340 308 340 338 320 321 348 371 359 389 362 373 373 364 387 393 375 413 427 413 439 417 419 415 429 442 415 384 409 462 419 459 447 447 437 444 459 433 443 434 482 433 468 448 492 446 476 465 484 478 472 483 466 466 473 461 469 470
197 185 180 149 202 225 259 175 198 191 209 192 171 189 236 206 247 233 220 256 249 290 310 296 309 309 340 331 332 339 320 333 335 355 377 382 370 345 368 368 372 387 418 386 399 386 419 408 411 390 411 420 423 466 465 465 435 433 398 459 430 431 451 448 451 438 438 433 475 442 437 480 446 463 483 473 473 489 498 487 479 453 512 463 489 470
292 204 182 191 169 171 183 210 199 189 185 214 202 243 252 235 240 247 256 251 240 294 297 301 312 331 269 306 333 323 321 372 348 362 347 357 364 355 362 384 352 355 428 419 399 388 411 411 398 415 426 389 423 446 397 431 430 435 415 451 438 429 451 448 438 492 423 461 429 462 490 489 468 481 497 497 489 480 489 483 473 466 466 493 493 489
350 235 174 149 225 170 170 197 182 198 234 199 221 267 275 216 196 268 249 254 253 284 317 295 299 298 287 325 339 319 333 357 347 354 342 389 366 362 384 397 364 357 429 428 401 405 420 411 415 423 415 402 433 417 405 415 426 441 402 458 447 457 455 432 448 437 492 452 441 477 484 473 489 486 477 495 490 501 494 494 490 492 496 491 489 479
257 188 218 179 214 180 198 197 204 201 222 233 256 235 277 250 286 247 253 319 256 281 275 319 294 313 338 344 350 352 344 365 354 375 349 394 371 372 394 384 406 407 420 403 404 393 406 424 420 421 409 425 408 435 423 427 424 424 429 435 442 455 455 421 470 490 485 441 448 516 494 470 471 431 495 471 490 485 489 495 476 500 492 466 448 468
195 193 206 206 240 229 203 198 213 217 231 225 235 253 262 243 225 269 259 253 272 306 287 301 333 337 344 327 330 330 362 379 348 347 368 362 388 387 399 407 401 431 404 413 402 408 403 402 411 415 425 435 441 455 421 423 435 443 439 429 425 433 440 431 427 468 502 502 450 468 446 473 461 468 446 473 507 486 486 457 486 496 476 494 510 500
189 218 205 193 237 197 210 241 206 225 253 262 249 260 233 293 269 284 301 260 306 312 272 298 264 307 333 323 379 320 348 335 393 362 346 394 377 383 396 403 408 405 395 404 399 393 423 405 402 440 413 437 431 454 427 447 442 442 435 428 446 455 430 429 437 457 437 475 490 477 487 489 457 469 475 455 468 509 466 473 475 483 473 501 473 508
192 243 230 262 227 225 220 225 229 225 257 265 256 269 260 253 325 283 279 313 309 298 285 329 338 360 341 358 356 352 352 368 375 351 362 377 405 391 396 376 385 392 414 427 406 432 408 402 402 423 455 402 430 450 432 447 451 447 442 452 452 425 445 487 487 468 461 479 473 497 485 452 458 455 449 484 471 510 488 470 485 492 503 482 468 512
249 233 237 227 242 253 237 243 259 254 253 238 247 238 247 272 277 325 312 337 325 327 328 337 320 341 357 362 342 371 369 355 369 343 370 394 387 377 401 376 402 392 427 403 417 405 414 418 423 434 446 415 432 441 425 430 430 442 437 446 446 434 481 446 492 478 472 475 480 471 495 472 509 478 475 490 507 491 491 506 485 485 478 488 504 499
203 240 236 243 229 227 233 231 233 262 243 274 300 302 278 245 302 311 309 351 320 344 293 350 329 364 368 342 366 386 364 366 382 356 386 396 409 404 386 423 395 427 427 408 400 418 413 413 440 446 442 448 442 425 441 444 439 439 462 448 474 449 453 465 475 481 478 480 457 485 488 477 490 477 480 515 528 491 504 462 500 492 493 484 461 451
229 241 229 262 227 251 235 235 231 236 277 302 285 307 266 287 272 319 357 350 310 327 339 338 322 355 345 356 349 375 348 391 377 386 380 377 394 382 419 411 392 413 418 416 409 413 425 440 413 431 444 455 430 437 443 430 439 452 430 444 468 449 470 476 470 471 484 465 486 477 473 471 476 504 507 491 467 505 491 508 487 485 472 476 493 484
213 204 203 229 244 272 284 262 273 270 300 289 302 246 297 309 290 311 327 318 342 325 327 324 366 368 365 359 369 370 391 377 365 395 386 382 412 417 400 388 411 416 400 411 435 419 419 404 455 434 464 455 437 436 449 439 453 432 451 473 448 480 466 431 423 478 458 484 492 477 479 465 477 491 497 518 505 482 494 487 473 486 489 493 471 467
214 232 198 237 253 238 277 297 262 278 254 292 285 292 275 298 281 350 331 349 345 364 327 317 332 359 373 356 382 377 381 401 382 404 423 430 410 409 408 408 407 417 408 401 434 402 431 416 434 433 426 437 437 435 444 446 439 415 441 429 494 470 494 442 443 442 473 497 484 490 497 500 462 500 491 497 487 491 514 504 487 514 487 481 471 470
236 202 233 251 263 231 259 285 276 267 284 292 301 300 332 320 304 308 345 339 361 338 363 351 363 373 363 354 381 383 388 386 401 388 419 395 395 402 401 422 413 405 424 417 435 452 405 464 442 424 449 455 444 444 442 453 435 483 435 478 480 442 470 453 468 444 464 469 484 495 497 497 510 479 502 514 501 511 517 517 511 470 519 470 471 470
229 217 209 261 275 266 275 260 301 287 330 314 289 332 333 320 344 315 311 348 335 368 377 364 375 358 368 357 358 386 384 399 401 388 395 404 406 428 413 418 417 404 409 419 415 445 447 415 431 441 449 444 444 442 437 465 434 444 487 446 489 466 453 475 462 473 465 484 462 484 497 496 495 502 507 503 501 507 504 503 493 473 472 498 471 501
224 209 217 230 252 269 265 272 266 287 317 313 325 325 324 327 320 320 330 329 330 371 361 358 352 362 370 366 365 388 392 395 390 390 401 399 411 394 399 415 427 426 406 427 431 431 423 452 408 432 447 447 435 457 457 448 459 489 473 452 466 468 476 476 466 472 478 473 484 481 503 496 492 504 520 503 516 501 499 489 487 484 499 459 495 531
209 224 227 242 254 247 290 301 281 274 330 322 320 345 335 334 345 334 373 371 361 348 370 373 377 364 370 401 382 401 401 390 402 401 407 394 405 415 418 424 423 427 448 433 424 463 457 432 452 442 447 453 457 457 450 459 453 501 451 473 473 463 485 482 486 484 471 465 481 489 492 509 496 499 496 497 490 512 490 486 477 480 473 483 484 455
