data/layers/bio5.asc
NCOLS 507 
NROWS 956 
XLLCORNER -77.7833333333333 
YLLCORNER 0 
CELLSIZE 0.00833333333333335 
NODATA_value -3.4e+38 
[rows 684 to 721 of 956, columns 172 to 257 of 507]
100 117 122 131 146 152 150 161 161 152 152 147 157 162 172 183 192 202 204 223 223 219 221 232 241 233 227 224 215 207 211 213 220 221 229 233 235 237 241 242 243 244 245 246 258 268 253 236 225 228 223 214 214 209 213 211 219 233 236 245 258 273 283 286 289 290 291 293 291 293 294 295 294 293 294 295 296 294 295 296 297 297 298 303 302 300
118 127 129 130 137 145 155 159 168 154 159 155 159 166 172 180 190 206 207 211 231 228 226 226 242 242 244 234 239 227 211 214 222 223 230 231 238 238 242 240 242 243 245 258 262 267 257 237 229 226 225 217 216 215 210 217 229 241 249 257 270 275 276 278 286 288 292 293 294 294 294 294 296 294 294 296 294 297 298 300 301 301 301 298 301 295
122 133 128 140 133 142 140 145 170 179 168 162 166 168 184 200 208 214 209 209 224 220 221 216 214 233 237 241 243 238 223 226 234 240 240 247 252 259 260 241 243 246 258 266 266 265 254 240 232 230 224 212 212 212 206 215 236 249 255 267 264 264 270 278 282 289 291 291 294 294 295 295 296 294 294 294 296 298 299 300 302 302 301 300 299 296
142 132 142 153 144 141 141 146 155 172 183 170 172 172 176 195 207 213 207 215 216 216 214 201 211 219 223 232 236 244 234 230 240 253 249 255 235 237 241 251 262 259 259 251 251 261 245 243 236 229 216 210 206 204 215 233 241 252 257 256 254 263 272 281 283 284 287 285 286 291 294 295 297 297 297 298 298 298 299 300 300 300 300 302 300 294
142 132 141 145 161 153 146 149 153 167 181 192 170 178 182 190 193 195 187 192 208 213 207 196 199 200 204 223 234 236 243 251 252 244 230 231 233 235 236 238 247 242 244 252 258 254 248 244 235 228 221 213 205 208 235 242 250 244 245 252 263 268 278 284 287 286 284 285 290 291 293 294 296 297 297 298 299 299 299 300 301 300 300 301 303 294
145 155 143 142 160 165 159 156 155 162 162 185 187 174 179 180 181 184 188 191 194 192 189 194 198 201 199 210 207 216 217 230 240 228 226 230 232 233 234 245 238 242 247 252 253 252 247 245 235 224 216 200 200 222 233 225 231 228 241 251 262 275 281 285 289 290 282 284 286 290 289 292 292 291 292 294 295 298 297 298 299 300 300 301 293 296
145 159 143 146 147 174 173 168 163 165 169 191 194 182 179 183 181 184 184 186 194 196 190 198 200 199 193 192 210 212 216 219 222 223 228 229 229 230 239 235 237 243 253 257 253 252 251 248 238 227 224 211 209 218 212 210 231 231 244 262 267 280 281 286 287 291 287 289 283 283 284 287 286 287 293 293 297 298 298 299 299 301 301 293 296 296
156 160 162 160 157 166 167 180 178 181 181 190 191 181 179 183 186 186 188 188 191 195 200 200 201 201 192 192 204 211 216 220 221 223 227 229 226 234 236 233 243 251 259 255 255 253 250 246 238 234 225 221 205 210 203 203 219 238 251 259 278 282 284 286 289 292 293 292 290 285 285 283 291 286 289 292 294 295 299 299 299 300 294 288 298 294
158 163 175 181 178 168 168 170 183 188 192 191 199 188 183 185 191 190 193 194 199 198 200 200 200 200 203 198 201 207 217 222 227 225 236 237 240 243 245 246 252 254 256 255 252 251 248 246 234 222 214 209 205 196 207 213 226 239 254 267 273 281 284 287 290 291 293 294 294 295 288 289 292 291 293 294 294 296 298 298 299 299 298 292 297 296
150 153 169 182 187 179 172 178 171 178 190 196 200 198 210 211 209 207 191 193 192 193 195 197 198 201 207 204 218 220 230 237 234 223 232 234 238 241 246 250 246 246 251 242 239 241 243 236 224 212 210 213 203 204 223 231 230 242 257 264 273 279 283 288 288 289 290 292 293 295 296 288 287 289 289 290 296 296 296 297 299 299 299 296 294 293
152 154 161 179 187 190 191 188 192 184 183 190 192 190 187 197 205 217 217 202 191 193 194 194 196 213 230 232 232 232 238 227 225 225 232 235 238 241 248 246 241 236 236 220 227 227 202 208 211 212 217 212 203 220 233 248 246 249 255 269 273 282 285 286 286 286 290 289 288 292 296 296 292 289 292 293 292 294 296 297 298 300 297 298 296 290
149 154 168 184 182 185 193 193 194 196 194 196 196 184 187 188 193 195 209 220 204 191 193 197 212 228 228 223 222 219 222 215 221 224 231 234 241 242 246 242 233 225 227 209 202 205 206 212 216 220 214 210 207 209 229 237 249 260 260 268 276 283 284 286 289 288 291 292 289 295 296 297 297 294 294 295 293 294 300 298 300 300 295 296 293 292
153 155 155 150 163 163 172 179 188 198 206 215 212 193 192 193 195 198 198 213 215 220 194 203 222 226 221 214 211 203 207 211 214 220 233 240 239 241 240 246 225 222 217 206 201 205 207 216 214 219 202 200 199 215 216 230 246 258 265 273 277 281 282 288 285 288 286 289 293 290 286 291 298 297 299 299 299 299 298 299 299 299 298 295 290 286
154 153 151 156 161 168 176 182 184 197 205 213 212 193 194 195 194 198 200 208 216 225 223 223 227 223 212 205 200 204 207 208 211 223 235 240 235 235 232 223 211 208 206 202 203 201 199 202 215 209 201 194 209 222 237 247 252 261 264 271 275 285 287 284 282 277 282 284 290 293 292 292 296 299 298 298 298 298 295 296 298 299 296 291 285 278
154 145 155 155 159 172 175 184 193 198 202 201 221 190 192 193 193 197 199 199 199 202 215 224 215 205 204 197 198 201 207 208 217 228 239 226 230 227 221 219 215 206 202 205 199 195 204 206 222 208 195 200 216 217 234 252 260 264 272 275 281 286 289 286 277 274 276 285 290 293 294 297 298 298 297 298 294 294 295 295 297 299 295 287 277 271
159 157 151 170 170 176 181 181 191 197 217 217 220 208 197 197 195 196 196 198 199 201 211 218 207 197 192 197 199 209 214 216 225 236 236 221 227 221 223 228 224 218 209 203 198 204 204 219 222 208 196 202 223 236 249 259 267 271 276 278 285 289 292 284 276 275 281 285 291 294 296 296 299 297 292 293 293 294 295 291 292 298 294 277 272 268
166 162 171 177 175 184 189 182 183 186 194 216 224 219 208 209 200 199 197 198 198 198 203 210 199 186 188 202 206 213 217 216 214 231 222 219 221 221 220 219 215 209 196 197 205 209 214 224 222 207 200 215 233 246 250 257 263 278 281 279 281 286 292 289 286 284 287 292 295 295 296 290 295 295 292 293 293 293 291 283 294 287 273 283 264 257
168 168 166 179 185 188 191 192 189 194 211 222 228 232 218 223 219 213 203 201 201 197 198 202 191 191 193 198 206 217 217 219 228 229 219 209 218 221 221 219 215 205 198 205 212 215 216 224 227 214 216 218 235 248 257 265 266 282 284 289 288 288 294 292 288 293 297 298 298 294 292 292 297 292 292 291 291 291 292 297 285 273 269 280 261 259
170 172 168 164 177 184 191 195 196 195 202 207 217 225 231 229 227 213 203 199 195 192 187 192 198 200 203 205 205 213 217 217 220 225 222 220 221 221 220 220 206 202 204 207 213 215 219 231 231 213 223 230 245 252 262 268 276 282 286 289 291 292 294 295 296 296 296 296 297 298 295 295 298 292 291 288 286 296 278 270 276 259 264 277 266 266
171 174 168 176 182 188 192 195 195 195 197 203 205 205 228 231 224 215 214 196 197 195 187 194 195 202 204 209 208 211 212 206 203 206 210 217 221 221 214 206 206 209 207 212 220 216 227 240 234 226 231 239 251 262 266 271 276 284 287 290 293 294 295 295 296 296 295 296 292 298 295 291 292 293 289 282 280 289 287 270 259 255 261 276 266 261
175 176 179 183 186 196 194 195 201 192 194 200 205 211 217 233 233 228 218 200 200 199 193 199 203 201 201 206 209 209 208 205 193 178 191 199 207 205 205 212 212 207 208 221 224 219 229 235 248 243 241 258 255 256 267 267 278 283 289 292 295 296 296 296 290 291 291 289 291 289 290 289 290 284 281 272 291 287 263 258 256 255 259 271 261 254
180 182 182 188 191 200 198 199 201 189 195 201 206 207 213 234 237 227 216 208 206 207 198 203 204 202 200 205 210 207 213 206 197 194 196 197 206 208 207 212 212 214 222 229 226 222 228 238 257 258 259 264 258 259 273 281 284 288 287 288 294 296 293 289 285 286 287 288 288 288 289 286 279 271 264 264 275 294 269 250 257 267 263 268 261 252
180 181 191 195 198 198 207 203 205 196 203 206 208 213 224 235 239 220 228 226 213 211 209 205 207 211 213 204 209 210 217 205 195 199 205 207 205 211 212 217 221 225 226 236 226 229 241 245 253 272 274 270 264 268 271 276 278 281 278 288 294 293 287 284 285 286 286 286 287 289 287 279 272 259 257 269 288 272 277 265 266 266 263 248 259 252
192 186 188 190 191 203 209 211 210 206 203 210 212 210 206 227 234 244 244 236 227 223 222 200 206 208 220 214 215 217 220 206 191 211 211 220 211 214 220 222 224 230 237 232 224 235 247 259 260 271 280 265 265 268 270 273 273 276 282 291 295 289 283 284 284 285 285 285 287 286 282 282 259 260 272 291 293 262 270 268 269 263 255 249 250 249
215 189 188 190 192 195 201 205 211 215 212 214 211 212 210 218 221 220 234 247 240 234 214 202 203 213 221 224 222 218 227 223 205 214 218 217 221 227 225 223 234 237 241 233 233 240 253 265 274 273 281 274 264 272 271 271 270 274 283 291 295 289 283 282 284 285 283 284 285 282 275 266 271 280 292 283 271 268 270 269 269 265 256 254 240 237
221 208 191 192 193 196 200 199 206 211 217 217 212 214 212 217 215 219 235 237 244 230 219 203 213 222 226 228 224 221 225 230 226 220 224 227 232 236 241 236 239 242 249 232 249 250 268 275 288 284 284 281 272 278 286 274 275 279 285 293 295 291 290 284 283 278 279 280 281 273 273 280 281 292 278 260 271 271 267 262 265 260 247 237 240 229
215 224 217 206 199 199 202 204 205 206 210 215 221 218 221 219 220 220 222 228 245 245 238 231 217 227 229 222 228 226 229 238 231 222 222 229 233 236 238 241 248 257 260 256 254 259 289 288 285 289 288 285 272 282 285 280 294 288 290 289 288 289 288 284 276 275 277 278 275 282 285 286 292 292 281 280 272 269 266 259 255 258 253 245 234 225
211 223 226 223 219 216 210 205 208 208 209 216 217 220 221 222 221 223 220 220 234 249 249 231 228 231 227 227 231 233 234 239 239 233 225 233 237 238 242 238 244 256 258 263 263 275 283 266 275 290 290 291 291 292 292 293 281 281 281 284 282 283 280 272 268 268 272 275 287 286 291 291 292 288 286 280 269 261 255 252 249 255 248 248 240 238
201 210 221 223 218 229 225 217 214 211 210 213 218 220 223 224 228 227 228 225 231 240 251 244 244 235 227 231 234 235 237 238 246 248 245 241 242 243 245 246 247 250 252 260 287 287 288 262 276 284 288 289 289 290 283 281 286 290 284 272 272 272 271 256 262 260 264 275 290 290 290 291 291 289 286 283 272 261 244 245 241 250 244 244 237 235
194 203 206 202 201 219 236 230 226 212 213 212 215 221 224 224 226 227 229 228 235 238 248 255 252 238 249 236 234 238 240 243 243 247 253 251 249 248 249 252 254 259 265 273 287 271 255 265 273 270 274 282 284 282 278 283 290 286 278 261 264 263 262 257 257 256 268 273 290 288 290 290 290 290 284 278 269 252 241 242 234 250 243 237 223 223
195 192 194 200 208 211 223 231 235 229 214 217 217 216 220 222 226 232 234 232 233 236 248 251 264 262 256 250 249 241 243 242 245 243 247 250 261 254 262 269 264 269 280 286 275 258 258 263 266 265 263 273 277 281 287 290 288 278 267 261 256 251 255 257 262 259 267 279 286 284 283 288 290 286 278 273 260 252 237 234 231 237 239 225 224 217
195 189 200 207 211 217 224 230 239 238 220 216 215 216 220 221 224 227 233 235 236 237 238 258 255 263 261 261 254 252 256 260 253 243 249 251 253 254 255 275 276 279 286 271 256 246 254 265 273 272 265 274 284 288 288 287 286 272 266 257 253 256 261 263 268 262 267 284 281 280 280 289 289 285 272 267 259 242 235 227 224 231 229 217 222 217
192 189 200 204 200 207 216 226 227 241 230 221 213 220 222 224 224 229 230 235 238 238 241 251 265 267 267 266 262 262 261 265 262 255 251 255 254 256 258 271 277 283 267 254 239 249 257 269 277 282 279 281 286 283 284 282 283 280 266 253 253 258 267 271 275 275 285 288 267 275 286 289 289 284 276 269 258 252 237 225 221 225 220 216 215 214
195 194 196 197 203 206 223 233 235 245 233 221 220 223 226 225 227 228 235 238 242 242 244 243 246 245 255 269 269 274 270 266 268 259 253 256 260 262 268 275 284 272 263 244 241 256 266 273 275 280 284 286 283 279 271 267 273 276 263 257 253 260 261 264 273 278 283 288 271 275 283 287 288 282 277 261 251 239 236 228 230 223 221 225 214 214
204 204 197 206 222 221 223 239 247 242 230 225 224 227 228 232 234 232 236 240 244 244 245 245 244 244 244 252 268 271 273 275 274 268 261 261 264 263 276 284 271 256 234 223 241 259 258 270 278 283 280 281 281 275 263 256 270 269 261 253 249 259 267 280 281 285 287 288 274 282 286 286 285 285 273 256 251 242 241 233 240 232 233 218 221 217
215 214 211 216 228 233 236 243 246 234 223 224 230 230 231 237 236 237 242 243 247 247 247 247 244 244 245 247 258 260 260 267 274 275 273 264 264 263 283 276 258 248 230 228 239 252 253 264 272 283 282 276 279 271 261 262 266 259 252 247 243 252 261 271 283 281 288 283 280 285 284 283 280 286 273 264 258 253 235 241 249 232 224 215 210 210
219 227 216 225 229 240 243 244 248 231 226 223 233 234 237 238 239 241 244 244 246 247 247 245 245 245 246 248 251 256 265 263 266 268 266 282 282 282 276 269 255 245 242 231 239 247 251 263 272 278 274 274 273 268 264 258 257 248 234 235 237 258 264 274 278 282 287 287 285 284 284 281 273 276 279 270 264 249 238 248 245 222 215 208 205 207
226 233 224 233 233 237 243 248 246 235 232 229 234 236 237 240 240 239 244 244 242 242 243 245 247 246 250 252 256 255 266 271 268 271 277 278 268 264 255 255 266 253 240 229 230 240 251 268 268 275 273 270 268 264 261 249 240 222 224 234 249 256 266 268 275 287 287 284 282 275 280 272 268 261 265 277 268 254 255 253 232 223 225 211 206 206
