data/layers/bio5.asc
NCOLS 507 
NROWS 956 
XLLCORNER -77.7833333333333 
YLLCORNER 0 
CELLSIZE 0.00833333333333335 
NODATA_value -3.4e+38 
[rows 342 to 379 of 956, columns 86 to 171 of 507]
305 306 305 307 307 307 307 308 308 307 306 306 308 308 308 309 309 308 308 310 309 307 308 309 309 309 309 310 309 310 308 308 309 309 309 311 310 312 311 310 311 310 312 313 315 314 314 315 315 315 312 315 314 314 314 314 314 312 313 311 312 311 310 311 313 313 314 313 311 312 310 304 299 301 307 312 310 307 307 307 305 296 292 283 275 259
304 305 308 307 307 307 308 308 307 307 304 307 307 308 307 307 308 307 308 308 308 308 308 308 310 311 309 310 310 308 308 308 308 309 311 311 311 312 311 310 311 311 312 312 314 315 315 315 314 314 313 312 314 314 313 313 312 312 310 311 312 312 312 312 313 313 311 312 312 312 312 305 303 307 309 307 302 301 304 304 300 292 295 285 278 264
307 307 307 307 308 308 308 308 308 307 307 307 307 308 307 308 308 308 308 308 308 309 309 309 311 309 309 309 309 309 308 308 308 308 308 311 311 311 312 311 311 312 311 312 314 313 314 314 315 315 315 314 314 313 313 311 310 311 312 313 314 313 313 313 311 311 310 309 310 310 310 309 310 312 305 299 297 305 306 305 303 305 300 293 281 274
307 307 307 308 308 308 307 307 307 307 308 307 307 307 308 308 308 308 308 308 308 310 309 308 309 309 309 308 309 309 308 308 309 308 310 310 311 311 310 312 311 312 312 313 313 312 311 314 314 313 314 315 315 315 314 313 313 313 313 315 314 312 310 310 311 313 311 310 309 309 308 311 309 303 306 297 296 305 308 308 306 307 302 298 289 295
305 307 306 307 307 308 308 308 307 308 308 306 305 307 308 308 308 308 308 308 308 309 308 310 308 310 309 309 308 309 309 309 308 309 309 310 309 309 310 311 312 311 311 312 312 312 313 314 314 314 313 313 314 314 312 312 314 314 314 313 311 311 311 309 311 312 310 311 311 308 309 309 310 309 300 298 291 301 307 308 310 307 302 301 298 297
306 307 307 306 307 308 308 307 306 305 305 307 309 308 309 309 308 308 308 308 308 308 308 308 308 309 309 309 310 308 309 309 309 310 309 309 309 308 310 311 312 313 311 311 312 313 313 314 314 314 314 313 312 314 315 315 314 314 315 314 312 313 312 310 309 310 308 309 309 308 309 309 308 308 305 302 295 305 308 311 311 310 309 307 302 299
306 307 307 307 307 307 307 307 307 307 307 308 308 308 308 308 308 309 309 308 309 309 309 309 310 308 310 310 308 309 309 310 310 309 309 310 309 309 310 311 312 312 312 312 313 313 313 313 312 313 314 313 312 312 312 313 313 312 313 313 312 312 310 310 311 310 310 310 309 307 305 307 305 306 306 302 293 291 305 309 313 310 305 299 293 287
306 307 307 307 307 307 307 308 308 307 307 307 309 308 308 308 307 308 308 308 308 308 308 308 309 309 310 310 309 309 309 310 310 309 309 310 309 309 310 311 312 312 312 313 312 313 313 313 312 314 314 313 314 314 313 312 313 312 312 313 312 309 309 312 308 312 309 308 306 307 306 305 303 304 304 300 295 296 303 310 314 311 309 304 304 302
305 307 306 305 306 306 307 307 307 306 306 306 306 309 308 308 308 308 308 308 308 308 308 308 308 308 308 310 310 309 310 309 308 308 309 309 310 310 310 310 311 312 312 312 313 313 313 313 313 313 314 313 312 312 313 312 312 310 310 311 311 309 313 311 308 309 310 308 310 308 307 308 306 307 303 299 292 300 309 310 312 311 301 310 308 306
302 304 307 303 303 304 303 307 305 302 302 302 305 307 307 308 307 308 308 307 307 308 308 308 308 308 308 308 308 309 309 309 309 308 308 308 311 306 308 311 312 312 312 312 313 313 313 313 312 311 313 313 312 312 312 311 311 310 311 313 313 310 313 310 310 309 308 308 306 310 308 306 304 303 300 295 297 306 312 313 312 307 303 296 301 301
305 305 306 307 305 304 304 305 307 305 304 304 306 309 308 307 308 307 308 308 307 307 308 308 308 307 308 308 308 310 310 308 309 308 308 306 310 309 311 311 312 312 312 311 313 312 313 312 312 312 311 311 312 312 312 311 311 311 310 313 311 312 312 310 310 312 309 308 306 307 308 307 305 306 297 300 306 310 313 312 311 310 304 302 300 294
305 307 306 304 302 302 304 302 304 301 302 305 305 307 307 308 307 307 307 307 307 308 308 307 306 308 308 308 309 308 309 308 308 309 307 309 310 311 311 311 312 312 312 312 312 312 312 313 313 313 312 312 312 311 311 312 311 309 309 310 310 310 309 310 309 309 309 308 307 305 307 303 305 303 299 301 304 308 313 310 308 310 309 303 293 290
307 306 304 304 304 302 301 300 301 304 306 306 305 306 307 307 307 308 307 308 308 308 308 308 308 307 307 308 309 309 309 308 308 309 310 310 310 311 311 312 312 312 312 312 312 312 312 312 312 312 312 312 311 311 310 311 309 309 309 310 306 307 308 308 308 308 309 309 309 308 305 307 309 307 306 308 307 309 310 307 304 305 306 302 292 290
306 305 304 306 305 304 304 302 305 305 305 307 306 307 307 307 306 307 307 307 307 308 307 308 308 307 307 308 308 309 309 308 308 308 309 311 311 312 311 312 312 312 312 312 312 312 312 312 312 312 312 312 312 311 310 310 310 310 310 305 302 305 304 306 301 304 306 307 309 309 308 307 310 310 310 313 311 313 310 307 301 297 296 296 306 306
305 305 306 306 306 305 305 305 304 305 306 307 306 306 307 307 307 307 307 307 307 308 307 307 307 307 307 308 308 309 309 308 308 309 310 310 310 311 312 312 312 312 312 312 312 312 312 312 312 312 312 312 311 310 310 311 310 309 306 305 308 306 307 304 297 298 305 306 308 304 306 311 311 312 313 313 313 314 311 312 308 304 300 308 312 313
305 306 305 305 305 306 306 306 305 305 307 305 304 306 306 306 307 307 307 307 307 307 307 307 307 307 308 308 308 309 309 308 309 309 310 310 311 311 311 312 312 312 312 312 312 312 312 313 313 313 311 311 311 311 311 310 309 309 309 310 311 310 308 306 301 301 305 305 305 306 309 313 314 313 310 313 313 313 313 314 312 312 313 311 307 308
305 305 305 305 305 306 306 306 304 305 306 306 305 305 307 306 307 306 306 307 307 307 307 307 308 308 308 308 308 308 308 309 310 310 310 310 310 310 311 311 311 312 312 312 312 312 312 312 313 313 313 312 312 312 310 311 311 309 311 311 310 308 307 304 305 307 309 305 302 307 313 308 304 302 304 306 307 308 314 312 311 306 306 308 305 301
305 303 303 304 306 303 302 305 305 302 305 304 304 305 307 307 306 306 306 307 307 306 306 307 307 307 307 308 308 306 307 310 310 309 310 310 310 310 310 310 311 311 312 311 312 312 312 312 312 313 313 312 312 313 310 311 309 311 310 310 309 306 304 299 302 308 309 307 310 313 310 306 295 298 297 302 300 302 307 309 312 309 300 299 295 298
302 301 302 303 303 302 304 303 304 305 305 306 305 306 306 306 305 304 305 307 307 306 306 307 307 308 307 307 306 308 308 310 309 309 309 309 309 309 310 310 310 311 311 311 311 311 312 312 312 312 312 310 310 311 313 313 312 312 312 313 311 306 303 305 305 308 313 313 311 310 310 305 300 288 288 295 294 290 298 303 308 314 306 302 300 297
300 302 300 303 302 300 304 303 303 305 306 304 305 306 306 305 305 306 306 306 306 306 306 307 307 308 308 307 303 304 307 310 309 309 309 309 309 309 309 310 310 311 311 311 311 311 311 311 311 311 311 310 309 309 313 313 313 313 312 309 306 304 307 310 312 310 314 307 306 298 298 298 294 283 280 285 290 274 288 295 308 304 297 292 288 290
296 297 298 298 300 302 302 303 304 305 304 304 305 305 304 303 305 306 306 306 306 306 307 307 307 307 307 309 303 308 309 308 309 309 309 309 309 309 309 310 310 310 310 311 311 311 311 311 310 310 310 310 310 309 309 312 313 310 307 309 307 304 307 310 313 314 313 305 298 290 284 292 295 283 272 276 276 272 293 304 314 304 290 282 285 292
299 300 298 299 301 302 303 302 303 304 303 306 305 304 304 306 306 306 306 306 306 306 306 306 306 306 305 307 308 309 310 309 308 309 309 309 309 309 309 309 310 310 310 310 311 310 310 310 310 310 310 310 310 309 309 309 311 309 308 313 308 306 309 313 312 307 303 298 288 281 273 274 283 272 265 269 274 291 301 313 302 300 301 301 301 304
299 300 300 302 301 302 302 302 302 302 303 303 304 304 305 305 306 306 307 306 306 306 306 307 306 306 306 307 309 307 308 308 308 309 309 309 309 309 309 309 309 310 310 310 310 309 309 310 309 310 310 310 310 309 309 310 310 309 306 313 311 313 312 309 306 307 304 296 286 281 267 262 278 283 280 278 288 296 310 303 302 311 307 309 311 310
301 301 301 302 302 302 302 302 302 302 303 303 304 305 305 305 305 306 306 307 307 306 306 307 307 307 308 307 308 307 307 308 308 309 308 308 309 308 309 309 309 309 309 310 309 309 309 309 311 311 309 310 310 309 310 310 308 305 303 309 313 313 309 303 304 302 302 301 293 289 279 268 278 291 287 282 300 307 311 308 309 302 293 300 298 299
300 300 301 301 302 302 301 301 302 303 302 303 304 304 305 305 305 305 305 307 306 307 306 307 307 307 308 308 308 306 307 307 307 308 307 308 308 307 307 307 309 309 309 309 309 309 309 310 311 310 309 311 310 309 311 309 306 303 298 306 311 306 304 298 297 294 298 293 297 288 273 272 282 292 299 301 310 301 288 303 300 297 282 279 285 282
300 301 301 301 301 301 302 303 303 302 302 301 301 305 305 305 305 306 306 307 307 307 307 307 307 307 308 308 306 307 307 307 307 307 307 307 307 307 307 307 309 309 309 310 309 309 309 311 310 310 311 311 310 311 309 308 306 303 301 307 312 302 302 297 292 287 281 288 295 290 278 274 287 300 305 307 302 291 274 268 279 283 274 260 261 267
301 301 300 302 302 302 302 302 303 302 299 296 303 304 304 305 305 305 306 306 307 308 308 306 307 308 308 308 307 307 307 307 307 307 307 307 308 307 307 307 309 309 309 309 310 310 311 310 309 311 311 309 310 309 310 308 305 301 303 308 309 307 301 292 285 274 279 288 282 279 279 278 291 299 303 307 303 295 278 267 265 260 265 265 270 268
300 300 300 301 301 302 302 302 302 300 297 302 304 305 305 305 305 305 306 306 307 306 306 306 305 308 308 308 309 306 307 307 307 307 307 308 308 308 308 308 308 309 308 310 310 311 311 311 311 311 310 310 311 312 310 310 304 299 303 305 304 305 299 290 280 270 277 281 277 266 275 276 286 292 301 308 300 291 286 287 279 284 280 277 275 277
301 302 301 301 303 303 302 302 301 299 298 304 304 304 305 306 306 306 306 306 308 306 306 306 307 306 308 309 307 308 307 307 307 307 308 308 309 309 309 308 308 309 309 310 310 311 311 310 310 309 310 311 311 309 305 301 296 298 302 301 301 305 301 295 279 265 272 273 261 263 269 276 283 292 303 299 288 297 296 294 288 291 288 288 285 285
299 301 302 302 302 302 302 301 300 298 301 304 304 304 304 304 305 305 305 305 306 306 306 305 306 306 306 307 306 307 307 306 307 307 308 308 308 308 308 308 308 309 309 310 310 311 311 310 310 310 309 310 311 308 301 297 298 296 300 302 302 295 296 293 288 275 266 258 251 262 277 286 290 298 305 296 297 303 302 305 299 303 295 300 286 294
299 299 301 301 303 303 300 300 297 301 304 303 304 304 304 304 305 305 305 305 305 306 305 306 305 307 305 305 305 306 306 306 307 307 308 308 308 308 308 308 308 308 309 310 311 311 311 310 310 309 311 311 311 309 305 303 303 303 303 301 295 289 277 270 275 283 272 250 256 262 274 284 293 302 301 303 304 298 295 300 305 303 302 303 300 300
301 296 301 301 303 303 301 300 298 303 303 303 304 304 304 304 304 304 305 305 305 306 305 307 306 305 304 306 306 306 306 306 307 308 308 308 308 308 308 308 308 308 309 310 311 310 310 311 310 310 310 311 311 308 309 310 308 307 304 301 293 285 271 263 273 274 271 261 256 272 274 282 293 305 293 295 300 304 303 290 294 297 301 303 302 301
301 298 299 302 301 303 302 301 303 303 303 303 303 303 304 304 304 305 305 305 305 305 305 306 305 305 305 307 306 306 306 307 307 308 308 308 308 308 308 309 309 309 309 310 310 310 311 310 310 311 310 312 311 310 311 306 303 301 300 299 286 273 265 263 268 262 265 260 268 281 287 290 300 302 295 293 294 295 300 292 286 291 299 297 300 295
302 301 301 301 303 302 301 299 302 303 303 303 303 303 304 304 304 305 305 305 305 305 305 307 305 305 305 307 306 306 307 307 307 308 308 308 308 308 308 309 309 309 309 310 311 311 310 310 310 311 310 311 311 312 311 309 302 297 297 293 283 275 267 261 262 255 255 255 268 271 277 289 295 303 299 285 279 290 301 299 295 291 283 293 297 286
298 302 302 302 303 301 301 300 302 303 303 303 303 304 304 304 304 305 305 306 305 305 306 306 305 306 305 306 306 307 307 308 307 309 309 308 308 308 309 310 310 310 309 310 310 311 310 311 311 312 311 313 311 310 311 308 310 302 297 293 285 273 258 256 262 247 245 244 251 251 265 278 287 303 303 303 287 278 284 287 283 283 283 282 294 285
302 300 303 302 302 301 300 299 302 303 303 303 303 304 304 304 304 305 305 305 305 305 307 306 305 306 306 306 306 306 308 308 308 308 309 309 309 309 309 310 310 310 310 310 311 311 311 312 312 313 313 312 311 309 311 311 310 304 298 292 287 274 260 253 261 252 240 232 252 270 275 281 286 292 298 302 294 290 294 290 291 281 291 290 285 277
301 304 303 302 302 302 301 302 303 302 303 303 303 304 304 304 304 304 305 306 305 306 306 306 306 306 307 307 306 307 308 308 308 309 309 309 309 309 309 311 310 310 310 310 310 311 312 311 313 312 311 311 310 310 308 305 306 302 298 293 286 269 259 248 257 255 244 242 262 271 273 280 284 292 296 296 300 300 300 298 301 297 297 291 287 283
303 303 302 302 300 301 300 303 303 303 303 303 303 304 303 304 304 304 305 305 305 306 307 307 306 307 307 307 307 306 306 308 307 309 309 308 308 309 309 310 311 311 311 311 311 312 312 313 311 312 311 310 311 309 304 300 298 302 298 292 284 270 263 251 255 249 239 252 260 261 271 278 284 286 293 291 297 293 288 295 289 297 300 277 276 267
