data/layers/bio6.asc
NCOLS 507 
NROWS 956 
XLLCORNER -77.7833333333333 
YLLCORNER 0 
CELLSIZE 0.00833333333333335 
NODATA_value -3.4e+38 
[rows 429 to 467 of 956, columns 178 to 266 of 507]
129 134 122 122 131 138 143 141 141 139 134 148 153 154 156 166 163 165 170 176 176 176 176 177 177 177 177 177 176 177 176 174 174 176 176 176 174 173 172 171 170 170 167 168 165 163 163 165 166 168 168 169 170 172 168 167 167 167 168 171 171 170 169 169 165 163 158 159 150 158 144 144 139 141 139 127 117 108 84 52 47 56 50 51 44 30 23 36 41
137 134 128 129 136 143 145 145 144 141 142 146 149 157 161 160 162 176 176 176 176 176 176 176 177 177 177 177 177 177 176 173 175 176 176 176 176 175 174 172 171 169 170 165 156 162 161 164 164 164 169 169 170 171 168 167 167 167 166 171 170 170 166 165 164 161 151 150 144 152 144 140 136 138 134 125 108 103 92 47 39 45 38 40 30 25 31 34 51
134 134 135 136 143 143 145 143 148 149 149 156 158 160 159 158 163 176 177 176 176 176 176 176 177 177 177 177 177 176 176 175 176 176 176 176 176 175 174 174 172 171 169 159 156 159 160 161 165 168 168 168 169 170 170 169 167 166 167 170 171 170 170 165 165 163 158 151 142 148 147 143 129 131 128 115 102 89 42 55 61 61 46 32 30 22 28 30 36
139 139 132 143 146 146 146 144 152 152 154 161 160 167 162 163 176 174 175 176 176 177 177 176 177 176 176 177 177 176 176 176 176 176 176 176 176 176 174 173 172 169 169 161 156 157 161 163 165 166 166 167 170 170 169 167 168 169 166 169 170 170 168 168 164 158 150 148 142 141 145 140 122 122 117 102 86 76 56 66 77 72 51 39 25 24 28 32 35
145 140 143 146 148 147 148 152 154 155 162 162 161 170 169 173 176 177 177 177 176 176 177 176 177 177 176 177 176 176 176 174 175 175 176 174 175 176 174 174 171 167 167 166 153 159 160 162 162 164 165 167 170 170 169 167 164 167 166 168 170 170 168 165 164 160 153 144 137 132 134 137 133 114 122 106 100 87 78 79 89 72 63 50 28 28 33 38 39
141 145 146 148 147 149 152 153 158 161 156 168 171 174 175 176 176 176 176 177 176 177 176 176 177 177 177 177 176 175 173 173 173 172 172 170 172 173 174 173 170 164 167 164 154 162 161 159 160 164 166 168 170 169 168 166 166 166 165 165 169 169 166 165 156 149 137 136 134 124 121 134 128 134 125 116 116 100 100 102 88 76 66 48 27 28 38 53 52
136 140 139 145 149 152 154 152 151 147 144 158 168 175 175 176 176 177 176 177 177 177 176 176 176 177 177 177 176 174 171 172 170 172 169 167 175 170 174 172 171 167 164 163 155 157 158 154 158 163 164 168 166 168 168 166 166 166 165 165 169 168 165 163 161 156 146 146 139 124 131 138 135 130 116 98 106 104 107 96 79 60 57 41 25 33 54 59 65
132 134 136 144 149 153 152 149 146 146 149 154 173 174 176 176 176 177 177 176 177 177 176 177 177 177 177 176 177 173 173 174 170 170 167 167 171 170 173 172 168 164 163 156 149 155 157 152 157 163 166 168 167 167 168 164 166 166 166 164 169 166 166 152 148 152 147 135 121 129 138 139 123 124 110 95 89 90 88 90 85 65 56 45 30 38 53 62 61
137 134 143 142 151 152 148 156 152 154 160 161 168 170 176 176 177 177 177 177 177 177 177 177 177 177 177 177 177 173 174 174 173 171 170 171 168 169 173 171 166 166 165 161 152 152 152 152 154 160 166 165 164 161 165 162 164 159 163 164 168 162 164 159 149 143 140 130 130 138 142 136 119 111 102 80 88 82 85 87 83 71 61 48 27 33 41 56 58
138 138 144 143 146 144 147 157 161 168 166 175 176 176 176 176 177 177 177 177 177 177 177 177 177 177 177 177 177 176 175 173 173 171 175 172 170 172 173 169 167 167 164 161 155 150 150 148 151 162 162 160 154 151 153 156 158 154 159 162 165 160 152 156 155 147 132 141 144 146 143 123 123 94 85 77 73 74 75 70 72 59 44 36 22 24 36 50 64
142 143 143 146 145 139 147 152 160 167 172 175 176 176 176 177 177 177 177 177 177 177 177 176 176 176 176 175 172 175 176 172 175 175 176 173 175 174 173 173 170 170 162 153 150 146 149 148 150 161 157 153 150 147 150 149 146 150 158 157 167 166 165 147 144 143 137 142 142 138 134 129 118 97 73 86 69 66 52 54 70 50 25 24 20 36 39 54 64
141 142 143 141 143 147 154 154 160 162 166 176 176 176 176 177 177 177 177 177 177 177 178 177 177 177 175 170 173 176 176 176 176 176 174 176 175 173 173 168 168 168 160 148 148 143 148 152 159 156 157 154 150 148 142 139 137 153 153 156 164 167 157 155 149 131 144 151 145 139 116 120 108 97 98 93 85 72 41 44 60 39 23 17 24 23 31 42 56
139 139 141 138 143 156 159 156 164 169 173 176 176 176 176 177 177 177 177 178 177 177 177 177 177 176 175 171 171 174 173 172 175 176 173 173 174 172 172 166 166 166 159 149 148 147 146 150 156 159 156 150 145 143 132 123 143 149 145 150 165 158 149 154 144 152 148 147 146 141 137 137 133 100 110 97 93 81 66 50 52 30 20 16 18 25 28 45 55
138 139 139 138 152 157 164 161 166 175 176 176 176 176 177 177 177 177 177 177 177 177 177 177 177 176 175 171 173 174 171 170 176 176 172 172 174 172 171 169 168 164 156 149 147 147 145 150 155 158 156 154 149 147 128 121 139 140 142 147 165 153 143 130 134 141 149 140 137 134 125 123 122 121 115 105 97 72 62 43 39 27 23 19 14 18 32 46 47
138 138 136 149 158 165 170 165 165 160 176 176 176 176 177 177 177 177 177 177 177 177 177 177 176 176 170 170 173 172 170 172 176 175 169 169 172 173 172 168 166 160 156 149 148 146 144 145 150 155 153 150 149 143 131 132 141 149 151 154 160 151 138 120 122 138 147 139 134 128 112 106 105 111 110 92 84 71 55 38 25 17 15 18 16 19 23 34 29
143 144 145 153 164 167 172 174 167 169 176 176 176 177 177 177 177 177 177 177 177 176 176 176 176 173 171 170 171 171 170 175 175 174 172 168 172 173 171 168 166 164 155 148 148 146 142 143 152 153 149 144 138 136 116 131 148 147 148 155 160 148 126 105 122 140 141 142 127 116 113 94 85 93 104 91 66 52 37 21 24 17 21 21 15 17 18 24 20
149 146 149 157 165 170 174 175 176 177 177 176 176 177 177 177 177 177 177 177 177 176 176 175 173 170 168 170 170 173 174 175 174 172 170 170 172 172 170 168 168 165 161 153 148 143 142 145 151 145 142 145 136 126 121 134 141 156 156 146 157 152 122 113 118 130 129 122 129 122 106 90 74 83 96 95 81 61 36 23 17 23 30 21 25 18 20 25 27
148 147 150 157 165 171 175 176 176 177 177 176 176 177 177 177 177 177 177 177 177 176 175 174 174 171 172 171 169 172 172 175 174 175 172 173 172 172 168 167 167 164 158 152 146 141 141 137 147 139 134 137 130 119 133 146 149 153 157 142 149 160 137 123 131 120 123 114 119 110 95 91 77 75 82 72 76 64 31 25 19 30 22 23 29 28 21 23 25
152 150 154 159 162 170 175 176 177 177 177 176 176 177 177 177 177 177 177 177 176 174 174 175 169 170 172 169 172 174 174 175 174 174 174 173 172 170 169 169 168 165 161 156 160 152 144 130 138 134 127 129 123 119 138 149 148 150 149 122 145 155 141 131 138 126 112 103 106 100 83 83 72 54 56 55 56 47 29 30 29 37 24 19 40 35 26 19 25
153 156 159 157 158 166 176 176 177 177 177 176 176 177 177 177 177 177 177 177 174 175 174 170 168 170 171 168 171 173 172 175 174 174 173 174 172 170 169 170 169 159 163 161 153 148 148 142 131 133 119 120 113 126 144 140 147 159 139 122 134 150 151 146 138 129 113 99 88 86 80 91 73 73 67 37 28 27 23 24 43 34 24 24 39 34 23 22 27
158 160 161 158 156 159 167 177 177 177 177 177 177 176 177 177 177 177 176 175 174 176 174 171 169 168 167 168 171 171 171 175 173 174 174 173 172 170 171 171 164 160 160 157 150 136 135 130 122 118 107 109 105 128 137 142 152 150 129 127 133 149 157 147 135 130 125 105 102 104 106 99 86 76 56 38 23 19 27 30 42 42 32 29 35 38 26 23 30
162 164 163 159 154 161 169 177 177 177 177 176 176 176 177 177 177 177 175 174 173 175 175 171 171 168 166 169 171 172 174 165 174 173 173 174 172 171 170 168 163 158 156 154 143 136 120 114 109 103 107 110 109 126 128 149 152 157 140 136 145 155 153 149 147 127 128 112 122 118 104 94 92 78 64 51 28 23 25 36 28 37 48 39 40 45 32 29 28
164 166 164 160 157 158 172 177 177 177 177 177 176 176 176 177 176 176 173 171 173 173 172 172 170 168 167 170 173 173 168 173 173 172 174 173 172 171 167 164 160 155 152 146 141 126 116 115 110 106 117 114 109 116 119 133 142 155 149 144 152 149 146 151 138 141 130 132 113 101 89 76 87 73 52 38 23 20 34 30 26 29 40 48 51 44 32 25 30
168 165 165 162 158 168 175 177 177 176 176 176 176 176 176 176 176 176 172 172 173 173 172 171 171 170 170 171 172 172 172 172 167 168 173 172 172 171 168 161 160 151 147 143 134 127 124 120 112 116 121 112 116 111 128 136 147 155 138 144 147 143 138 129 127 127 134 127 117 97 67 58 69 67 48 25 22 21 25 29 33 32 33 39 51 42 35 17 20
168 163 165 165 170 177 177 177 177 176 176 176 176 176 176 176 176 175 173 172 172 173 171 168 169 169 168 171 171 170 171 169 162 163 170 173 169 170 167 159 156 145 149 153 146 140 135 126 116 125 119 110 119 116 122 135 148 143 134 143 141 142 135 113 117 112 124 119 115 99 81 55 50 45 33 22 30 21 24 23 31 38 44 49 58 39 27 33 8
165 162 164 165 174 177 177 177 177 177 176 177 176 177 176 176 176 176 176 171 171 170 168 169 169 170 170 169 170 170 169 165 160 161 166 171 170 169 165 162 153 154 155 150 149 152 140 127 124 131 121 111 122 120 130 141 149 141 132 143 135 126 137 135 109 101 112 120 102 94 64 57 39 29 21 28 31 24 28 30 35 43 54 59 59 41 35 36 27
168 167 170 165 169 177 177 177 178 177 177 177 176 177 177 176 174 172 176 173 172 170 169 168 170 171 170 170 167 168 165 161 158 159 166 171 166 166 163 159 152 155 148 139 136 136 150 141 135 131 124 125 122 120 134 145 137 134 134 140 137 130 126 127 109 88 102 114 103 91 59 38 30 20 25 30 38 48 48 44 45 52 60 65 66 54 51 48 42
175 175 175 172 177 177 177 177 178 177 177 177 177 177 177 176 174 171 175 175 171 171 171 170 171 172 170 168 165 161 155 151 154 160 167 172 166 164 160 157 156 148 147 131 118 125 146 132 119 114 127 127 118 121 134 141 133 122 128 136 129 113 109 119 112 94 86 96 77 79 70 38 21 15 20 27 36 31 47 45 57 57 55 56 67 66 60 65 51
175 176 177 176 177 177 177 178 178 178 177 177 177 177 176 175 172 171 173 175 172 174 173 171 172 170 168 161 157 153 143 149 158 165 170 171 168 165 159 160 150 138 141 124 112 120 130 142 131 111 124 125 117 124 133 139 127 110 114 129 125 127 99 90 114 100 83 74 64 47 55 40 21 18 26 29 27 21 44 38 45 48 42 55 62 69 70 73 66
175 177 176 177 177 177 177 177 177 178 177 177 177 177 177 172 171 169 171 171 174 170 171 171 171 169 164 154 148 140 141 152 162 167 170 168 166 161 158 152 137 124 129 119 105 110 113 134 135 108 118 119 117 128 135 129 112 103 121 127 113 117 90 73 85 100 90 62 48 33 27 34 23 20 23 22 27 50 37 34 35 39 40 51 54 56 69 70 76
177 177 176 177 177 177 177 178 178 178 178 178 177 177 176 172 171 169 172 171 171 174 171 170 169 167 159 146 135 133 142 157 162 167 166 166 160 155 157 147 140 128 116 114 112 119 118 133 122 109 105 114 126 125 121 121 106 94 115 117 102 105 87 66 81 92 75 48 31 38 22 26 20 24 29 25 49 49 34 34 29 29 39 42 43 54 59 64 70
177 176 177 177 177 177 177 177 177 177 178 178 178 177 176 173 168 171 173 172 170 169 174 170 169 165 158 147 128 137 153 164 166 167 161 160 155 161 155 149 142 127 106 102 114 128 134 136 109 100 96 108 123 111 120 125 92 90 103 117 98 88 82 70 74 75 57 41 26 22 23 16 18 28 35 45 49 31 27 26 30 30 36 36 38 49 35 54 64
177 177 177 177 177 177 177 177 177 176 176 176 176 177 176 175 175 174 174 173 170 169 173 173 172 168 157 143 132 146 160 163 162 160 158 146 153 159 157 141 127 116 91 82 102 112 118 131 110 93 101 98 116 105 98 102 86 86 109 102 84 68 54 50 64 55 34 25 28 20 23 36 30 39 41 35 28 29 31 38 35 41 43 38 53 44 40 41 48
177 177 177 177 177 177 177 177 176 177 176 176 176 176 176 174 174 173 174 173 172 169 169 169 173 168 157 145 139 153 160 162 158 152 148 149 159 160 149 139 122 110 94 89 105 114 109 129 115 107 104 101 108 96 89 93 86 98 95 84 74 51 39 29 38 33 32 21 18 20 21 24 37 38 33 25 34 40 43 41 50 51 55 60 68 54 50 56 50
178 178 177 177 177 177 177 177 177 177 177 177 177 176 177 174 172 173 173 172 171 169 167 167 167 167 163 148 148 156 162 163 159 159 161 159 164 154 151 143 133 122 98 90 101 95 102 132 120 95 91 93 93 88 77 86 71 84 79 69 50 43 33 15 20 29 12 22 25 30 28 27 27 29 30 37 41 44 50 57 65 65 67 69 72 65 55 59 60
178 178 177 177 177 177 177 177 177 177 177 177 177 177 176 174 174 172 172 171 169 169 167 166 163 160 166 157 157 163 166 165 164 159 157 157 158 150 138 126 131 119 98 91 89 94 108 127 101 96 92 93 83 84 88 82 75 74 65 41 29 19 29 36 9 17 12 18 24 42 46 37 28 19 28 29 36 36 39 49 54 65 72 76 77 74 60 63 66
178 178 177 177 177 177 177 177 177 177 175 175 175 176 176 174 175 169 170 170 167 167 167 165 157 154 161 170 165 166 161 160 155 159 156 153 150 134 126 104 108 101 85 81 85 105 106 130 118 111 118 102 99 107 99 87 80 68 46 29 16 15 23 27 35 21 18 30 35 39 38 44 34 35 42 48 43 22 32 38 46 68 72 79 81 80 76 69 71
178 178 178 177 177 177 177 177 176 177 176 176 176 176 176 175 173 170 170 167 166 166 165 162 153 143 156 159 162 159 152 155 152 145 159 149 142 128 115 92 95 84 74 86 91 95 98 127 123 121 122 118 114 105 92 72 69 57 39 28 24 21 15 16 21 19 25 33 29 34 42 47 52 42 49 58 53 40 41 52 61 67 73 77 82 87 82 73 65
178 178 178 178 178 177 177 177 176 176 176 176 175 175 175 174 172 170 172 168 164 165 164 159 148 138 148 154 158 154 149 146 143 137 151 148 132 127 109 113 106 90 74 78 81 89 114 115 106 104 106 112 122 99 81 86 83 51 37 53 40 25 16 15 15 21 27 23 26 42 34 39 51 58 58 63 63 57 56 51 51 59 69 73 82 88 88 81 67
