data/layers/bio6.asc
NCOLS 507 
NROWS 956 
XLLCORNER -77.7833333333333 
YLLCORNER 0 
CELLSIZE 0.00833333333333335 
NODATA_value -3.4e+38 
[rows 195 to 233 of 956, columns 267 to 355 of 507]
153 153 153 154 151 151 150 143 141 143 136 115 108 100 112 112 113 113 115 114 115 114 113 113 113 112 112 112 112 112 113 115 111 111 109 107 109 114 123 125 124 123 127 129 133 134 138 140 137 137 133 140 149 153 155 161 161 159 159 157 160 165 167 166 170 172 168 170 175 178 178 168 162 165 164 169 169 172 180 184 184 186 188 192 194 190 199 201 202
153 154 151 150 144 144 147 140 126 117 128 116 106 102 109 110 111 114 114 115 113 113 113 112 112 112 111 113 112 114 115 116 116 119 109 107 109 110 123 129 132 125 128 130 136 140 138 138 141 137 132 129 145 153 158 161 167 169 159 156 156 161 167 172 174 177 176 173 176 176 178 174 173 168 167 166 168 171 179 181 186 185 185 181 180 187 190 192 201
153 149 146 145 136 135 142 139 117 109 115 115 111 106 105 106 105 108 112 113 112 110 110 111 112 111 111 112 111 111 111 112 112 119 118 115 112 111 116 128 135 129 128 136 132 136 138 139 139 137 136 133 144 149 153 159 165 171 165 156 160 161 162 162 163 170 176 176 177 178 177 178 175 175 169 166 171 175 177 177 181 184 181 181 184 185 186 191 197
152 147 140 140 124 123 134 126 115 111 115 116 116 112 107 105 106 110 112 109 112 109 110 110 111 111 110 110 109 110 110 111 112 118 127 131 132 125 119 130 135 135 131 132 136 136 136 136 138 138 137 132 131 134 144 164 169 173 170 167 157 164 158 160 161 167 175 178 177 175 176 176 178 177 172 167 168 168 171 173 177 181 181 182 181 184 181 184 191
152 148 138 129 113 110 118 111 107 113 116 118 117 115 111 109 108 111 112 108 111 111 111 110 111 112 112 111 110 110 111 112 117 120 122 128 129 130 130 121 135 135 135 129 134 136 136 136 135 137 137 136 132 135 149 156 163 173 173 166 163 167 169 168 169 174 178 176 175 175 175 178 178 178 175 170 172 171 174 177 181 183 182 182 180 178 182 185 193
149 143 135 117 107 108 112 108 104 109 113 117 119 116 114 106 108 110 110 107 111 109 110 111 113 114 113 114 111 112 115 120 125 127 120 125 128 128 134 130 135 136 136 129 130 134 135 135 135 136 136 137 134 144 152 161 166 167 172 174 173 175 176 176 177 176 178 171 172 175 176 177 176 177 179 176 170 167 178 181 183 184 182 181 182 182 181 186 193
147 143 133 108 103 106 110 110 106 107 109 112 116 118 115 102 108 109 110 109 109 111 111 113 112 114 115 114 114 117 118 116 116 116 121 126 125 129 131 135 134 136 135 136 135 135 134 135 134 136 135 137 136 145 152 157 162 170 172 175 173 173 177 175 171 170 171 170 166 167 169 174 174 176 178 180 171 168 173 179 179 181 183 180 180 182 182 190 192
148 145 125 105 98 103 107 110 106 108 111 111 115 121 116 112 105 107 110 107 111 113 113 113 114 114 115 116 114 115 118 116 119 120 119 125 127 129 129 132 134 135 135 135 135 135 135 135 135 136 137 140 148 151 160 164 168 168 170 172 170 169 174 173 161 162 168 167 164 166 165 168 173 178 177 179 182 172 170 172 179 179 181 178 179 181 183 187 187
147 144 129 101 100 106 108 109 107 107 108 111 112 117 121 115 112 109 109 108 112 114 114 115 116 112 113 117 116 114 121 123 119 119 118 125 125 122 128 130 134 134 133 135 135 135 135 135 135 134 148 153 158 161 165 168 167 158 161 166 157 166 175 173 164 160 155 160 156 158 158 161 167 164 173 174 178 179 174 174 178 179 181 179 180 180 182 187 188
147 144 123 114 104 103 107 108 105 106 106 111 114 121 120 119 115 106 109 106 110 116 115 117 118 119 116 120 115 113 124 127 126 123 118 118 117 119 121 132 130 132 133 135 135 135 134 135 135 134 139 143 148 160 163 162 162 150 151 164 157 167 172 176 173 165 160 157 161 159 164 171 173 175 174 178 180 182 176 182 177 183 183 180 180 179 184 186 187
147 143 125 120 105 105 107 107 106 103 106 113 117 117 121 122 117 115 110 111 115 117 116 116 115 116 120 120 114 112 124 121 124 121 119 120 122 122 131 132 133 133 134 135 135 135 135 134 134 131 126 131 145 146 151 151 153 151 149 155 153 165 171 173 175 172 167 164 162 167 171 172 174 177 170 180 183 188 188 188 184 185 187 182 180 181 185 188 187
148 146 137 132 121 102 104 106 102 103 101 112 115 119 119 121 120 117 116 118 115 118 116 116 115 113 117 118 119 115 120 117 119 129 126 121 124 129 132 133 134 134 134 135 135 134 135 134 134 130 118 118 131 137 129 132 144 149 146 153 155 159 168 165 164 174 171 166 161 162 171 174 175 177 173 179 183 185 185 189 189 189 188 183 182 183 186 189 188
147 147 143 133 131 114 99 101 103 102 101 113 114 118 119 118 122 120 119 120 119 118 119 118 119 119 118 118 122 121 116 117 124 125 131 121 122 122 134 134 134 134 134 135 134 134 134 135 134 133 128 115 111 116 111 118 137 139 142 144 148 157 165 158 163 159 165 165 155 162 167 173 179 178 178 178 185 189 189 189 181 189 187 182 184 185 189 190 189
142 145 146 145 137 122 99 99 101 104 107 113 116 118 120 120 120 122 120 119 116 117 118 119 118 119 120 121 121 113 114 117 125 125 127 134 132 134 134 134 134 134 134 134 134 134 134 134 134 134 129 120 117 115 110 112 128 133 132 134 138 154 158 152 153 151 155 156 151 156 165 174 175 178 176 181 185 185 182 183 173 184 187 187 185 185 191 188 189
141 137 129 125 120 116 102 98 98 107 111 114 110 120 119 119 120 119 119 122 122 120 119 118 120 119 121 122 120 119 115 117 122 123 126 128 131 129 131 133 134 133 133 134 134 134 134 133 133 133 127 114 121 119 116 111 121 124 125 122 131 149 150 145 146 142 138 139 164 167 169 170 172 177 181 180 183 185 180 171 173 179 181 189 187 189 191 189 191
144 138 119 100 99 97 101 98 95 106 110 111 111 117 118 120 120 119 120 121 122 119 118 117 117 119 120 122 118 117 116 114 116 121 121 125 125 120 129 134 132 131 134 134 134 134 133 134 130 129 123 112 119 121 116 107 111 118 117 114 129 144 140 151 140 148 152 151 163 174 172 166 177 180 180 177 184 182 181 172 172 177 182 184 186 190 192 194 194
141 136 121 94 93 92 97 99 97 102 108 107 107 115 118 119 119 119 120 120 122 122 120 119 120 120 120 121 120 118 116 113 119 118 118 118 113 117 122 131 131 132 134 133 134 132 133 124 121 119 115 115 125 128 122 113 112 119 118 119 130 139 153 160 163 164 168 169 170 173 178 180 177 182 177 173 183 182 180 177 172 178 180 182 186 185 189 193 196
141 128 111 82 86 88 94 97 94 99 106 106 109 116 118 119 119 121 121 121 121 123 120 120 121 122 120 121 120 119 118 113 113 115 114 113 109 115 121 132 133 132 134 133 133 134 120 114 114 113 117 118 120 125 130 122 120 120 120 121 124 142 159 165 167 174 173 176 176 171 175 179 180 181 177 173 182 181 176 178 178 181 180 177 183 181 185 199 197
139 123 104 83 88 92 94 97 96 109 110 110 112 115 120 120 119 120 121 120 121 122 121 122 123 120 120 119 119 119 118 117 115 114 116 116 109 114 125 131 130 126 128 130 130 134 126 116 114 114 120 119 120 123 126 127 120 127 118 120 132 157 165 167 169 174 179 179 179 180 179 177 179 179 173 168 178 182 179 180 180 178 177 177 178 182 185 185 196
140 117 105 95 101 100 100 100 98 99 112 116 115 119 119 120 121 119 121 120 122 121 123 122 122 121 120 118 119 118 117 118 116 114 115 113 107 110 120 126 124 116 114 120 114 120 121 114 113 113 120 121 121 123 126 131 130 128 117 130 149 160 166 169 172 178 178 178 176 178 172 168 168 176 169 169 177 177 181 180 177 175 175 181 184 183 185 187 190
131 115 101 100 101 94 99 104 102 101 99 113 117 116 120 121 120 121 120 121 119 120 123 122 120 121 123 121 121 118 117 116 116 112 110 108 107 108 112 117 114 110 105 110 108 110 113 117 112 114 121 123 121 123 125 130 138 132 126 140 154 161 170 175 175 177 176 166 165 165 163 165 169 168 160 169 171 175 170 173 172 173 182 184 182 186 186 188 188
129 102 103 103 99 97 99 105 105 103 100 110 113 113 120 122 122 121 120 120 120 121 121 122 123 121 120 119 121 119 117 116 117 115 107 108 109 109 109 110 103 107 104 108 111 109 111 117 115 113 122 126 125 121 124 123 140 141 138 144 160 166 171 174 170 172 159 162 164 165 165 165 160 157 162 167 171 172 173 169 171 172 179 185 185 188 187 187 193
118 102 103 102 100 97 103 107 108 100 104 114 119 118 120 122 122 123 121 122 121 122 122 120 122 120 120 120 119 120 119 118 118 116 111 112 107 107 109 111 109 104 108 109 113 112 113 115 120 119 124 125 130 124 125 131 144 150 144 152 160 166 169 165 149 158 160 161 164 162 164 163 149 159 166 168 178 178 180 176 175 172 182 185 186 188 188 189 189
117 102 101 104 102 93 104 109 108 99 107 116 120 121 122 122 124 124 124 124 124 123 122 120 121 120 119 119 119 120 119 119 118 117 116 118 113 111 110 113 113 112 112 110 121 123 118 114 120 128 124 125 128 122 125 136 151 156 155 155 155 158 163 156 144 152 157 159 159 160 159 149 150 157 160 170 184 182 183 178 179 177 181 183 184 187 188 189 206
114 93 101 104 106 112 107 106 109 105 109 116 122 123 124 124 124 124 124 123 122 122 122 119 120 121 118 119 119 119 120 121 121 120 119 119 117 113 111 115 112 114 121 113 115 124 125 118 119 130 125 128 130 129 130 142 152 151 156 160 154 148 154 150 142 156 157 157 159 159 155 147 149 159 167 172 181 185 181 178 180 181 181 185 185 187 188 192 208
120 90 98 105 109 111 115 113 114 109 112 118 122 124 124 124 123 122 122 122 122 122 123 119 120 121 119 119 119 118 118 120 118 118 116 118 119 119 113 112 115 117 121 118 110 119 127 123 125 133 123 127 132 135 137 138 138 145 152 163 161 149 144 140 145 150 152 154 162 165 162 150 152 160 166 170 179 184 186 184 180 183 181 185 188 188 189 190 210
116 99 101 99 106 107 116 119 111 107 109 117 124 124 123 122 122 122 122 122 122 122 120 120 120 121 120 119 119 119 119 119 118 115 119 119 118 117 117 111 112 113 120 121 122 125 126 137 135 135 126 136 140 140 136 140 144 154 160 167 155 150 136 135 136 145 153 157 164 179 180 168 164 156 176 171 182 182 182 187 187 185 181 185 190 191 195 193 208
103 89 97 99 111 111 116 122 112 111 109 115 121 122 121 122 122 122 122 121 122 123 122 120 120 120 119 119 120 118 120 119 116 115 117 118 114 114 116 113 114 113 115 116 120 132 132 132 144 127 130 136 142 140 131 143 151 159 168 166 151 143 142 136 135 143 152 160 169 177 181 183 182 165 176 178 174 177 178 180 186 188 183 183 185 190 195 196 208
73 77 82 101 112 118 122 121 117 114 118 120 117 115 121 122 123 123 123 121 123 122 121 121 120 119 120 119 118 119 119 119 118 111 112 114 112 112 113 116 118 112 111 111 117 122 137 134 139 142 139 144 136 136 139 152 161 168 174 168 153 142 150 144 140 149 156 158 167 176 186 188 186 174 173 182 180 183 185 183 186 186 189 186 183 190 194 198 212
92 93 85 95 113 120 121 122 123 122 121 113 112 113 121 121 122 122 122 123 122 121 122 120 120 119 120 119 118 119 114 109 115 111 112 110 111 112 115 119 119 117 112 116 118 125 139 148 147 145 144 138 130 134 143 156 165 170 177 169 154 144 152 148 143 147 158 160 167 171 185 189 189 179 175 183 180 183 184 181 183 183 191 189 187 193 195 206 216
98 108 100 103 113 118 120 122 120 119 115 113 110 110 118 121 123 123 122 122 122 121 120 121 120 120 119 119 119 119 104 105 110 109 110 111 112 116 118 121 120 122 122 118 123 128 141 151 156 148 139 129 130 136 153 159 166 175 178 167 152 147 155 155 148 152 158 170 165 184 186 187 181 192 181 194 179 185 180 177 181 184 189 195 188 197 196 200 213
107 104 109 101 109 117 120 123 116 115 114 116 113 111 120 121 123 123 120 118 121 122 121 120 120 119 119 119 119 119 111 105 112 111 110 113 113 122 124 129 123 124 130 142 133 137 144 157 162 152 144 138 139 149 156 166 170 179 181 171 161 148 158 161 153 155 165 175 180 184 181 181 178 194 185 192 181 186 179 184 185 184 187 192 196 198 196 211 204
93 97 115 110 107 115 119 121 116 112 115 114 114 114 115 118 120 121 118 115 121 122 121 121 119 118 118 119 119 116 109 108 113 112 111 112 115 122 125 131 128 131 139 148 149 141 151 159 162 158 150 145 146 154 162 169 176 187 179 173 164 149 151 159 163 161 162 174 179 182 181 180 185 195 200 199 189 188 184 183 200 198 191 195 202 202 214 208 199
89 103 99 110 113 114 122 118 110 110 113 113 113 113 110 115 120 119 111 117 122 121 121 119 117 112 113 117 118 114 106 107 111 114 115 116 120 124 124 131 132 132 148 154 159 160 162 158 161 164 160 157 158 160 169 176 182 183 179 174 166 155 146 149 160 167 167 174 180 180 178 177 182 185 194 207 202 187 192 196 209 207 207 214 208 207 193 194 205
93 94 101 113 118 122 120 118 114 109 110 113 114 108 116 121 122 122 119 120 123 122 119 116 115 96 101 114 118 116 112 103 104 110 114 118 123 128 130 140 143 138 147 159 163 165 169 170 164 160 170 172 171 174 175 175 186 189 175 178 170 150 147 143 155 165 172 169 173 177 172 169 173 178 185 195 205 194 203 212 203 199 191 205 194 198 192 196 201
88 99 98 112 118 116 115 116 116 113 112 114 112 111 119 122 123 123 123 123 122 119 111 115 104 91 99 105 111 113 110 104 104 107 112 117 122 122 133 149 154 156 160 164 167 171 172 172 168 162 169 180 186 179 183 183 189 186 180 178 169 162 156 146 152 162 169 175 179 179 177 180 178 183 184 194 208 207 198 201 198 187 188 192 192 196 194 197 206
104 108 102 113 110 111 113 116 116 117 113 112 107 112 119 122 123 123 122 121 121 118 110 107 96 94 91 92 92 100 100 99 99 100 107 113 121 124 136 148 146 154 158 160 164 168 168 173 174 168 157 179 187 189 189 184 188 187 180 174 171 168 157 153 146 154 159 171 175 183 179 183 183 185 180 194 206 197 187 185 181 182 186 190 195 195 195 196 205
105 111 111 116 116 118 121 116 116 117 115 112 104 118 121 122 122 122 122 121 120 117 113 97 99 98 101 94 94 97 102 101 105 105 103 107 107 118 126 140 133 144 149 154 149 156 164 169 175 176 169 178 184 186 187 188 188 188 182 182 185 176 158 160 148 140 155 168 177 186 190 184 187 183 184 197 202 197 187 185 181 183 186 191 193 193 194 198 207
100 102 109 110 111 116 119 117 115 115 114 113 112 119 121 122 122 122 120 119 117 115 106 99 102 101 103 101 93 95 95 98 105 107 102 110 108 104 117 131 118 116 123 125 132 149 161 165 172 174 176 173 175 181 182 186 192 188 189 187 182 166 154 164 156 144 155 169 176 181 188 193 186 184 188 212 202 190 186 184 183 184 184 188 192 194 195 198 206
