data/layers/bio6.asc
NCOLS 507 
NROWS 956 
XLLCORNER -77.7833333333333 
YLLCORNER 0 
CELLSIZE 0.00833333333333335 
NODATA_value -3.4e+38 
[rows 507 to 545 of 956, columns 267 to 355 of 507]
195 197 194 190 190 190 193 193 195 198 202 201 201 203 199 202 202 200 201 204 203 203 204 204 206 208 208 210 210 209 205 209 212 219 213 217 218 219 217 218 219 220 220 220 221 221 221 221 222 222 222 222 223 222 223 223 223 223 223 223 223 223 223 223 223 223 223 223 223 223 223 223 222 222 221 221 220 215 212 211 219 217 214 211 203 199 200 210 214
184 188 198 188 190 191 192 193 195 195 195 197 198 198 199 199 201 202 203 203 203 204 204 205 205 208 209 208 208 209 215 214 212 219 213 217 217 214 217 216 217 216 219 219 219 220 218 221 222 222 223 222 222 223 223 224 223 223 223 223 223 223 223 223 223 222 222 221 222 223 223 222 222 222 221 220 219 214 214 219 219 218 213 205 201 204 207 213 214
179 187 193 198 191 192 193 194 194 195 196 197 198 198 199 199 200 202 202 208 206 204 205 205 206 208 207 209 209 208 204 209 218 212 213 215 213 215 216 214 213 210 215 219 219 219 212 219 221 222 222 222 222 222 223 223 224 222 222 222 223 223 223 222 222 221 221 221 222 223 223 222 221 221 220 219 218 211 215 219 219 214 213 212 211 208 211 213 211
190 191 192 197 198 195 193 195 197 195 195 197 197 198 199 199 200 201 202 202 203 208 206 205 207 208 207 208 210 206 209 215 218 212 213 213 213 211 212 208 210 211 211 218 219 220 215 210 216 222 221 222 222 223 222 222 222 222 223 222 222 222 222 222 222 221 221 221 222 222 222 222 221 220 219 218 215 209 217 219 217 216 217 215 214 207 211 214 209
191 194 193 192 200 197 194 195 196 202 197 198 198 198 199 204 207 207 202 209 203 205 211 212 207 203 204 205 207 208 210 213 218 209 210 212 208 208 209 200 206 209 206 218 219 220 220 214 213 222 222 221 222 222 221 222 222 223 223 222 223 223 223 222 223 222 222 222 222 222 222 222 221 221 220 218 210 209 216 214 211 212 211 210 212 207 210 213 210
193 195 196 194 192 199 197 195 202 202 201 201 201 201 199 202 207 209 210 210 209 208 211 212 205 208 197 200 209 214 214 218 218 209 213 207 207 208 207 200 202 206 207 214 215 220 220 220 219 222 221 221 222 222 223 222 222 222 222 222 222 223 222 223 223 222 222 222 222 222 222 221 221 221 220 218 212 208 207 202 204 193 204 203 205 206 209 212 208
196 196 196 199 195 195 202 200 200 204 203 204 204 204 204 203 204 209 212 211 211 211 210 213 214 212 197 202 210 213 215 217 206 206 210 203 205 198 206 196 204 201 203 213 212 219 219 220 216 217 216 220 221 222 222 222 221 222 221 223 223 223 222 222 222 222 222 222 222 222 221 221 220 220 220 219 217 214 198 192 194 195 202 197 203 204 207 211 207
192 192 198 198 201 201 198 194 199 203 204 205 204 206 207 205 207 211 211 212 212 213 213 213 214 209 199 203 209 211 211 213 205 207 208 204 200 191 198 191 194 197 194 207 209 216 218 219 219 214 216 221 221 222 221 222 222 222 223 222 223 222 222 222 222 222 221 221 221 221 221 221 219 219 216 219 214 211 191 186 185 190 198 195 194 194 195 201 204
186 189 196 197 198 198 194 197 203 201 200 206 205 207 209 209 211 209 208 212 212 213 214 214 215 209 200 200 208 214 211 209 202 204 207 203 205 192 188 185 194 192 188 205 211 215 218 219 218 218 214 217 221 221 222 222 222 223 223 222 222 223 223 223 223 221 222 222 222 221 220 217 216 209 208 207 198 204 204 194 178 187 191 185 185 186 189 195 197
181 187 189 194 195 198 198 201 204 200 198 202 206 206 208 210 209 206 210 212 212 212 210 214 215 215 215 214 212 216 203 208 201 202 204 203 201 194 188 182 174 183 184 200 207 212 215 217 218 216 213 211 217 221 222 222 222 222 223 221 221 223 223 222 221 222 221 221 221 220 218 213 212 212 207 197 189 202 203 204 189 191 183 178 171 177 185 174 186
182 185 187 191 191 194 198 195 204 205 201 198 203 207 207 201 202 206 205 209 211 212 212 211 214 208 212 212 202 198 202 204 198 207 204 200 194 191 185 189 179 180 175 189 200 207 213 211 216 216 214 211 221 221 222 222 222 221 221 221 222 222 222 222 222 221 222 220 220 215 209 200 205 209 211 191 191 187 188 203 195 192 181 172 161 167 169 173 176
177 188 193 194 192 195 199 201 204 205 205 204 203 204 205 205 203 205 205 207 210 212 212 213 214 199 206 211 192 191 196 200 198 205 199 196 186 182 185 190 186 182 175 178 192 205 201 209 214 216 214 214 217 221 221 222 222 222 222 222 221 221 222 222 222 221 221 221 221 212 197 194 201 208 200 183 187 180 192 199 189 181 172 158 162 162 168 172 178
190 191 195 198 197 197 201 198 202 203 204 205 204 205 197 197 202 207 208 205 208 211 212 214 214 199 203 202 202 190 197 193 193 199 198 194 189 184 190 193 191 189 182 184 193 192 188 200 213 213 215 216 218 220 221 221 222 222 222 222 222 222 222 221 221 221 220 219 213 214 187 190 190 199 193 187 184 190 194 199 194 180 166 157 162 163 167 171 175
192 197 191 197 199 200 199 202 203 204 202 200 200 201 193 192 200 206 209 209 211 211 212 213 206 200 199 201 202 193 196 186 190 194 193 190 183 183 191 192 191 189 185 179 190 182 189 202 209 214 216 218 220 221 221 221 222 222 222 222 222 221 221 221 221 220 219 218 208 215 207 190 190 194 192 191 195 192 200 199 190 180 167 158 162 165 170 170 171
193 184 176 188 196 198 199 202 202 202 200 199 196 191 190 188 200 205 209 210 210 213 213 207 201 196 195 197 196 191 187 183 185 183 186 185 187 184 186 194 192 190 182 168 173 190 187 196 209 214 219 218 221 221 221 221 222 222 222 221 221 221 221 220 220 219 218 209 196 195 209 197 203 203 202 206 196 198 204 200 193 183 163 160 164 170 169 163 162
185 166 180 187 193 192 198 201 201 193 197 196 190 187 184 192 199 205 209 211 210 211 213 204 191 194 182 187 191 183 185 185 185 179 183 173 185 191 194 195 188 184 186 176 178 198 199 197 208 212 216 219 220 221 221 222 222 222 222 221 220 220 219 219 219 219 217 202 203 199 213 209 209 210 204 206 202 205 204 201 188 180 175 160 164 170 167 163 155
191 169 169 176 193 192 191 201 193 192 195 193 183 183 182 196 199 204 210 211 212 212 212 203 191 187 177 183 181 180 183 181 185 182 187 178 188 194 193 197 195 183 187 195 185 191 198 197 205 212 218 220 220 219 221 221 222 221 221 221 220 219 219 218 218 217 207 198 200 199 208 199 199 197 182 191 195 203 200 198 190 181 167 161 170 170 168 163 159
183 167 166 172 184 193 198 197 181 182 192 176 184 190 199 199 203 208 210 211 212 212 211 204 195 183 179 179 177 183 182 175 182 182 184 184 190 188 196 202 195 186 187 199 199 196 198 204 200 213 218 220 220 221 221 221 221 221 220 220 221 220 219 219 217 217 210 200 199 200 201 190 185 175 175 191 201 199 193 195 187 180 166 165 169 169 164 160 153
177 165 173 182 191 193 200 183 172 193 183 173 180 187 199 203 205 211 211 211 212 210 209 200 196 178 180 177 178 184 174 171 183 183 179 184 184 194 186 193 199 191 192 195 205 202 198 199 198 205 220 220 220 221 221 221 221 221 220 220 220 220 219 218 218 213 208 204 204 191 186 186 187 176 181 196 198 192 188 186 184 173 154 166 169 166 161 155 139
165 160 162 181 182 197 196 168 176 188 174 174 190 191 200 205 207 211 211 210 210 209 208 201 199 193 176 177 182 182 173 171 177 175 180 179 169 190 175 183 193 198 203 207 210 205 199 194 197 209 220 220 220 220 221 221 221 221 221 220 219 219 218 218 217 207 207 209 202 187 178 168 168 170 184 198 199 190 183 179 177 169 158 168 168 160 154 143 138
168 170 178 178 169 194 177 164 170 181 169 175 189 196 200 202 209 210 211 209 208 206 204 201 202 199 184 167 176 182 172 166 178 179 177 185 189 192 179 174 176 178 198 199 207 208 201 191 201 216 218 219 220 221 221 221 221 221 220 219 220 219 219 218 214 214 207 199 199 184 168 156 161 167 184 195 196 189 177 175 171 165 161 166 166 156 148 138 134
169 171 173 177 186 192 184 169 172 173 166 183 187 190 192 200 209 209 209 209 205 203 193 205 207 200 184 173 178 178 172 167 178 170 173 170 191 186 180 169 168 175 179 182 196 211 214 204 212 218 218 219 220 221 221 221 221 220 220 220 220 219 218 217 209 206 195 185 186 178 161 151 167 177 183 191 193 188 174 164 163 154 164 167 160 155 142 137 129
168 180 180 185 186 191 176 161 162 166 164 178 178 186 195 206 209 209 208 205 200 194 186 202 207 205 188 172 173 175 166 170 174 163 168 167 166 171 179 163 170 167 169 184 202 207 213 215 216 217 216 219 220 220 220 220 220 221 220 219 219 218 211 215 204 201 193 183 176 165 165 163 172 182 180 183 185 185 173 159 148 151 167 167 164 155 145 137 132
175 189 191 191 194 197 173 165 170 162 167 177 191 194 198 206 209 206 209 205 196 189 187 204 198 201 194 178 169 171 159 168 174 165 155 159 160 166 174 166 172 161 168 187 195 205 207 213 215 215 215 219 219 220 220 221 221 221 220 220 219 218 205 213 208 209 205 189 169 166 169 171 182 181 182 180 175 175 165 155 143 151 167 164 159 151 144 135 126
177 192 195 195 199 194 168 169 164 163 174 177 192 202 203 206 209 206 206 200 194 191 191 201 200 196 193 183 171 168 159 153 173 158 161 161 161 159 165 161 166 181 191 196 196 201 207 208 211 211 215 218 219 219 219 220 220 220 220 220 220 216 209 208 212 208 191 175 173 173 168 178 189 183 186 185 173 168 157 152 142 148 154 164 158 149 141 133 126
182 193 199 200 200 193 168 172 165 175 179 188 197 199 205 208 207 207 207 195 189 188 193 200 200 194 188 184 180 162 152 151 163 170 168 160 162 160 165 163 176 180 181 193 202 205 204 206 200 207 212 217 218 219 219 219 220 220 220 220 220 211 209 206 208 206 187 168 178 168 172 182 189 189 188 184 176 161 161 161 155 146 149 152 152 147 140 134 128
188 194 200 200 201 192 178 175 162 166 180 188 191 205 207 207 206 204 203 198 196 188 196 202 201 188 187 175 170 164 145 149 150 164 167 161 160 155 170 178 183 177 174 190 198 207 212 206 201 210 215 219 218 219 220 220 220 220 220 219 219 213 205 205 200 209 198 183 193 173 181 188 193 189 184 180 173 168 168 166 165 157 150 150 150 143 139 135 128
194 198 201 202 202 186 183 181 158 165 185 194 197 206 207 204 201 203 198 186 186 188 201 201 201 184 169 164 160 153 154 146 154 162 160 167 165 154 166 188 190 190 182 191 204 207 209 214 212 211 215 219 219 219 220 220 219 219 219 219 216 206 192 190 201 200 205 209 192 181 185 194 188 179 176 183 179 176 174 173 171 167 157 162 154 145 138 136 129
197 198 200 202 201 193 190 178 160 181 191 194 200 206 207 206 201 198 194 190 183 192 198 198 198 183 164 154 152 157 164 150 155 156 156 164 165 162 168 174 177 192 198 201 208 206 208 215 218 217 219 219 219 219 219 219 219 219 219 215 211 197 192 193 193 175 185 203 199 196 197 196 170 179 181 187 185 182 177 179 175 174 170 163 149 144 139 133 129
198 199 201 202 201 194 191 180 182 189 193 199 204 206 207 206 199 193 184 182 192 193 196 195 194 187 169 159 156 159 168 158 148 150 149 160 159 157 166 162 162 174 192 203 210 211 215 216 217 218 218 219 219 219 218 219 218 219 214 209 204 201 196 200 192 172 165 168 180 191 202 178 165 177 187 191 188 186 182 182 177 167 158 158 150 146 136 130 131
199 201 201 201 202 202 198 189 198 202 205 199 206 206 203 192 182 184 179 190 195 196 197 196 192 174 161 164 164 168 173 159 156 155 153 156 160 154 153 161 167 177 192 204 209 211 216 216 217 218 219 219 219 219 218 217 218 214 204 210 201 203 204 201 186 184 171 166 176 186 192 187 177 181 190 188 182 181 183 182 168 163 155 148 145 139 132 125 134
198 199 201 200 202 203 199 199 198 197 201 201 206 204 193 188 179 175 176 196 197 197 198 194 183 165 160 165 170 177 170 161 151 153 150 148 150 150 152 165 177 189 203 205 212 215 216 217 216 218 218 218 218 218 217 218 215 210 204 208 208 204 201 201 198 188 162 161 170 176 169 180 190 195 192 183 175 174 176 179 166 154 152 144 138 133 121 128 136
200 201 201 202 202 200 193 188 187 193 190 195 202 196 185 188 173 184 191 197 197 198 198 195 185 167 174 165 171 179 170 163 165 168 158 154 159 154 152 171 165 192 199 205 216 216 217 216 217 217 218 218 218 219 218 215 212 206 201 203 200 202 198 190 186 185 172 169 172 166 157 161 176 189 190 182 175 169 168 168 158 145 147 138 134 129 128 128 137
201 201 201 201 202 197 187 171 177 190 182 187 200 196 177 172 178 189 194 197 197 197 195 194 187 173 185 183 174 178 181 169 174 162 157 162 163 160 156 168 187 190 201 210 215 216 217 216 217 217 217 217 217 218 218 212 210 205 203 203 208 209 201 192 196 188 176 178 166 158 157 168 180 189 186 182 175 157 160 163 144 142 138 132 130 121 127 135 136
199 198 200 200 200 195 176 162 181 183 180 190 200 197 188 172 174 193 195 193 193 198 196 185 189 175 185 192 190 178 183 177 176 168 170 171 162 160 162 173 185 197 210 211 215 214 217 217 218 217 217 215 218 215 218 217 212 213 209 213 211 202 188 195 186 196 185 183 163 155 161 177 185 186 184 178 167 149 158 158 145 140 135 129 125 128 133 137 138
198 201 200 200 195 190 172 156 172 171 186 192 200 192 181 170 185 192 189 187 188 193 197 182 183 182 181 189 195 193 183 182 180 182 173 158 163 157 159 156 170 198 210 212 215 216 216 217 217 218 218 218 218 217 218 218 214 216 214 212 202 187 175 185 191 185 178 172 173 155 169 180 180 182 173 164 150 149 155 153 144 135 130 127 126 132 139 141 148
198 201 199 198 193 181 160 142 155 167 185 189 196 192 171 166 185 188 184 182 181 193 199 191 178 194 193 196 198 192 174 186 189 183 172 160 158 161 170 176 182 207 210 213 215 216 217 217 218 218 218 218 218 218 218 218 214 214 212 205 198 186 174 171 183 178 157 162 164 163 169 174 171 163 153 146 144 146 146 143 141 136 128 124 130 139 141 157 164
198 199 197 192 189 177 165 146 148 167 184 191 192 186 172 163 163 184 193 191 191 198 196 199 189 191 184 191 202 196 180 175 187 181 170 161 153 161 176 195 206 208 213 215 216 217 217 218 218 218 218 215 217 218 217 214 208 201 203 191 183 168 153 159 176 176 160 162 162 171 179 173 160 152 154 149 143 141 135 132 134 133 126 128 137 145 167 170 171
196 198 197 189 183 167 164 136 150 166 180 189 188 180 164 168 176 187 188 187 193 190 190 195 198 196 190 187 204 190 176 183 185 197 185 164 167 168 185 205 206 210 215 215 216 216 217 218 218 217 211 208 218 218 218 213 207 203 199 185 179 169 158 160 166 169 164 165 160 173 181 165 162 160 155 152 145 139 129 129 129 120 124 134 145 154 171 180 182
