data/layers/bio6.asc
NCOLS 507 
NROWS 956 
XLLCORNER -77.7833333333333 
YLLCORNER 0 
CELLSIZE 0.00833333333333335 
NODATA_value -3.4e+38 
[rows 897 to 935 of 956, columns 0 to 88 of 507]
-3.4e+38 38 37 32 42 62 81 68 57 59 62 48 53 60 64 56 44 42 38 50 42 49 63 71 62 75 98 98 87 85 111 136 113 88 60 58 71 72 77 60 59 87 106 126 94 77 80 86 113 138 148 134 118 109 119 141 155 153 161 160 166 171 171 174 170 175 184 177 178 178 178 183 187 187 186 187 188 188 190 192 191 188 187 186 186 186 187 186 187
-3.4e+38 38 33 43 50 64 83 68 56 66 63 51 57 69 64 52 41 34 40 47 56 48 66 74 72 84 106 101 97 104 126 133 103 83 67 76 80 89 73 51 57 87 110 123 108 89 86 109 117 136 148 145 139 133 140 154 160 158 146 156 164 169 171 169 173 182 186 182 177 180 181 183 188 189 187 188 187 189 190 188 192 192 189 187 186 188 186 187 187
-3.4e+38 34 40 45 60 68 71 76 69 78 63 57 67 70 62 50 50 44 39 47 60 58 61 75 88 94 117 108 110 114 130 124 96 78 93 101 100 79 64 48 65 76 96 122 114 90 78 96 113 138 145 155 153 148 155 157 150 143 136 150 168 175 177 176 177 187 188 185 181 186 184 184 186 189 188 189 188 187 186 191 187 192 192 188 187 187 186 189 186
-3.4e+38 38 50 57 53 63 79 89 82 75 68 58 69 79 67 61 58 47 45 51 62 68 64 69 90 106 96 119 129 128 132 134 99 98 116 109 91 80 66 55 68 71 102 132 126 104 92 100 112 127 135 144 141 154 144 143 135 138 130 159 170 179 181 180 176 187 189 187 185 188 188 188 187 187 189 189 189 189 187 190 192 192 192 188 188 189 186 186 187
-3.4e+38 40 46 56 68 65 74 91 92 91 72 61 71 88 73 72 62 60 54 55 65 73 61 73 80 93 84 99 117 99 113 135 114 131 119 82 72 64 52 72 91 90 111 132 126 96 95 97 109 116 121 135 136 144 147 151 149 145 153 170 177 182 181 179 175 187 188 189 190 191 190 188 189 187 191 190 189 189 189 190 192 192 189 189 187 190 188 189 187
-3.4e+38 37 48 69 78 79 81 85 85 92 78 67 74 91 87 77 70 59 52 61 72 75 72 81 84 85 99 91 91 93 116 139 130 129 105 82 65 49 62 82 96 110 105 142 122 92 95 105 125 125 119 122 135 147 153 159 166 164 163 177 184 182 184 181 180 187 189 189 189 191 190 190 190 189 190 190 190 190 190 189 192 191 189 188 189 191 188 189 191
-3.4e+38 51 68 70 66 70 65 74 81 93 83 85 82 99 91 78 68 58 59 61 67 84 82 85 80 76 108 114 99 101 126 143 139 111 94 73 61 53 65 73 94 113 130 141 123 96 101 121 142 138 134 121 138 132 137 152 161 167 174 179 182 184 185 186 185 186 187 188 188 190 191 191 191 189 190 191 190 191 191 190 192 192 191 189 191 188 188 187 190
-3.4e+38 57 62 57 60 50 52 55 66 80 102 93 110 100 82 67 74 70 77 71 67 79 89 87 86 89 105 126 131 115 133 149 128 94 67 62 59 62 52 57 79 108 139 142 118 95 103 128 156 143 135 122 135 131 130 137 140 155 174 176 182 179 179 182 186 189 188 188 190 190 190 191 191 190 191 191 191 190 191 191 189 192 191 189 192 188 187 189 190
-3.4e+38 49 47 47 55 39 42 53 76 85 99 102 108 102 95 89 76 80 86 70 79 96 92 91 106 117 113 119 137 137 135 150 118 90 66 74 85 80 68 66 85 114 139 145 138 112 109 134 148 155 145 126 149 147 132 141 143 162 172 175 177 175 177 177 180 188 189 187 186 189 190 191 192 190 191 191 191 191 191 191 190 191 192 192 189 188 189 189 190
-3.4e+38 36 40 40 38 36 39 58 68 73 71 81 98 114 108 102 89 85 91 80 96 99 84 83 87 94 87 94 122 142 155 125 108 92 77 88 101 92 75 67 79 98 119 135 147 131 115 122 138 157 140 120 125 156 158 157 168 173 170 170 173 171 176 181 185 188 182 185 189 190 190 190 191 191 192 192 191 191 191 191 191 192 192 192 189 190 190 190 190
-3.4e+38 36 34 35 30 38 45 45 53 60 57 66 80 103 118 110 102 105 90 88 108 93 75 67 75 78 80 109 130 141 150 130 105 95 84 103 107 93 80 76 95 89 107 127 149 155 138 139 152 156 161 148 147 163 169 174 175 179 178 174 169 171 174 177 184 183 181 184 189 190 191 190 191 191 192 192 191 191 191 191 192 191 192 190 189 189 190 191 191
-3.4e+38 40 41 43 40 46 45 54 62 77 68 84 78 96 109 127 113 116 98 107 108 87 69 55 64 61 83 111 127 137 148 141 123 93 98 130 115 96 84 80 116 122 131 142 140 140 155 153 163 165 168 169 164 172 176 178 181 182 181 182 177 170 171 176 184 177 185 188 190 191 191 191 191 192 192 192 191 191 191 191 191 192 191 191 189 190 192 192 192
-3.4e+38 45 54 56 49 49 55 61 65 78 83 91 96 96 96 105 130 117 110 120 100 79 61 48 49 66 84 110 126 116 141 147 128 106 109 136 105 84 87 89 105 123 132 134 122 140 145 158 155 147 154 161 170 178 181 180 181 183 184 183 182 177 170 173 177 182 186 190 190 190 191 192 192 192 192 192 193 192 191 190 192 192 192 190 190 190 192 192 192
-3.4e+38 50 56 62 63 63 67 71 78 78 97 101 101 116 123 125 126 127 126 119 96 77 60 45 43 68 107 114 106 92 133 148 152 131 133 143 103 82 105 111 96 81 112 121 133 145 148 142 151 136 132 138 160 176 179 181 182 183 184 184 185 182 178 179 181 189 189 190 190 191 191 190 190 189 191 192 193 193 193 192 192 192 190 191 190 190 192 193 193
-3.4e+38 38 35 54 58 74 76 76 76 82 77 77 82 95 105 116 128 138 112 103 88 63 58 49 53 74 92 80 80 100 119 136 155 151 144 135 112 103 123 122 109 94 116 124 128 140 131 125 139 133 118 137 158 174 180 180 182 184 184 186 185 186 188 188 189 189 189 190 190 191 190 190 189 184 189 191 192 192 193 193 193 191 191 192 193 192 191 193 193
-3.4e+38 43 38 47 61 71 61 59 60 65 67 79 96 96 106 127 138 132 119 107 87 67 53 51 64 78 84 79 83 104 110 135 163 145 123 105 115 126 133 117 108 109 98 89 106 112 111 116 118 116 145 154 162 176 181 180 182 183 185 185 185 187 186 187 189 189 189 190 191 189 186 186 182 186 190 191 192 192 192 192 193 192 192 192 193 193 193 194 193
-3.4e+38 -3.4e+38 43 45 61 72 51 48 46 51 60 75 97 114 126 134 135 126 101 86 82 69 53 59 69 71 78 96 91 84 101 130 154 142 118 122 139 128 111 118 129 129 99 107 114 119 129 131 117 121 147 159 172 175 181 182 182 182 183 183 182 183 186 188 187 189 189 189 187 184 181 182 186 188 190 191 191 191 192 192 193 193 193 192 193 193 193 194 193
-3.4e+38 -3.4e+38 43 56 68 62 48 42 48 58 68 75 90 107 118 137 138 123 102 83 71 57 52 59 63 62 75 98 103 101 110 122 150 163 141 155 141 123 124 141 147 127 105 112 133 135 145 141 125 126 150 161 170 172 175 179 178 177 181 182 180 181 183 185 184 184 186 185 181 178 180 181 185 188 190 191 191 190 191 192 192 193 192 191 193 193 193 194 194
-3.4e+38 -3.4e+38 60 60 50 49 45 62 54 65 83 91 95 119 135 143 139 114 89 81 73 54 66 78 56 69 86 91 86 103 114 124 137 158 133 150 136 128 136 149 137 108 97 116 133 145 148 146 135 135 152 166 173 175 175 175 174 177 180 182 182 180 180 179 178 181 182 183 183 184 184 187 189 189 191 191 189 190 190 190 190 193 191 191 192 192 193 194 193
-3.4e+38 -3.4e+38 -3.4e+38 50 44 39 59 71 63 72 85 103 119 133 133 139 122 99 82 69 64 74 90 81 73 79 77 83 74 83 104 125 135 157 162 153 155 143 150 142 125 120 107 99 132 140 152 151 139 152 158 172 175 177 178 178 175 179 181 184 183 179 176 178 177 177 181 184 188 186 189 190 190 191 191 192 192 192 192 191 191 192 193 192 192 192 192 193 193
-3.4e+38 -3.4e+38 -3.4e+38 49 39 47 58 73 72 74 89 105 108 137 147 133 112 89 72 69 86 107 89 110 107 102 108 109 87 88 110 123 131 145 150 163 165 162 159 150 147 135 133 117 123 136 157 136 149 160 165 170 172 175 178 178 179 182 183 183 185 185 184 179 182 182 184 187 190 188 188 189 190 190 190 188 187 190 191 192 192 192 192 194 192 193 193 193 192
-3.4e+38 -3.4e+38 -3.4e+38 -3.4e+38 45 60 72 83 87 91 99 111 134 138 149 123 101 84 68 71 105 111 71 88 111 123 129 118 99 102 98 112 128 142 154 152 146 162 169 165 160 156 148 135 136 152 159 159 163 167 168 171 173 176 177 176 180 181 182 184 184 186 188 189 185 185 185 187 190 189 188 187 188 190 189 189 190 190 192 190 191 191 193 193 193 193 194 193 193
-3.4e+38 -3.4e+38 -3.4e+38 -3.4e+38 46 48 62 76 100 99 110 128 133 140 144 119 98 82 94 101 117 104 84 75 97 114 133 128 135 133 114 104 117 134 126 127 138 154 167 171 163 159 153 150 152 158 167 167 166 168 170 173 173 174 178 176 178 185 180 180 183 188 188 189 189 190 188 190 191 191 188 186 190 191 190 189 190 191 191 192 191 192 193 194 193 192 194 193 194
-3.4e+38 -3.4e+38 -3.4e+38 -3.4e+38 51 57 58 74 81 81 100 113 123 145 141 120 105 86 110 128 130 109 96 87 86 111 135 146 148 140 125 120 128 126 134 133 148 155 167 170 164 161 160 160 164 165 168 171 173 175 175 175 173 175 176 183 184 181 187 181 182 184 185 188 188 190 191 190 190 191 191 190 190 191 191 191 192 192 192 192 192 193 193 194 193 193 193 194 194
-3.4e+38 -3.4e+38 -3.4e+38 -3.4e+38 -3.4e+38 64 67 71 80 90 96 93 114 145 142 121 106 103 119 137 115 122 120 101 108 126 136 141 154 141 132 142 143 134 152 158 154 161 165 173 166 162 171 172 165 167 168 168 169 172 176 179 178 176 181 182 178 179 181 186 181 183 182 184 185 188 189 190 190 190 191 191 192 192 192 192 192 192 191 192 192 191 192 193 194 194 194 194 194
-3.4e+38 -3.4e+38 -3.4e+38 -3.4e+38 -3.4e+38 73 77 84 94 101 108 112 120 146 144 122 97 98 90 126 145 144 120 96 113 141 150 153 156 142 134 148 160 147 147 159 160 163 172 174 163 162 172 174 169 173 166 171 163 172 173 174 177 179 182 178 175 181 182 185 186 189 187 190 183 184 183 187 188 187 187 189 189 190 190 192 190 191 191 191 191 190 191 191 191 191 192 194 193
-3.4e+38 -3.4e+38 -3.4e+38 -3.4e+38 -3.4e+38 73 94 107 114 121 125 131 135 152 140 126 110 95 102 113 132 153 142 120 124 132 148 160 152 136 146 159 165 154 160 167 161 163 174 169 166 171 176 178 178 182 181 180 170 173 172 170 176 178 176 174 170 174 177 181 181 185 186 190 189 189 187 185 187 186 188 189 190 191 190 192 192 190 191 190 190 190 190 191 191 191 192 193 192
-3.4e+38 -3.4e+38 -3.4e+38 -3.4e+38 -3.4e+38 -3.4e+38 83 115 124 128 131 138 149 154 135 118 107 106 126 111 125 143 156 135 139 149 148 167 155 146 137 164 166 156 157 171 168 172 175 173 171 172 178 180 179 182 184 180 170 173 168 172 174 175 173 175 169 173 175 177 181 183 184 188 190 190 187 188 188 189 189 189 191 191 192 192 192 190 190 190 190 190 190 191 191 191 192 191 192
-3.4e+38 -3.4e+38 -3.4e+38 -3.4e+38 -3.4e+38 -3.4e+38 88 104 107 99 97 129 145 142 148 133 115 126 141 121 128 132 151 158 154 156 155 171 160 155 147 162 172 161 173 174 174 174 173 169 171 176 177 181 182 178 181 185 183 183 180 174 175 174 174 183 183 178 176 180 182 185 185 185 188 190 190 188 188 189 189 190 191 191 191 191 190 190 190 190 190 190 190 191 191 191 192 191 192
-3.4e+38 -3.4e+38 -3.4e+38 -3.4e+38 -3.4e+38 -3.4e+38 -3.4e+38 91 83 92 90 116 135 139 149 133 118 132 153 133 142 152 156 163 165 167 169 171 167 162 157 171 161 173 175 168 168 173 170 167 172 172 175 177 182 182 181 186 185 187 184 183 188 184 185 185 188 186 182 183 183 184 188 189 187 188 190 189 189 190 190 191 191 189 189 189 189 190 190 190 190 190 191 191 191 191 191 191 191
-3.4e+38 -3.4e+38 -3.4e+38 -3.4e+38 -3.4e+38 -3.4e+38 -3.4e+38 88 76 88 96 107 133 140 150 128 116 135 150 154 157 165 169 174 172 170 176 171 167 175 172 174 163 177 171 166 167 166 166 167 168 172 176 180 178 181 184 184 180 181 182 186 184 183 181 175 178 181 184 186 186 183 187 186 189 189 190 189 190 190 190 191 190 189 189 189 190 190 190 190 190 190 190 191 191 191 191 191 191
-3.4e+38 -3.4e+38 -3.4e+38 -3.4e+38 -3.4e+38 -3.4e+38 -3.4e+38 93 73 77 100 121 129 130 149 125 134 144 159 172 168 168 160 152 164 164 154 165 154 150 162 167 179 171 168 166 171 168 165 170 172 177 179 179 176 181 183 182 173 179 186 181 177 179 176 173 174 176 177 183 187 186 187 188 188 189 189 191 191 191 190 191 189 189 189 189 189 190 190 190 190 190 190 191 191 191 191 191 191
-3.4e+38 -3.4e+38 -3.4e+38 -3.4e+38 -3.4e+38 -3.4e+38 -3.4e+38 -3.4e+38 100 92 108 127 132 144 141 113 128 148 161 172 161 165 159 143 160 166 153 158 149 139 154 170 177 171 165 173 174 167 165 167 171 173 175 176 181 182 178 180 171 174 185 179 175 174 172 169 171 176 180 184 184 186 190 188 190 189 189 190 190 191 191 188 188 189 189 189 189 189 190 190 190 190 191 191 191 191 191 191 192
-3.4e+38 -3.4e+38 -3.4e+38 -3.4e+38 -3.4e+38 -3.4e+38 -3.4e+38 -3.4e+38 110 93 101 121 135 156 137 117 131 153 167 158 151 148 145 136 145 153 148 140 142 150 170 171 175 179 177 175 175 171 164 167 166 168 172 176 181 180 175 178 174 180 183 170 171 167 168 171 174 177 182 181 182 186 185 190 190 190 190 190 191 188 188 188 189 188 189 189 189 190 190 190 190 190 190 190 190 191 191 191 191
-3.4e+38 -3.4e+38 -3.4e+38 -3.4e+38 -3.4e+38 -3.4e+38 -3.4e+38 -3.4e+38 -3.4e+38 106 110 116 142 160 128 112 141 158 166 159 147 137 130 129 132 133 138 147 141 148 161 167 173 180 178 176 178 175 168 167 172 172 170 173 175 178 173 172 171 177 180 168 168 168 171 169 175 178 181 179 180 184 183 188 190 190 190 189 188 188 188 188 188 188 188 188 189 189 190 190 190 190 190 190 190 191 191 191 191
-3.4e+38 -3.4e+38 -3.4e+38 -3.4e+38 -3.4e+38 -3.4e+38 -3.4e+38 -3.4e+38 -3.4e+38 -3.4e+38 121 118 144 152 133 136 145 165 166 160 152 144 130 130 138 134 140 159 160 160 160 164 172 179 180 181 177 174 172 168 174 174 174 172 176 171 168 163 164 173 174 166 166 169 171 169 173 174 173 176 178 183 182 188 190 189 188 187 188 188 188 188 188 188 188 188 189 189 190 190 190 190 190 190 191 191 190 191 191
-3.4e+38 -3.4e+38 -3.4e+38 -3.4e+38 -3.4e+38 -3.4e+38 -3.4e+38 -3.4e+38 -3.4e+38 -3.4e+38 -3.4e+38 110 129 154 147 158 162 144 154 163 157 146 136 134 132 143 134 150 159 160 168 170 174 177 181 181 181 178 177 172 174 178 178 174 174 169 157 160 161 159 164 164 167 170 166 167 169 172 173 176 181 182 181 185 188 189 187 186 188 188 188 187 187 188 188 188 188 189 189 190 191 190 191 191 190 190 190 190 191
-3.4e+38 -3.4e+38 -3.4e+38 -3.4e+38 -3.4e+38 -3.4e+38 -3.4e+38 -3.4e+38 -3.4e+38 -3.4e+38 -3.4e+38 -3.4e+38 129 151 160 153 154 143 138 144 153 143 138 142 125 138 148 141 146 167 163 167 172 176 180 181 181 180 180 179 179 180 182 181 178 170 159 160 162 161 160 163 166 167 165 165 167 170 173 176 179 180 184 186 188 189 186 185 188 188 186 186 187 187 188 188 188 189 190 190 190 190 190 190 190 191 191 191 190
-3.4e+38 -3.4e+38 -3.4e+38 -3.4e+38 -3.4e+38 -3.4e+38 -3.4e+38 -3.4e+38 -3.4e+38 -3.4e+38 -3.4e+38 -3.4e+38 -3.4e+38 154 154 144 140 143 131 136 147 137 133 145 136 136 152 152 147 167 163 167 173 176 178 179 181 182 181 181 181 180 182 180 177 172 161 159 166 166 161 160 163 165 160 161 166 168 171 175 176 178 180 183 188 187 187 187 186 186 188 188 188 189 188 188 188 188 189 190 191 190 190 190 190 190 190 191 191
