data/layers/bio7.asc
NCOLS 507 
NROWS 956 
XLLCORNER -77.7833333333333 
YLLCORNER 0 
CELLSIZE 0.00833333333333335 
NODATA_value -3.4e+38 
[rows 400 to 439 of 956, columns 178 to 266 of 507]
113 114 105 103 106 115 122 121 116 122 126 125 119 117 114 117 113 111 109 106 107 112 117 117 125 129 128 129 130 129 130 131 131 130 130 130 130 130 130 130 131 130 131 129 130 129 128 116 114 114 119 123 123 128 128 126 125 125 124 124 124 124 123 123 123 121 121 119 117 116 115 114 113 111 111 113 109 109 108 108 106 106 106 107 109 106 105 104 103
117 110 103 107 112 120 124 125 118 124 122 119 115 109 111 110 106 106 105 108 116 120 120 122 124 129 129 130 130 130 131 131 131 130 130 130 130 130 130 131 131 131 130 131 130 129 125 115 111 120 124 125 127 129 129 126 126 125 124 125 124 125 123 122 121 121 122 120 118 118 116 115 114 114 114 109 109 109 109 109 107 106 106 111 110 108 104 104 103
119 116 111 115 118 123 126 125 120 123 122 118 115 109 103 101 102 101 103 110 120 122 127 127 127 129 129 130 130 130 131 130 130 130 130 130 130 130 131 131 130 130 130 131 129 127 119 112 113 121 125 129 127 127 128 127 126 125 124 124 124 124 122 123 123 121 120 119 118 118 116 115 116 114 112 109 109 109 110 109 107 108 109 109 106 108 105 104 104
116 119 112 122 126 125 121 115 121 123 116 112 115 112 103 101 99 99 105 110 121 115 120 126 129 129 129 130 130 129 131 130 130 130 130 130 131 131 131 131 130 130 131 127 129 127 119 112 118 123 124 127 129 126 126 126 126 125 124 125 124 122 122 123 121 121 120 120 119 117 118 116 116 114 110 111 109 109 109 107 109 111 109 107 106 106 107 100 100
112 120 122 124 125 124 113 112 120 119 118 111 105 106 106 103 101 103 108 115 111 114 123 128 124 126 130 129 130 131 130 130 131 130 131 131 131 131 131 131 131 130 129 127 127 121 114 111 119 120 122 126 129 128 126 126 125 124 124 124 124 123 122 123 121 122 120 120 119 118 117 117 115 114 111 109 111 110 111 110 109 111 111 110 107 107 104 100 101
114 116 123 125 125 112 111 112 120 113 105 105 104 101 100 100 98 101 105 108 114 123 126 123 119 129 130 129 130 130 130 131 130 131 131 131 131 131 131 131 130 130 128 129 128 120 114 120 115 114 121 127 129 126 126 125 125 124 124 124 124 123 123 122 121 122 121 120 119 120 119 117 117 114 111 111 111 112 111 111 111 109 107 107 106 105 105 99 98
118 122 125 125 120 117 108 116 114 112 104 106 104 102 100 99 100 103 110 116 121 125 118 117 124 129 128 130 130 131 130 131 131 131 131 131 131 132 131 131 130 130 129 130 129 126 120 122 112 116 127 129 129 129 128 126 124 124 124 124 123 123 123 122 121 122 122 119 120 119 118 117 117 115 114 114 112 112 111 112 115 109 107 104 103 105 102 100 97
122 124 123 120 115 111 107 113 107 102 101 102 101 99 99 101 102 106 105 113 118 111 113 117 123 125 130 130 131 130 132 131 131 131 131 131 131 132 131 131 130 130 130 130 129 128 125 122 112 118 125 129 129 126 129 128 129 126 124 124 124 122 123 123 121 123 121 121 120 119 118 118 116 117 115 115 115 112 112 115 114 111 107 101 101 105 102 100 97
124 122 120 114 113 104 102 103 103 100 100 101 103 101 103 104 105 107 107 110 114 114 119 117 125 127 130 130 130 132 131 131 131 131 131 131 131 132 130 130 130 130 130 129 127 121 124 124 114 124 125 129 129 127 124 124 124 124 124 124 125 124 122 121 121 123 124 121 119 120 119 119 118 117 117 116 115 115 113 114 111 109 107 104 102 103 98 97 97
122 116 114 113 109 103 106 105 103 101 100 103 108 106 106 106 107 107 107 116 117 121 123 127 128 130 131 130 132 132 131 131 131 131 131 131 131 132 131 131 129 129 128 129 125 120 123 116 114 124 128 129 127 125 124 124 124 124 124 124 122 123 123 123 121 123 122 122 122 120 119 118 119 117 116 117 117 113 117 112 109 107 103 103 102 104 98 96 97
119 113 112 107 103 104 108 107 103 100 103 106 108 110 109 107 107 108 109 117 124 126 129 129 130 130 131 130 132 131 131 132 132 132 132 131 131 131 131 130 129 129 130 129 126 117 122 120 114 123 128 128 126 124 124 124 124 124 123 124 122 123 122 122 123 123 122 123 121 120 120 119 119 117 116 117 115 115 113 112 109 103 100 100 101 100 99 96 97
123 122 118 104 106 109 111 107 103 103 106 109 111 110 107 108 107 108 115 120 118 127 129 130 130 130 131 130 131 131 131 132 132 131 132 131 132 131 132 131 131 130 130 130 127 123 119 118 116 124 129 126 124 125 125 124 124 123 124 123 122 123 123 123 123 123 122 121 121 121 120 119 118 117 116 116 116 115 114 114 109 103 100 99 101 98 97 96 96
121 118 108 108 110 112 108 106 108 110 111 110 108 109 108 105 107 113 120 124 127 129 129 130 130 131 130 131 131 131 131 132 131 131 132 132 132 130 131 130 131 130 129 131 129 121 116 120 121 127 128 127 125 125 125 124 124 124 123 122 123 123 121 125 123 123 122 123 121 121 120 119 118 117 118 117 117 115 115 114 112 107 104 101 100 99 98 97 96
114 111 107 108 112 117 113 115 113 113 114 108 107 108 105 103 105 109 120 122 122 128 127 130 130 131 130 132 131 131 132 131 131 132 132 131 132 131 130 131 132 131 130 129 127 120 116 124 122 124 128 130 126 126 125 124 124 123 123 122 122 123 121 124 123 122 121 122 122 121 120 119 119 117 119 117 115 115 115 115 114 109 107 101 101 99 98 97 97
110 112 114 114 113 117 114 116 114 112 111 111 111 109 106 104 101 109 118 118 120 120 128 129 129 130 130 131 131 131 131 131 132 131 132 131 132 131 131 131 131 130 130 128 128 119 116 126 123 122 126 128 125 126 124 123 123 122 122 122 121 123 123 122 122 122 121 121 121 120 120 118 119 117 117 116 116 116 115 115 107 107 108 104 101 100 96 97 97
115 114 111 112 107 106 110 115 113 115 114 111 110 108 107 105 104 109 116 116 114 117 126 125 130 130 130 131 131 131 131 132 132 131 132 131 131 131 131 131 130 130 130 129 127 120 125 127 126 123 124 128 124 124 124 123 122 122 123 122 121 120 124 123 122 123 123 123 121 121 120 119 119 119 117 117 115 115 116 109 104 103 105 103 100 100 98 97 96
120 114 112 111 105 108 112 113 109 115 115 114 114 112 109 107 104 110 108 108 112 126 127 130 130 130 131 131 131 131 132 132 131 132 132 132 132 132 131 130 131 130 130 128 125 118 124 125 127 127 128 128 124 123 122 122 123 122 122 122 121 123 122 123 124 123 123 123 121 120 120 120 118 120 117 117 116 117 116 109 103 103 104 100 99 98 97 98 97
116 112 109 106 105 110 105 110 109 111 114 114 114 114 113 112 109 107 106 107 120 128 130 131 130 130 130 131 131 131 131 131 132 131 132 131 131 130 131 130 130 129 129 129 127 120 124 126 128 126 129 129 128 124 123 122 122 122 122 121 122 123 122 123 124 122 123 121 121 121 119 120 118 118 116 117 117 116 112 107 102 102 103 102 99 98 97 98 98
109 106 103 102 105 109 106 107 107 110 114 111 109 114 114 112 107 105 109 113 126 129 129 131 130 130 130 131 131 131 131 131 131 131 131 131 131 130 131 130 131 130 129 128 124 120 125 126 123 125 128 129 127 124 122 122 121 122 122 122 123 124 123 122 123 123 122 122 121 121 120 120 119 117 116 118 117 116 109 104 99 99 101 100 97 98 96 99 98
109 105 100 104 105 106 106 108 105 109 113 113 111 108 112 107 107 110 112 123 124 130 129 131 130 130 130 131 131 131 131 132 131 131 132 132 130 128 131 131 130 130 129 128 126 122 125 122 124 126 127 127 127 123 122 122 121 122 122 124 123 123 123 122 122 123 123 122 121 120 120 120 120 117 117 119 117 113 108 107 98 97 99 99 98 98 98 98 98
106 101 100 102 100 103 105 104 105 106 110 110 109 105 107 107 114 119 125 128 129 129 129 131 130 130 130 131 131 130 132 132 132 131 131 131 130 129 132 131 131 130 126 128 128 121 121 121 123 121 128 127 128 127 122 122 122 121 123 123 123 123 122 122 123 123 122 121 121 120 119 119 119 117 119 117 114 109 106 101 98 97 98 99 98 98 99 99 98
102 100 101 99 100 102 104 102 103 105 105 105 105 105 109 112 113 122 129 130 129 129 129 131 130 130 130 131 130 131 131 131 131 131 131 130 129 129 130 130 129 129 129 126 124 119 120 126 126 126 127 129 126 127 127 126 127 126 124 124 123 123 123 122 123 123 121 122 121 121 119 119 119 119 119 116 112 106 104 98 98 97 97 97 97 99 96 96 99
100 100 100 101 100 101 101 101 103 103 103 103 109 114 120 120 122 125 129 130 129 129 129 130 130 130 130 131 130 130 131 131 131 131 131 130 130 130 131 131 129 129 129 126 120 121 124 126 124 128 128 125 124 124 122 123 123 124 124 123 123 123 123 122 123 122 122 121 120 121 120 119 119 119 119 116 112 106 103 97 97 98 98 97 97 98 97 97 97
103 103 101 100 100 99 100 100 101 102 101 105 109 113 121 126 128 129 130 129 129 129 129 130 130 130 130 131 130 131 130 130 131 130 131 130 131 129 129 129 129 129 129 128 121 122 121 126 126 129 128 125 122 123 122 124 123 124 124 124 123 123 123 123 122 123 123 122 122 121 121 121 117 113 118 116 112 105 102 97 97 98 99 98 98 97 94 96 97
106 102 101 100 101 101 99 100 101 101 101 102 108 113 119 122 128 129 129 129 129 129 129 130 130 130 130 130 131 130 130 131 130 129 130 130 131 129 129 129 129 128 129 128 124 121 124 126 129 128 126 124 124 126 124 124 125 125 124 123 123 123 123 122 123 123 124 121 122 120 120 121 114 106 112 113 106 104 99 97 98 99 99 99 98 95 96 96 99
102 101 101 100 100 100 100 100 100 101 102 106 109 110 116 124 128 128 129 129 129 129 129 130 130 130 130 130 130 131 130 130 129 128 129 131 131 130 130 128 126 122 126 129 128 123 122 127 128 126 125 128 126 129 128 128 128 126 124 124 124 124 124 124 124 123 124 122 121 121 120 118 112 106 108 105 104 100 97 97 98 98 97 99 97 95 96 96 99
104 103 102 102 101 100 102 101 102 103 102 105 110 118 123 126 128 130 129 129 129 129 130 130 130 130 130 131 130 130 130 130 130 129 130 131 130 129 129 128 126 122 124 126 125 125 128 128 127 129 129 129 128 129 129 128 129 127 127 127 124 124 124 124 124 125 123 123 122 121 121 118 115 112 109 106 104 103 99 97 97 98 98 99 98 96 95 96 97
103 103 103 102 101 101 103 104 105 104 104 104 109 117 121 128 128 128 128 129 129 129 129 130 130 130 131 131 131 130 130 129 129 130 131 129 130 130 129 128 128 126 127 124 125 125 126 127 128 128 128 128 129 129 129 128 129 127 127 127 127 125 124 125 125 123 125 125 123 123 121 122 112 114 111 105 103 100 99 97 98 98 98 98 99 95 95 95 95
101 102 101 101 100 102 106 106 105 103 102 108 118 121 125 128 128 128 129 130 129 129 130 129 130 130 130 130 130 131 130 129 130 131 130 131 130 129 129 129 127 127 126 124 124 126 126 123 125 127 127 128 128 127 127 126 125 126 127 127 127 127 127 125 125 126 124 123 122 122 117 116 110 114 109 103 102 99 97 99 99 98 98 99 99 96 95 95 97
103 103 101 100 102 104 107 105 105 104 102 109 112 115 117 128 125 127 128 129 129 129 130 129 130 130 130 130 130 130 130 130 130 130 130 130 130 130 130 129 128 128 127 127 123 123 123 124 126 126 127 128 127 127 126 126 126 125 125 127 126 127 127 126 125 123 120 121 116 120 112 111 106 109 105 101 99 98 98 99 99 99 98 99 98 95 95 97 97
105 103 102 103 104 106 107 107 107 105 105 108 109 118 122 120 123 129 129 129 129 129 130 130 129 130 130 130 130 130 130 130 131 130 130 130 130 130 130 129 129 128 128 125 116 122 120 123 124 124 127 126 126 128 126 125 125 125 125 126 127 127 123 123 122 121 115 114 110 116 111 105 103 104 102 100 99 97 97 98 98 98 96 98 96 95 95 97 98
104 103 104 104 106 106 107 106 108 109 110 116 118 122 121 119 124 129 128 129 129 129 130 130 129 130 130 130 130 131 130 130 131 131 131 131 130 130 130 130 129 129 128 118 113 117 120 120 125 126 126 126 127 127 127 126 125 125 124 127 126 126 125 123 124 123 120 115 106 112 112 109 101 102 101 99 97 97 99 99 99 98 98 97 95 94 95 96 97
105 106 103 106 110 108 107 106 112 112 115 122 120 126 123 125 129 129 130 129 129 129 129 130 129 130 130 130 130 131 131 131 130 130 131 130 130 130 130 129 129 128 128 120 112 115 120 122 123 124 126 125 127 127 126 125 125 125 125 127 126 126 125 125 123 118 114 111 105 105 109 103 100 100 99 97 98 98 99 98 98 99 99 98 94 95 95 96 97
109 106 107 109 109 109 109 113 115 116 126 124 123 128 127 128 129 128 128 128 129 129 129 130 130 130 130 130 131 131 131 130 130 130 130 131 130 130 129 130 129 126 127 125 110 116 118 122 121 123 125 125 127 127 126 125 122 125 125 125 125 125 125 125 123 120 114 108 102 100 100 102 102 99 100 97 97 97 98 98 97 98 99 99 95 95 97 97 97
105 110 110 110 110 111 113 115 119 122 116 126 127 128 128 128 128 129 129 128 129 129 130 130 129 130 130 130 131 131 130 130 129 129 129 129 131 130 130 129 129 122 126 124 109 120 120 116 116 122 124 126 126 126 126 124 125 125 125 124 126 125 123 123 118 110 101 101 100 99 99 101 101 101 100 99 99 97 97 97 98 98 99 98 95 95 96 98 99
105 105 105 107 110 114 114 114 111 109 105 119 127 128 129 128 129 128 129 128 129 129 129 130 130 129 129 129 129 129 128 130 128 129 127 126 130 129 130 129 128 126 124 122 111 115 115 109 115 122 124 127 125 126 126 124 124 124 124 123 125 124 123 121 121 118 107 106 101 101 101 102 101 101 98 97 97 98 98 97 98 98 99 97 95 97 98 98 98
103 103 104 107 112 113 113 110 107 107 108 112 128 128 128 129 129 128 128 129 129 129 130 129 129 129 129 131 130 129 130 131 129 129 127 126 128 128 129 128 127 123 122 111 101 107 111 106 113 120 124 126 125 125 124 121 122 122 122 123 124 125 123 113 109 114 110 100 99 100 101 101 99 99 98 98 98 97 97 97 98 99 99 98 95 96 99 98 98
104 103 106 107 112 112 110 117 112 115 120 123 127 128 128 129 128 128 128 129 129 129 129 129 129 129 129 130 130 129 129 131 129 130 129 130 127 127 128 128 125 124 123 117 103 103 104 103 108 118 124 123 121 119 122 120 122 117 122 123 125 120 123 118 109 103 100 100 100 101 103 101 99 98 98 98 97 97 97 98 98 98 99 98 95 97 98 98 99
105 105 107 106 107 106 108 118 123 126 125 127 127 127 128 129 128 128 129 129 129 129 129 129 129 129 130 130 130 131 130 129 129 129 130 129 128 129 129 126 126 126 122 116 109 101 100 100 103 120 121 117 109 104 109 113 115 112 118 120 124 117 111 116 113 106 100 102 103 106 104 99 100 97 98 99 100 98 98 99 99 99 97 97 95 95 97 98 99
107 106 107 107 107 104 108 114 121 126 127 127 127 128 128 128 128 128 129 129 129 129 129 130 131 130 129 131 129 129 130 129 129 130 130 129 130 130 129 128 128 127 120 105 100 98 99 98 100 117 111 106 103 101 101 103 101 106 114 116 124 122 123 106 102 100 100 101 101 100 100 100 98 97 99 98 98 99 99 99 99 99 95 95 95 96 98 98 99
