data/layers/bio7.asc
NCOLS 507 
NROWS 956 
XLLCORNER -77.7833333333333 
YLLCORNER 0 
CELLSIZE 0.00833333333333335 
NODATA_value -3.4e+38 
[rows 200 to 239 of 956, columns 267 to 355 of 507]
132 120 112 111 108 109 110 108 108 109 109 110 110 110 110 108 109 109 109 109 110 110 110 111 112 111 111 110 111 110 109 106 103 101 105 102 100 100 99 98 99 100 100 99 99 100 100 100 100 100 100 99 100 104 107 112 112 112 114 113 111 114 112 112 112 112 112 112 109 110 110 110 109 110 109 110 108 105 110 110 110 109 109 108 109 107 107 109 109
129 117 111 108 108 107 108 108 108 108 108 110 111 110 110 107 107 108 110 106 109 110 111 111 111 111 110 111 110 108 107 108 108 108 105 101 102 99 99 100 100 100 101 100 100 100 100 100 100 100 100 100 99 104 109 110 110 113 113 113 111 112 114 112 112 112 111 109 108 108 108 110 110 109 110 110 107 108 108 108 109 109 109 108 109 109 107 108 109
128 121 109 107 107 107 108 107 107 107 107 109 110 110 111 109 107 107 108 107 110 111 110 111 111 110 109 108 109 108 107 108 106 105 105 102 100 98 99 99 100 100 100 100 100 99 100 99 99 99 100 102 107 109 111 112 113 113 112 113 113 112 112 112 106 106 110 109 106 106 107 108 109 110 109 109 110 107 106 108 109 109 107 108 108 107 108 108 109
129 116 109 106 106 107 106 107 107 107 107 108 109 110 109 109 107 107 107 107 110 110 111 111 109 110 110 108 108 108 105 103 106 105 106 102 101 103 99 99 100 100 100 100 100 100 100 100 99 100 107 109 110 112 112 113 112 109 110 112 108 111 113 112 108 106 105 106 104 104 105 107 107 106 109 109 110 110 107 107 108 109 108 108 107 107 107 109 109
128 118 108 108 106 106 106 106 106 106 107 108 110 108 108 109 109 106 107 106 109 108 110 108 108 107 108 107 108 108 103 101 101 102 105 105 105 103 103 99 98 99 100 100 100 99 100 99 99 99 101 104 107 112 112 111 110 105 107 110 108 110 113 112 112 109 107 105 106 105 107 110 110 109 110 110 110 110 108 109 107 109 108 109 109 106 108 109 108
130 115 109 109 106 105 106 107 105 106 105 108 108 110 107 107 109 109 108 108 109 108 108 108 108 108 106 106 108 108 103 104 102 103 104 103 102 102 99 98 99 100 100 100 100 100 100 100 100 99 99 98 103 105 107 107 107 107 105 107 106 110 110 111 112 111 109 108 107 108 109 109 109 109 107 110 109 111 111 110 110 109 110 107 107 108 108 108 109
132 122 110 108 108 105 106 105 105 106 104 107 108 109 108 107 108 108 108 108 109 108 108 108 108 108 107 106 106 107 105 106 105 101 101 103 101 98 99 99 100 99 99 99 99 101 99 100 99 99 100 100 98 99 98 98 104 105 103 107 107 108 110 110 109 111 109 109 106 107 109 110 110 110 109 110 110 110 110 109 110 109 110 108 108 108 109 109 108
131 126 119 109 109 107 105 104 105 104 104 108 108 107 107 108 107 107 108 107 107 107 107 107 107 106 106 106 105 104 106 105 102 102 100 103 102 101 101 100 100 100 99 100 100 100 99 100 100 98 97 101 100 100 100 99 100 100 100 101 103 107 109 106 108 106 108 108 104 106 107 110 111 110 109 110 110 111 110 110 109 109 110 109 108 108 109 109 108
116 122 122 118 110 108 104 104 104 103 105 107 107 107 107 108 107 107 108 107 107 108 106 106 106 106 105 105 104 106 106 105 101 102 100 100 101 101 100 100 100 100 100 101 101 100 99 99 99 99 98 99 100 99 100 99 97 98 98 98 100 107 108 105 105 103 105 105 103 106 107 109 110 110 110 110 110 110 109 109 107 110 110 109 108 108 109 109 108
113 111 108 107 107 106 103 103 103 105 107 107 106 107 107 108 107 107 108 105 105 105 105 106 105 105 104 104 104 104 105 105 102 102 100 99 99 99 98 99 100 99 101 100 98 99 99 98 98 98 98 100 98 99 100 100 98 97 97 97 97 104 104 101 101 99 98 98 106 108 107 109 107 109 110 110 110 110 107 108 107 108 107 109 109 109 108 109 109
116 112 106 104 103 103 103 103 103 104 104 105 104 106 107 107 105 108 106 105 105 106 106 106 106 105 104 104 105 105 105 105 104 102 102 101 100 102 99 100 99 99 100 99 98 99 98 99 99 98 98 100 99 99 99 99 99 99 97 98 97 102 100 105 98 103 103 103 106 109 110 107 110 110 109 109 109 110 109 107 106 108 108 108 109 108 109 109 109
114 110 107 103 103 103 103 103 103 103 104 104 104 107 106 107 106 105 105 105 105 105 104 105 104 105 104 104 104 104 105 105 103 103 102 102 104 102 101 98 99 98 98 98 100 99 98 99 99 99 100 100 97 97 97 99 98 97 97 97 96 98 105 108 108 108 109 108 110 110 110 111 110 110 110 108 109 110 110 109 108 108 107 108 107 107 109 109 109
112 106 104 102 102 101 103 101 102 103 103 103 105 106 107 105 106 105 105 105 105 104 105 105 103 103 104 103 103 103 103 105 104 103 104 103 102 102 101 99 99 99 99 99 100 99 100 100 99 100 99 99 99 97 97 97 97 97 97 97 97 101 108 110 111 110 111 111 110 110 110 109 111 110 110 108 109 110 108 108 108 107 107 106 108 108 108 110 110
110 106 103 102 102 101 102 101 101 103 104 103 105 106 105 105 105 105 105 105 105 104 103 103 103 103 103 103 102 103 103 102 104 104 102 102 103 102 99 100 99 99 99 98 98 98 97 100 100 98 99 97 98 97 97 97 97 97 98 97 97 107 111 111 111 111 111 110 111 111 111 110 109 109 110 107 110 110 110 108 109 108 107 106 108 108 108 108 110
110 104 102 101 102 102 102 102 100 101 104 104 105 105 105 105 104 105 104 104 104 104 104 103 103 103 103 104 103 103 102 102 102 103 102 102 101 101 100 99 99 100 100 99 100 99 98 100 100 99 97 97 97 97 96 97 97 96 97 97 105 109 110 110 111 111 111 111 110 111 109 107 108 109 107 107 110 107 109 108 108 108 107 107 108 108 108 109 108
106 103 101 101 101 102 100 101 100 100 101 104 104 104 105 104 105 104 105 104 104 104 103 103 102 102 101 102 103 103 102 103 103 102 103 102 101 101 102 100 101 100 99 100 99 99 100 99 98 98 97 97 97 97 96 97 99 98 96 100 107 108 110 111 111 111 111 108 108 107 106 107 107 107 105 107 108 108 107 108 106 105 108 107 108 107 108 108 107
106 100 100 100 101 100 100 100 100 101 101 102 104 103 104 104 104 104 104 103 103 102 103 102 102 102 102 102 102 102 103 102 102 102 101 101 99 99 101 100 99 99 99 99 99 99 99 100 99 98 97 96 96 97 96 97 99 101 99 102 108 111 111 111 111 111 106 106 106 107 107 107 105 103 105 106 107 108 108 106 106 105 107 108 108 108 107 108 109
105 101 101 101 100 100 100 101 100 101 100 103 104 104 103 102 104 103 103 102 102 102 103 102 102 102 102 102 102 102 102 101 101 101 100 101 99 100 99 100 99 98 98 98 99 99 98 98 98 97 96 97 97 96 95 97 102 105 103 106 108 111 110 109 103 106 106 107 106 106 106 106 101 104 106 107 109 107 108 108 107 105 107 108 107 107 108 107 108
103 100 100 101 101 101 100 101 100 101 100 103 104 103 104 104 102 102 102 102 102 102 102 102 102 102 102 101 102 101 101 100 101 101 100 100 100 100 99 99 100 98 98 99 97 97 97 98 97 96 97 97 96 96 95 98 105 108 107 107 107 108 109 106 101 103 106 106 106 106 105 102 101 103 104 107 110 110 109 107 107 107 107 108 107 107 108 108 110
102 100 100 100 101 101 101 100 101 99 101 102 102 104 102 102 102 102 101 102 101 101 101 102 102 101 101 102 100 101 100 100 99 100 99 100 100 100 99 99 99 99 99 98 97 97 97 97 97 97 97 96 96 97 96 101 107 107 108 109 106 104 106 103 99 106 105 105 105 105 104 100 102 105 107 108 109 109 108 108 108 108 108 108 108 107 107 108 111
103 98 99 99 101 100 102 100 101 101 100 102 102 102 102 101 101 102 102 101 101 101 102 102 102 100 102 100 100 100 100 99 100 100 100 99 98 99 99 99 98 99 97 97 99 97 96 97 96 98 97 96 98 98 99 99 98 103 107 111 108 104 102 98 101 103 104 105 107 106 105 102 101 104 106 108 109 110 110 109 107 109 108 109 108 108 107 109 111
101 98 99 98 99 100 101 102 101 100 98 101 102 102 102 102 102 102 102 101 101 101 101 101 99 100 100 100 100 100 100 99 99 99 99 98 99 99 98 99 99 98 97 97 97 97 96 100 98 99 96 98 100 101 98 100 103 107 108 111 107 103 96 96 97 101 103 105 107 110 111 107 105 103 109 108 109 109 109 110 110 109 108 108 109 109 110 108 110
98 99 99 99 100 99 102 101 101 98 98 100 102 101 102 102 102 102 100 101 101 100 99 100 100 100 100 100 99 99 99 99 99 99 99 98 99 98 97 98 98 98 97 98 97 99 97 98 104 96 96 98 103 100 96 102 106 110 110 111 105 100 100 95 98 99 103 106 108 110 110 111 111 106 108 109 108 107 108 108 108 109 108 108 107 109 110 110 111
99 99 98 97 100 101 102 102 101 99 100 102 101 100 100 101 100 99 99 102 101 99 99 100 100 100 99 99 100 99 99 99 97 97 99 98 97 97 98 97 96 97 97 97 96 96 100 98 101 102 101 103 97 98 100 107 110 111 114 111 105 100 103 101 98 103 105 105 108 109 111 111 111 109 109 110 109 110 107 109 108 108 110 108 108 109 110 110 112
98 99 98 98 98 100 101 101 101 102 102 99 99 100 101 100 100 99 99 99 100 100 99 99 100 99 99 99 99 99 99 97 98 98 96 97 97 97 96 96 96 96 96 96 96 95 101 107 107 105 103 99 96 97 101 108 110 112 113 111 107 101 105 103 100 101 106 105 108 109 111 111 111 110 109 109 109 110 110 108 109 108 109 109 108 108 110 110 113
97 98 97 97 99 100 101 101 100 101 99 98 99 99 99 99 99 99 100 99 100 100 100 99 99 99 99 99 99 98 95 95 97 97 96 96 96 97 97 97 96 96 96 96 96 96 101 109 110 105 101 97 96 98 107 110 112 112 114 111 105 103 106 105 103 105 106 108 107 111 111 111 110 112 110 110 109 109 107 108 108 109 110 109 109 110 110 110 112
96 97 97 98 97 99 100 100 99 98 98 98 98 98 99 100 99 99 99 99 99 99 99 99 99 99 98 97 98 97 97 96 97 95 96 96 96 97 97 98 95 96 96 103 98 99 105 112 112 109 103 99 100 105 109 112 112 114 112 111 108 103 106 108 105 105 107 110 111 111 110 111 109 111 110 110 108 109 107 108 107 108 108 110 110 110 110 111 111
97 97 99 98 96 98 100 100 98 97 99 98 98 98 99 98 99 99 98 98 99 99 99 98 98 98 98 97 97 96 96 95 96 96 95 95 96 96 96 98 98 97 101 108 109 104 107 112 113 110 105 105 103 108 110 112 114 115 113 112 109 103 105 107 108 107 107 109 111 112 111 110 110 112 112 112 110 110 109 108 111 110 110 110 112 110 113 111 110
97 96 96 97 98 98 100 99 98 96 96 98 98 96 96 98 98 97 95 98 99 98 97 98 96 96 96 97 97 97 94 94 96 96 95 96 96 96 95 98 97 98 107 110 113 112 113 111 112 112 111 110 110 110 113 113 114 114 113 112 111 104 102 103 107 109 108 109 111 110 109 109 110 110 111 114 113 109 110 111 112 113 112 113 113 112 108 109 110
96 97 96 96 98 99 98 98 96 96 96 96 96 96 97 98 99 98 97 98 98 98 97 97 96 95 95 96 96 96 95 94 95 95 95 95 96 95 98 103 105 101 107 112 114 114 115 115 112 111 114 112 115 112 113 113 115 116 113 112 111 103 103 100 105 108 109 108 109 109 109 108 107 109 110 112 113 110 111 114 111 110 108 112 109 110 108 109 111
96 95 95 96 98 96 96 98 97 96 96 96 96 96 97 97 98 98 98 98 98 97 96 96 94 95 95 94 94 95 95 95 93 93 95 96 96 96 98 109 112 112 115 115 115 115 115 114 113 112 113 115 115 115 115 113 115 115 114 112 110 108 106 101 103 107 108 111 110 110 110 109 109 109 110 111 113 113 112 113 111 108 109 108 110 110 108 110 111
95 95 95 96 96 96 96 96 97 97 96 96 95 96 97 99 97 98 98 97 97 96 95 93 94 93 94 95 94 93 94 93 94 93 92 94 94 96 99 107 107 111 113 115 115 115 115 115 114 113 110 114 116 116 115 113 116 114 112 112 110 110 105 105 101 103 106 109 109 111 111 110 110 109 108 112 113 112 109 109 107 108 109 110 110 109 108 110 111
94 96 96 96 96 97 99 96 96 96 96 94 95 96 97 98 98 97 97 97 96 95 95 93 93 94 94 94 94 93 94 92 93 92 93 92 92 94 96 103 98 105 107 111 106 111 115 114 115 114 113 115 115 115 115 115 115 115 113 113 114 111 107 107 102 98 105 108 109 112 111 111 111 110 110 111 113 111 109 109 108 108 107 109 108 110 108 110 111
94 95 94 96 96 96 98 97 96 95 96 96 93 96 98 97 97 96 96 95 96 95 93 93 93 94 93 92 94 94 93 93 92 93 93 92 92 92 93 96 94 93 93 94 96 107 113 115 115 114 114 114 114 115 114 115 115 115 115 114 113 109 105 108 105 100 104 108 109 110 111 111 111 110 111 114 113 110 109 109 108 107 107 108 108 109 109 110 111
94 93 94 93 93 94 96 96 95 94 95 95 95 96 97 97 96 95 94 93 93 92 92 93 93 92 93 92 93 93 94 92 93 93 92 91 92 93 95 95 94 92 94 95 94 101 109 113 112 113 112 112 108 112 112 115 115 115 115 114 111 109 106 109 107 105 107 109 110 109 110 112 112 109 114 112 112 111 110 109 108 108 108 108 110 109 110 109 111
94 93 93 93 93 96 98 97 94 95 93 93 93 95 95 96 95 93 94 92 92 92 92 93 92 93 93 92 93 94 93 93 92 91 92 92 91 92 91 91 92 95 94 99 105 107 110 113 115 115 113 112 108 111 112 114 115 114 115 113 112 110 108 109 110 108 107 109 109 111 109 110 113 112 114 109 110 110 110 108 108 108 108 109 110 111 111 112 112
94 95 95 93 95 97 96 95 94 93 93 93 92 93 94 94 93 93 92 92 92 93 93 93 91 91 91 92 92 94 93 93 91 92 92 91 91 91 90 91 93 97 105 113 113 114 111 116 114 114 115 113 110 110 108 111 113 113 115 114 114 112 108 109 110 109 109 110 110 111 108 110 111 113 114 111 109 109 109 109 107 109 108 111 108 110 109 111 111
94 94 97 97 99 100 94 94 94 94 93 92 93 92 93 93 93 93 92 92 92 93 92 92 91 92 91 92 91 92 93 92 93 91 90 90 91 91 90 91 94 107 117 115 115 115 115 115 112 113 115 115 112 115 110 109 110 112 115 113 114 113 110 110 108 109 110 111 109 112 110 109 109 113 113 113 111 109 109 108 108 108 109 108 111 111 111 111 112
97 94 95 94 98 100 97 97 94 91 93 93 93 93 92 92 92 91 91 91 92 91 91 90 91 91 90 90 90 91 93 94 92 91 90 90 90 90 90 91 94 109 115 115 115 115 113 114 108 110 112 112 115 115 111 110 110 113 114 114 113 113 113 110 109 109 110 112 111 112 112 110 112 112 112 112 111 109 109 108 109 108 108 109 111 109 111 112 112
100 100 100 97 102 105 102 94 96 94 92 91 92 90 91 91 90 90 91 90 91 90 90 90 90 91 90 90 91 90 91 92 92 91 90 90 90 90 90 92 101 110 115 116 109 104 110 111 96 103 110 112 115 115 111 107 109 111 113 115 114 115 116 113 111 107 109 109 109 112 111 114 111 109 113 112 110 110 108 109 108 109 110 111 110 111 111 112 112
