data/layers/bio7.asc
NCOLS 507 
NROWS 956 
XLLCORNER -77.7833333333333 
YLLCORNER 0 
CELLSIZE 0.00833333333333335 
NODATA_value -3.4e+38 
[rows 520 to 559 of 956, columns 178 to 266 of 507]
121 120 121 121 120 120 120 120 120 119 119 119 118 116 115 113 109 109 109 108 110 111 113 113 111 111 111 111 105 105 101 99 99 97 97 96 96 95 96 97 97 97 98 98 98 98 98 98 98 97 98 97 98 98 104 100 98 98 100 100 98 98 98 98 98 98 100 97 97 96 97 97 98 97 97 97 98 99 99 99 99 104 109 115 119 123 123 124 121
121 120 120 120 121 120 120 120 120 120 119 119 120 118 116 113 113 114 113 113 113 114 113 113 113 112 111 111 110 109 103 100 98 97 95 96 96 96 95 97 97 97 97 97 97 98 97 98 100 100 99 99 98 99 102 102 98 99 101 100 98 97 101 100 99 98 100 102 98 97 97 98 99 99 97 96 98 99 101 100 100 101 109 115 121 121 122 124 124
121 120 120 121 121 120 120 120 120 120 120 119 119 119 117 116 116 115 115 113 113 114 113 113 112 112 111 109 103 104 101 102 99 98 96 96 95 95 97 97 96 96 97 97 97 98 98 98 98 99 103 101 100 103 105 105 100 100 103 103 98 99 101 103 99 98 98 101 100 98 97 97 99 101 99 97 97 99 101 101 100 104 111 119 121 122 122 123 122
121 120 120 120 120 121 120 120 120 119 120 119 118 116 115 117 114 113 111 113 113 113 112 112 111 112 111 105 100 101 99 100 100 100 96 97 96 96 96 96 96 97 98 98 98 98 98 99 99 98 99 104 103 105 104 105 105 105 106 101 98 99 103 103 101 100 99 101 103 100 98 98 98 99 100 99 98 100 100 104 102 103 108 115 120 120 123 122 123
121 120 120 121 121 121 120 120 120 120 120 119 119 115 115 115 113 112 109 112 114 113 112 107 107 113 112 110 109 103 99 98 98 97 97 97 96 96 96 96 97 97 97 98 98 97 98 99 96 96 97 103 103 105 99 100 103 106 105 104 100 101 103 104 104 104 101 104 105 101 99 96 98 98 100 102 100 100 103 107 111 104 108 113 120 121 122 121 121
121 121 121 121 121 121 120 120 120 120 120 120 119 116 115 114 113 107 111 113 114 113 111 105 110 110 108 111 111 103 100 98 97 96 96 96 96 96 96 97 97 97 97 98 97 96 97 95 93 95 97 99 100 99 98 97 99 103 106 105 104 105 105 103 105 105 104 106 104 103 99 98 99 99 98 102 102 101 102 107 108 107 109 114 120 122 121 121 121
121 121 121 121 121 120 120 120 120 120 120 119 119 116 115 115 113 109 111 113 113 112 109 105 110 108 103 107 107 105 101 99 97 95 96 96 95 95 95 95 96 97 97 97 98 95 94 93 93 96 98 100 98 97 97 98 100 103 106 105 106 106 107 106 108 107 107 106 105 103 99 98 100 102 101 102 102 103 104 108 114 112 115 118 123 121 120 120 118
121 121 121 121 121 120 120 120 120 119 120 119 119 116 115 115 113 108 113 114 113 111 105 103 107 103 102 100 103 101 101 98 97 96 95 96 96 95 96 96 96 96 96 96 97 96 93 93 96 97 97 99 98 97 97 99 102 105 106 102 105 104 104 104 104 106 110 108 104 103 99 99 100 101 101 101 102 106 104 106 108 112 117 118 121 123 120 116 110
121 121 121 121 121 121 120 120 120 119 119 119 118 116 115 115 115 109 111 115 114 113 107 102 103 101 99 99 99 101 99 98 98 96 95 94 96 95 95 95 96 95 96 97 97 97 94 97 98 98 98 98 97 97 98 98 99 106 99 99 104 100 101 103 105 106 107 108 103 103 104 102 104 104 102 101 103 104 107 105 102 108 119 117 120 124 120 113 108
121 121 121 122 121 121 121 120 120 119 119 118 117 116 116 116 115 111 113 114 113 111 109 105 101 101 100 98 98 97 97 98 95 97 97 96 95 95 95 95 96 96 96 96 97 97 96 96 97 97 98 97 97 98 98 99 103 104 99 98 101 99 102 104 103 103 106 110 105 106 101 103 106 104 102 103 104 105 108 108 103 108 115 115 119 124 122 116 108
122 122 121 121 121 121 121 121 120 120 118 118 117 117 116 115 115 112 113 112 111 105 104 103 99 100 99 98 97 95 96 97 95 95 97 97 95 96 96 96 97 96 96 96 96 97 97 95 97 96 97 97 97 98 98 99 99 99 98 98 99 98 102 105 106 106 107 109 111 107 104 105 107 105 105 108 108 105 110 107 108 113 115 115 119 123 124 117 110
123 122 122 121 121 121 121 121 120 119 119 118 117 117 116 115 114 110 113 110 107 107 103 101 99 98 96 98 97 96 96 95 97 96 97 96 96 96 96 98 97 97 97 96 96 95 98 95 96 96 96 97 97 97 98 98 98 98 98 98 98 98 99 103 103 105 105 107 112 109 108 107 108 104 106 111 117 113 115 114 114 110 108 108 118 123 123 119 110
122 122 122 122 121 121 121 120 120 120 120 119 117 117 116 115 115 113 114 115 111 112 109 101 99 97 96 96 96 96 95 95 98 98 95 95 97 97 98 98 98 97 95 95 95 93 97 97 97 98 97 97 97 97 97 98 97 98 98 97 98 97 99 100 104 103 105 107 110 112 114 113 107 104 105 110 118 118 118 117 115 107 107 107 117 124 125 122 112
123 122 122 122 122 121 121 121 121 120 119 119 117 117 117 116 115 116 115 115 115 114 113 104 102 98 98 97 96 96 95 95 97 98 96 95 95 96 96 98 98 97 96 95 95 96 98 96 95 98 97 98 97 98 97 98 98 98 98 98 98 98 99 104 106 106 107 107 107 110 115 114 110 106 106 114 120 116 111 116 111 105 108 116 118 126 126 121 120
123 123 122 121 121 121 121 121 121 119 118 117 117 117 116 116 116 115 115 114 111 113 109 106 109 100 98 96 96 95 96 96 96 97 96 97 97 96 97 98 99 97 97 98 96 97 98 97 96 98 98 98 98 98 97 98 99 98 98 98 98 98 102 103 104 105 107 107 107 109 116 116 112 106 105 114 121 118 118 117 108 104 105 104 117 124 126 121 123
123 123 122 122 121 121 121 121 120 119 119 117 117 118 117 116 114 115 115 115 114 109 100 101 101 99 99 97 96 95 95 95 96 96 96 98 97 99 98 98 99 99 99 99 98 97 98 97 97 98 98 97 98 98 98 98 98 102 99 99 99 98 98 103 103 106 106 105 106 106 111 117 121 112 108 110 120 121 121 116 106 107 112 108 115 126 126 119 123
122 122 121 121 121 121 121 121 120 119 118 117 117 117 117 115 111 111 116 115 113 107 99 99 99 98 97 97 97 96 96 95 96 96 97 95 95 97 98 98 98 97 99 99 99 98 99 97 99 98 98 98 99 99 98 99 98 101 99 103 100 98 98 98 101 103 105 105 106 106 110 114 116 120 110 110 119 120 116 110 105 110 114 108 114 125 127 118 122
122 122 122 121 121 121 121 121 119 119 119 117 117 118 118 116 108 108 115 114 109 103 99 98 97 96 96 95 97 97 97 97 96 97 96 96 96 97 99 97 97 97 98 99 102 103 101 99 99 100 98 99 100 99 98 98 101 103 100 105 101 99 98 99 100 100 103 104 103 106 109 110 113 120 115 110 120 119 110 106 105 110 116 119 121 125 127 121 122
122 122 122 121 121 121 121 121 119 118 118 118 117 117 117 117 111 106 111 109 103 100 101 98 97 95 95 95 97 96 96 95 96 95 96 96 97 99 98 97 96 98 99 98 98 101 103 101 99 98 98 99 105 103 99 98 103 105 101 105 105 101 98 103 103 103 105 106 105 107 106 107 112 117 119 119 122 114 110 105 106 113 117 120 125 127 127 121 122
122 122 122 121 121 122 121 120 118 118 118 117 117 118 118 116 109 105 112 111 101 101 101 99 99 96 95 95 96 96 96 96 96 95 95 96 96 97 97 96 98 98 98 97 98 99 104 105 100 100 99 99 103 107 100 105 107 105 103 107 107 103 101 105 106 106 106 106 106 107 110 112 112 112 116 123 123 117 116 112 115 114 110 123 122 124 127 124 121
122 122 122 121 121 121 121 121 118 119 118 118 117 119 118 117 109 107 115 115 111 103 107 102 99 97 96 95 95 95 95 97 95 96 97 96 96 96 97 97 97 96 97 98 100 99 102 108 105 104 101 104 105 109 108 107 108 99 105 108 107 103 99 103 105 106 107 107 107 108 109 109 115 115 119 124 120 122 123 120 120 121 118 122 123 124 127 127 128
122 122 122 121 121 121 121 121 118 118 118 117 117 117 118 117 112 116 117 117 111 112 108 102 99 97 97 97 95 95 95 95 96 97 96 97 97 97 97 96 96 97 97 98 100 100 102 109 109 109 112 109 111 110 110 109 108 108 108 108 108 103 102 105 105 106 106 107 107 106 107 108 112 117 121 118 112 114 116 123 122 123 126 126 127 127 127 123 125
122 122 122 121 121 122 121 120 120 118 118 117 118 119 119 117 116 117 119 116 115 113 103 99 100 99 99 98 98 97 97 96 97 97 96 97 97 98 98 96 97 97 97 99 99 106 108 105 109 109 110 107 109 107 107 110 110 109 109 108 108 106 105 107 106 107 107 110 107 107 107 110 114 121 119 115 107 106 109 119 118 114 118 123 125 126 126 117 123
122 122 122 121 121 121 121 120 120 119 118 118 117 119 120 119 119 119 118 119 117 109 103 102 103 102 102 98 97 97 95 96 96 97 97 97 98 97 97 97 97 98 98 99 99 107 103 100 109 107 101 100 102 105 100 105 110 109 109 109 109 108 108 107 108 108 110 113 110 111 111 109 116 123 114 112 107 106 106 114 112 117 120 125 127 125 120 118 125
122 122 121 121 121 121 121 121 120 118 118 117 117 117 119 119 118 118 118 118 116 116 117 115 107 109 101 98 97 97 96 97 96 96 98 98 98 97 96 98 97 98 99 100 104 105 101 99 104 101 101 100 100 101 100 104 107 109 109 110 110 110 109 108 110 109 118 116 114 115 117 120 118 119 113 108 105 105 106 109 112 113 118 125 126 123 116 118 123
122 122 121 121 122 121 121 120 119 119 119 117 117 117 117 118 118 118 119 119 119 117 113 108 109 109 102 99 98 97 97 96 98 98 99 98 99 98 97 98 99 99 100 103 102 99 100 99 100 99 103 99 100 99 102 107 108 109 110 109 109 109 110 110 112 112 111 111 110 110 111 116 122 113 107 105 105 105 106 108 115 117 120 124 127 123 116 120 121
122 122 121 122 122 121 121 120 120 119 118 117 117 117 119 119 119 119 119 117 118 107 101 100 100 103 106 99 99 96 96 96 97 97 98 98 98 99 99 100 100 100 99 98 100 99 99 99 99 99 100 100 105 100 103 107 110 110 109 109 108 109 108 109 110 110 108 108 107 108 111 115 116 109 105 105 105 106 110 114 116 119 123 125 127 123 116 118 121
122 121 121 121 122 121 121 120 120 119 118 116 117 118 120 120 120 119 114 117 116 112 105 99 97 99 103 101 99 97 97 96 96 97 97 97 97 98 99 99 97 98 97 97 98 98 99 99 98 99 100 105 106 102 107 109 110 109 110 109 108 108 108 109 109 108 107 107 107 108 112 121 111 106 105 105 105 106 110 114 117 120 125 126 123 116 111 114 119
122 121 121 122 121 121 121 120 119 119 118 117 116 118 120 119 119 117 109 117 112 111 102 98 95 96 100 100 98 98 96 96 96 97 96 96 96 99 98 98 97 98 96 98 99 98 99 100 100 100 100 105 109 110 110 111 109 109 110 109 109 108 109 108 108 108 107 108 107 108 114 115 108 106 104 106 108 105 106 106 114 121 127 125 122 115 107 109 120
122 121 122 122 121 120 121 120 120 119 117 116 116 119 120 121 119 110 102 106 100 102 100 97 96 95 98 99 98 97 97 97 96 97 96 97 98 99 97 98 98 97 97 98 98 98 99 100 101 105 103 109 110 111 109 107 107 110 109 109 107 108 109 107 108 108 108 107 108 111 112 115 107 105 104 108 108 111 106 109 116 121 125 123 118 111 105 109 115
122 121 121 121 121 121 121 120 120 119 118 116 116 119 119 121 116 108 104 109 100 101 100 98 96 96 97 99 97 96 96 96 96 96 97 98 99 98 97 98 97 96 97 98 98 99 100 99 100 105 110 109 108 108 102 100 101 110 107 110 105 105 108 106 105 107 108 108 108 111 117 111 108 106 106 109 113 111 108 111 117 122 123 119 111 106 104 108 117
123 122 121 121 121 120 120 120 120 119 118 118 117 119 121 121 120 110 108 115 107 103 100 97 95 96 96 98 96 96 96 96 95 96 98 98 97 97 96 99 96 96 97 97 99 99 99 99 100 100 104 103 103 100 99 99 100 103 106 108 103 102 106 105 107 108 108 107 107 114 112 108 107 106 105 108 111 114 113 114 117 124 123 117 107 104 104 109 114
122 122 121 121 121 120 120 120 120 119 117 116 119 121 119 119 117 109 112 117 113 101 99 99 97 97 95 95 97 95 96 96 98 98 99 97 96 98 96 97 97 96 96 99 99 98 98 100 100 101 100 102 101 100 98 99 100 100 102 103 103 101 108 108 107 108 107 107 110 115 107 107 106 105 106 107 111 111 116 116 116 124 123 116 110 104 105 106 112
122 122 122 121 121 121 120 120 119 119 117 116 118 120 122 122 119 117 122 119 112 100 100 101 99 96 96 95 95 96 96 97 96 97 98 97 96 97 96 97 96 97 97 99 97 98 99 98 99 99 100 99 100 100 99 99 100 100 102 105 103 108 107 108 109 109 109 108 112 113 107 106 105 106 106 106 108 111 119 118 117 123 123 119 108 104 104 105 109
122 122 122 122 121 121 120 120 119 119 118 115 116 121 121 121 122 122 121 117 112 106 105 101 100 97 96 96 96 95 97 95 96 95 97 97 96 97 96 97 96 96 97 97 97 98 97 99 99 98 99 99 99 100 99 100 100 102 106 110 110 107 110 110 109 109 109 108 113 111 107 106 105 106 106 108 112 116 116 117 120 123 123 116 107 104 103 105 108
122 122 122 122 122 120 120 120 120 119 119 115 117 120 120 121 122 123 121 113 110 112 102 100 98 96 96 96 97 96 95 96 96 96 96 97 96 96 98 97 98 96 97 96 98 98 97 98 98 98 100 100 99 100 99 100 100 104 109 111 110 109 109 109 109 108 110 110 114 108 107 107 106 106 106 109 113 110 108 111 117 121 123 114 106 104 103 108 114
122 122 122 122 122 120 120 120 120 119 118 116 116 119 121 121 119 121 121 111 104 107 105 102 100 98 98 98 97 95 97 97 97 97 97 95 96 97 98 98 98 98 98 98 97 97 97 98 98 99 100 101 101 104 100 100 104 103 109 111 109 110 109 109 109 108 109 110 114 109 107 107 106 105 106 106 112 105 107 114 118 117 123 114 105 103 106 112 115
122 122 122 121 121 120 120 120 119 119 118 117 119 121 121 119 123 123 119 115 113 104 101 100 100 99 99 98 96 97 96 96 98 98 97 97 97 98 99 98 98 98 99 98 97 97 98 99 99 98 100 102 101 107 101 101 103 109 112 111 110 110 109 109 110 110 111 112 111 108 107 107 106 106 106 106 110 110 108 109 116 121 123 117 107 105 107 113 110
122 122 122 121 121 120 120 120 120 119 118 116 118 120 119 119 124 123 121 122 119 114 104 101 98 97 96 99 98 97 97 98 99 98 99 98 99 99 100 99 100 99 100 98 98 98 99 100 100 100 101 107 104 110 104 102 107 112 112 110 109 110 109 110 110 110 110 109 110 108 108 106 106 107 107 105 107 108 108 110 116 117 123 124 106 105 106 110 107
123 122 121 121 121 121 121 120 119 118 116 116 118 119 118 120 121 123 123 123 119 110 101 100 97 95 95 97 99 98 97 97 98 97 98 98 101 101 102 101 100 100 99 99 100 99 99 102 102 100 103 111 113 114 108 112 111 111 111 111 110 110 111 110 109 109 110 110 109 107 108 106 106 106 107 108 107 108 108 112 117 115 121 115 106 105 104 109 105
