data/layers/bio7.asc
NCOLS 507 
NROWS 956 
XLLCORNER -77.7833333333333 
YLLCORNER 0 
CELLSIZE 0.00833333333333335 
NODATA_value -3.4e+38 
[rows 880 to 919 of 956, columns 0 to 88 of 507]
-3.4e+38 -3.4e+38 119 118 118 118 116 116 114 111 102 104 101 98 98 102 109 108 111 111 113 114 116 115 117 117 116 118 117 115 113 111 106 111 114 120 121 121 118 109 112 115 114 113 111 101 98 95 99 101 95 101 107 116 118 115 116 119 118 120 120 121 121 119 119 117 116 116 119 119 119 119 116 116 116 114 115 114 112 111 113 113 111 113 112 112 110 111 111
-3.4e+38 -3.4e+38 119 118 119 117 117 117 113 108 105 102 99 97 96 101 102 101 103 102 105 110 114 113 116 115 114 116 112 109 101 104 105 114 118 120 121 119 117 112 115 115 114 110 111 105 96 95 101 109 98 98 110 115 113 113 116 118 118 120 121 120 121 120 119 117 114 116 116 119 119 116 115 115 114 113 112 112 111 112 113 113 115 113 112 110 110 109 112
-3.4e+38 -3.4e+38 119 119 120 118 118 117 110 107 99 100 96 96 95 97 98 97 98 99 104 107 108 109 114 109 107 112 108 104 102 106 111 115 118 121 123 118 119 116 118 116 115 101 102 98 96 96 97 108 108 99 100 106 109 117 120 121 121 121 121 119 119 118 118 119 116 115 119 120 120 119 116 112 112 110 110 110 111 111 111 113 112 112 110 112 110 111 110
-3.4e+38 -3.4e+38 119 119 117 119 117 114 110 99 99 97 97 95 95 93 95 97 98 99 101 105 100 104 111 105 102 104 104 101 105 112 117 118 121 122 122 120 117 119 119 114 113 103 96 95 103 98 99 106 115 109 110 109 115 120 121 122 121 121 119 119 116 116 115 118 115 116 119 119 120 119 117 112 112 110 110 109 110 110 110 112 112 112 110 111 111 110 111
-3.4e+38 119 120 119 117 116 114 111 108 103 101 95 95 95 94 96 95 97 95 97 100 99 102 108 105 102 99 99 99 104 106 114 118 123 123 122 120 120 120 121 117 112 105 101 96 96 102 111 101 105 113 119 115 117 116 120 121 121 121 120 120 119 119 117 115 116 115 116 118 117 118 117 117 113 111 110 110 110 109 109 109 111 110 111 110 110 111 110 111
-3.4e+38 120 119 115 116 115 114 112 107 103 99 97 96 96 96 95 96 95 95 98 98 105 108 102 101 100 99 101 105 110 115 117 121 123 123 122 123 123 121 119 115 109 103 98 98 98 100 114 109 102 112 119 121 119 119 119 121 121 118 121 121 121 119 119 116 112 114 112 115 118 116 115 114 113 110 110 110 111 110 108 110 111 111 111 111 111 111 110 111
-3.4e+38 119 118 117 116 115 116 110 107 102 98 100 97 95 98 99 96 94 95 101 104 103 100 101 98 103 104 109 109 114 119 121 122 122 123 122 123 121 121 117 113 108 102 100 99 96 102 113 117 109 111 118 121 121 120 121 122 122 120 122 122 121 121 117 118 114 117 115 112 115 113 115 112 111 110 110 112 112 110 110 110 111 111 111 111 111 110 110 110
-3.4e+38 119 118 118 116 114 113 110 107 102 100 101 98 98 97 95 95 95 97 99 96 98 97 99 101 105 107 106 111 115 117 121 124 123 123 123 118 121 116 115 108 105 99 109 102 100 109 115 121 117 116 120 121 121 121 121 122 119 119 122 122 119 118 116 116 117 114 114 113 115 112 112 111 111 111 110 111 111 111 110 110 110 110 111 111 111 111 110 111
-3.4e+38 119 119 117 115 111 110 107 104 99 102 98 95 100 101 97 98 98 100 97 95 97 101 102 101 104 111 116 116 118 121 123 123 124 121 121 117 111 108 108 102 101 103 109 104 99 104 111 122 122 123 122 121 121 119 122 121 118 116 119 120 119 116 115 115 113 112 112 112 113 112 111 110 112 111 108 111 110 110 110 110 110 110 110 110 111 111 110 110
-3.4e+38 120 118 113 109 106 105 101 101 99 99 98 101 102 98 97 103 102 101 95 95 98 104 100 95 102 108 118 121 123 123 124 123 123 122 118 110 107 103 102 104 105 105 112 104 99 111 114 119 121 121 122 122 120 120 122 119 118 118 118 119 119 117 113 113 111 112 113 112 112 112 111 110 110 110 110 110 110 109 110 110 110 111 110 110 110 110 111 110
121 121 114 109 104 101 103 100 99 99 100 104 107 105 102 103 104 98 95 94 95 98 104 101 97 101 106 118 123 123 124 123 123 123 120 116 108 101 101 107 112 114 115 118 111 105 115 123 118 123 122 121 122 120 122 122 122 119 116 114 117 119 117 115 115 111 112 112 112 111 110 111 110 110 110 110 109 109 109 110 110 110 110 110 110 110 110 110 110
120 119 115 109 106 99 101 101 99 101 102 107 103 103 104 102 99 98 101 95 95 98 105 110 101 104 109 117 122 124 123 123 123 124 121 114 105 99 102 108 105 118 114 119 118 111 120 123 123 122 122 121 122 122 120 122 119 115 115 113 112 113 114 113 115 112 111 111 110 111 111 110 111 110 110 109 108 109 109 110 110 110 110 110 110 110 110 110 110
118 118 115 107 103 104 101 101 102 103 108 108 102 100 100 100 101 105 99 95 99 111 114 111 113 107 114 118 123 124 124 123 124 122 120 116 103 96 97 99 104 117 123 122 119 115 117 121 122 121 121 121 122 119 123 119 119 116 114 113 113 112 114 112 113 111 110 110 110 110 111 110 111 111 111 110 109 110 108 110 110 110 110 110 110 110 110 110 111
118 112 109 102 104 101 107 105 103 106 109 110 107 100 99 104 105 104 101 95 101 113 110 111 116 119 119 120 123 123 124 123 125 119 115 108 102 95 96 105 110 117 123 123 122 118 120 122 121 122 121 121 120 121 123 122 122 121 115 113 113 113 113 110 111 110 111 110 110 111 110 109 110 111 111 109 109 108 110 109 111 110 111 110 111 111 111 111 111
112 107 103 107 102 103 109 110 112 113 113 102 103 102 101 103 110 104 99 107 105 113 117 116 113 120 123 123 123 125 125 122 124 123 118 107 97 98 101 108 118 121 123 124 121 119 116 118 123 122 121 120 122 123 122 121 122 119 117 115 114 115 112 111 110 111 110 110 109 111 111 109 110 110 111 110 110 109 108 108 109 109 109 110 110 111 111 110 110
110 103 104 101 104 110 116 118 119 116 109 104 104 104 104 110 116 103 101 108 105 113 117 117 115 120 123 124 124 121 125 122 123 125 120 108 102 111 110 112 121 124 124 123 123 121 117 121 123 121 119 117 123 123 119 118 119 119 117 114 113 114 113 111 110 110 110 111 110 109 109 110 108 110 108 110 110 110 108 108 110 110 109 110 110 111 110 111 111
-3.4e+38 105 101 101 104 115 121 125 118 112 111 110 106 109 110 118 110 107 103 110 106 114 118 120 112 118 123 125 125 123 125 121 123 124 121 108 108 117 117 117 121 120 124 123 124 118 117 123 123 119 119 119 123 122 122 117 116 120 114 113 111 111 112 111 110 111 110 110 111 109 110 109 109 109 109 109 109 109 108 109 108 110 111 110 111 111 111 111 111
-3.4e+38 103 103 100 104 118 125 121 113 115 118 107 110 118 119 113 107 104 103 110 105 108 117 121 117 122 125 125 125 124 125 119 124 125 116 113 119 120 120 114 115 123 123 122 124 120 120 122 123 118 117 120 122 123 123 118 115 115 113 113 111 112 111 111 112 110 109 110 110 110 111 110 109 109 109 109 108 110 108 108 108 110 109 109 110 111 109 111 110
-3.4e+38 103 101 105 108 118 128 122 115 121 117 110 113 122 120 111 104 101 104 108 113 110 119 122 120 124 124 125 125 125 123 120 125 122 119 121 122 124 120 111 114 122 125 123 124 123 122 124 122 119 116 117 119 120 118 116 113 114 117 115 113 112 112 111 111 109 109 110 111 110 109 110 109 108 110 108 110 109 109 109 108 108 108 110 111 109 111 109 109
-3.4e+38 101 104 106 117 122 125 126 122 126 119 113 121 123 118 109 110 105 103 107 116 115 118 122 126 125 125 126 126 125 122 123 125 122 125 125 125 122 117 109 118 120 124 123 123 123 120 123 124 119 117 115 115 116 115 115 116 117 120 116 112 110 110 111 110 108 109 109 109 109 109 109 109 108 109 108 109 110 110 109 111 109 109 109 109 111 111 108 111
-3.4e+38 103 109 112 112 119 127 128 126 125 121 116 122 126 120 118 116 108 107 110 119 119 118 122 126 126 126 124 122 123 122 121 126 125 124 125 125 122 117 112 119 119 124 121 121 124 123 124 124 122 119 118 119 115 117 118 119 119 120 114 111 110 109 109 111 108 108 109 109 108 109 109 109 109 108 109 108 109 110 109 109 109 109 109 110 110 111 111 110
-3.4e+38 104 106 112 122 119 126 129 129 129 124 117 123 127 124 122 119 118 113 114 120 123 118 123 125 125 125 126 124 125 125 121 124 122 123 124 119 117 109 121 123 123 124 121 122 125 125 124 124 123 122 119 119 117 117 117 116 117 115 111 111 109 110 110 110 108 109 108 108 108 108 109 109 109 108 108 109 109 109 108 109 109 109 108 111 109 109 110 110
-3.4e+38 103 108 122 127 128 128 128 128 129 126 122 125 128 127 125 121 116 110 117 122 123 122 125 125 126 126 125 126 126 125 120 122 122 125 123 117 107 117 123 125 125 125 118 122 123 124 124 122 122 123 122 119 117 115 113 112 113 113 110 108 109 109 109 110 109 108 108 108 108 109 108 108 109 108 109 108 108 108 109 109 109 109 109 109 109 109 109 109
-3.4e+38 109 123 124 121 123 119 125 127 129 128 129 127 128 128 125 121 116 117 117 120 125 125 126 124 123 126 125 126 125 123 118 120 125 126 121 117 110 119 120 124 124 122 119 122 124 124 123 118 119 120 123 119 121 119 116 114 112 110 110 109 109 109 109 109 109 109 109 108 109 109 108 108 108 109 108 109 108 108 109 109 109 108 109 109 110 109 111 109
-3.4e+38 113 119 114 117 110 112 112 121 128 128 129 128 129 128 121 123 122 124 122 120 126 128 127 126 126 126 123 122 125 121 116 123 126 118 117 115 118 110 113 122 124 119 118 123 125 124 122 114 118 120 123 119 121 121 120 119 115 111 110 109 110 110 109 109 108 108 108 108 108 109 108 108 108 109 109 108 109 108 109 109 109 109 110 109 110 111 109 110
-3.4e+38 108 106 106 113 104 104 111 126 128 130 128 128 128 128 129 125 125 127 122 126 127 127 127 126 125 125 125 121 120 121 116 125 125 119 120 123 123 118 118 123 123 119 117 119 124 125 120 117 115 117 122 117 117 121 120 118 114 111 111 111 111 111 110 110 108 108 109 109 109 108 108 108 109 109 109 109 108 109 109 109 109 109 109 109 109 110 110 110
-3.4e+38 102 103 104 104 103 104 115 123 125 125 128 129 127 128 128 127 127 128 126 128 128 127 126 127 127 127 127 125 119 114 124 125 126 123 126 126 125 120 118 123 126 123 120 118 121 124 122 119 115 120 123 123 115 114 115 112 110 112 111 111 111 110 109 109 108 110 109 109 109 109 109 108 109 108 108 109 109 108 109 109 108 109 109 110 110 109 110 110
-3.4e+38 102 100 103 100 104 106 106 113 117 116 121 127 128 127 128 128 127 127 127 126 128 125 120 123 125 125 126 123 119 116 122 125 125 125 126 126 126 123 121 125 124 125 122 116 115 119 120 115 115 113 117 117 113 112 110 110 110 110 110 113 111 110 111 109 109 109 110 108 109 108 109 108 109 109 108 109 109 109 109 108 109 109 109 110 110 110 109 109
-3.4e+38 104 105 106 103 107 107 112 118 128 122 128 128 129 129 123 127 127 128 128 127 127 121 113 120 117 126 125 123 120 116 119 123 126 126 121 125 126 124 123 125 123 121 119 120 120 115 116 113 112 112 111 113 111 110 110 109 109 109 109 110 112 112 111 110 111 109 108 109 108 108 109 108 108 109 109 109 109 109 108 109 109 109 109 110 110 109 109 109
-3.4e+38 107 112 114 109 108 112 117 120 127 128 129 130 129 129 129 123 127 128 125 129 126 118 110 109 121 126 126 123 125 119 117 123 126 125 120 126 125 124 125 126 123 121 121 123 119 117 114 115 117 116 113 111 109 109 109 109 109 109 110 110 110 112 111 111 110 109 108 108 109 108 108 108 108 109 109 108 109 109 109 109 109 109 109 109 110 109 109 109
-3.4e+38 109 115 118 119 119 122 126 129 127 130 129 130 127 126 125 124 124 125 125 128 125 118 107 106 122 127 125 126 129 122 117 115 122 121 118 128 125 126 126 125 124 125 124 121 117 117 119 117 119 122 120 113 111 110 109 109 109 109 109 109 109 111 110 110 108 109 108 108 108 109 109 109 109 108 109 108 108 109 109 109 109 110 109 110 109 110 109 109
-3.4e+38 104 102 111 115 127 129 128 127 129 128 128 128 130 129 127 124 121 128 128 128 118 114 108 112 122 127 125 125 128 125 120 114 116 118 121 126 126 123 123 126 126 125 123 122 119 122 123 119 120 124 120 114 111 109 110 109 109 109 108 109 109 108 108 108 108 109 108 109 109 109 109 109 110 109 109 108 109 108 109 109 109 109 109 109 109 109 110 109
-3.4e+38 105 104 108 118 127 119 117 116 121 122 129 130 130 128 125 121 122 126 128 129 121 112 111 118 126 126 126 127 128 127 121 111 118 124 127 125 124 121 125 126 125 126 126 126 125 125 125 124 124 117 116 114 110 109 109 109 109 109 109 109 108 109 109 108 109 109 109 108 108 110 110 111 110 108 108 108 109 109 109 109 109 109 110 109 109 109 108 110
-3.4e+38 -3.4e+38 106 107 118 126 109 109 108 110 117 127 129 128 125 122 122 125 129 128 128 122 112 116 122 122 126 128 127 126 128 123 115 119 125 125 119 123 126 125 122 122 126 126 125 124 122 122 125 124 117 115 110 111 109 109 109 109 109 109 110 110 109 108 109 108 108 109 109 110 111 111 110 109 109 108 109 109 109 109 109 109 109 109 109 110 110 109 110
-3.4e+38 -3.4e+38 106 115 125 119 108 104 108 115 122 126 130 129 127 121 121 125 129 129 123 115 110 116 119 118 125 128 128 127 126 124 116 112 120 115 119 124 125 119 118 123 126 125 122 120 118 120 123 123 117 114 113 111 110 110 110 111 110 109 110 110 109 109 109 110 109 110 110 111 110 110 110 110 109 108 109 109 109 109 109 109 109 109 109 110 110 109 109
-3.4e+38 -3.4e+38 118 118 110 109 106 118 112 121 130 131 131 128 121 118 120 127 129 128 125 113 121 126 113 121 127 129 128 128 126 124 121 113 121 116 121 123 121 117 120 127 127 125 122 117 117 118 121 120 115 113 111 110 111 110 111 111 110 109 109 110 110 111 111 110 111 110 111 110 110 109 109 109 108 109 110 109 109 110 110 109 109 110 109 109 110 109 110
-3.4e+38 -3.4e+38 -3.4e+38 109 106 105 118 125 120 125 130 129 127 122 123 121 126 130 127 123 119 125 128 127 125 126 125 128 125 125 127 124 121 114 113 115 116 119 116 119 124 125 126 127 122 120 116 116 120 115 115 110 111 111 110 110 111 110 110 109 110 111 111 110 111 112 110 110 109 110 108 109 109 108 109 109 109 109 109 109 109 109 109 109 109 110 110 109 109
-3.4e+38 -3.4e+38 -3.4e+38 109 105 108 115 127 128 127 130 130 130 121 117 123 128 129 124 122 128 128 129 128 127 128 127 128 127 128 127 124 123 118 116 112 111 113 113 116 117 121 122 124 123 120 115 120 117 114 113 111 110 110 110 111 110 109 110 111 109 110 109 112 110 110 110 109 108 109 109 109 109 109 109 109 110 109 109 109 109 109 109 108 110 109 109 109 110
-3.4e+38 -3.4e+38 -3.4e+38 -3.4e+38 107 116 126 131 131 131 132 129 122 121 116 126 130 130 123 123 129 128 124 127 128 125 123 125 128 128 128 127 123 119 116 115 118 113 111 112 113 116 118 121 121 117 114 114 113 113 113 110 111 111 110 111 110 110 110 110 110 109 108 108 110 110 111 110 109 109 109 109 109 109 109 109 109 110 109 109 110 110 109 109 109 109 108 109 110
-3.4e+38 -3.4e+38 -3.4e+38 -3.4e+38 107 108 120 129 132 131 129 125 123 120 118 127 130 129 130 129 128 129 129 125 130 127 123 123 122 122 127 128 126 121 123 123 120 116 112 110 113 113 116 117 117 115 112 113 113 113 113 110 111 111 110 111 111 109 110 110 110 109 109 108 108 108 109 109 109 108 109 110 108 109 109 109 109 109 109 109 109 109 109 108 109 110 109 110 109
