data/layers/bio8.asc
NCOLS 507 
NROWS 956 
XLLCORNER -77.7833333333333 
YLLCORNER 0 
CELLSIZE 0.00833333333333335 
NODATA_value -3.4e+38 
[rows 351 to 389 of 956, columns 352 to 439 of 507]
270 269 271 271 271 272 272 271 271 260 268 270 270 272 272 271 270 269 268 267 266 264 263 254 242 221 200 211 226 228 207 201 199 185 181 189 178 191 197 198 215 224 219 211 213 230 242 246 234 224 220 216 236 223 218 219 234 235 221 207 205 204 206 206 202 193 185 175 175 172 173 178 173 163 151 144 143 139 129 127 123 110 89 86 77 82 101 107
268 270 268 270 271 271 269 270 268 261 266 269 270 273 272 272 268 268 268 268 266 261 258 255 247 223 198 217 225 229 221 220 204 191 182 181 179 182 192 197 210 225 230 225 215 234 244 246 240 237 228 218 231 215 202 206 226 234 225 213 215 206 205 202 201 196 183 178 172 167 166 170 167 156 139 131 132 132 125 120 111 87 83 92 83 93 111 113
266 267 268 269 270 270 270 271 267 262 265 268 270 272 272 271 269 270 269 269 266 259 253 249 241 224 198 211 225 227 215 205 205 198 181 178 183 180 194 202 212 227 232 233 233 237 245 241 232 234 221 217 229 210 197 205 217 224 235 225 224 229 221 210 209 196 193 182 178 173 167 164 156 146 144 128 122 123 115 108 88 96 97 102 99 114 119 122
268 268 268 269 268 266 269 270 263 266 266 268 273 272 272 271 270 269 268 269 265 262 256 241 227 199 200 206 207 217 206 200 195 189 181 179 187 179 194 206 216 231 236 237 242 244 246 235 232 221 205 205 224 206 199 213 208 216 227 221 219 226 222 218 215 204 196 191 186 176 167 165 162 150 137 111 106 104 85 90 95 100 100 99 116 122 125 121
267 268 269 269 269 270 269 268 264 265 270 269 272 273 272 272 269 269 267 266 263 258 253 248 236 216 193 197 201 205 206 203 195 186 177 187 192 182 201 200 210 228 231 240 245 244 237 239 223 204 201 201 210 201 206 217 210 220 231 212 221 212 217 219 205 189 189 195 184 176 176 168 161 153 148 121 101 88 94 99 101 100 95 106 121 127 127 121
267 268 268 267 268 270 270 268 264 264 268 270 272 272 273 272 272 270 265 264 263 262 257 249 241 204 194 196 207 209 206 199 191 186 181 192 200 191 206 210 214 234 240 242 242 242 231 220 208 214 205 207 200 197 204 217 221 222 227 213 214 215 209 212 218 202 195 196 186 183 179 169 161 152 128 120 103 105 102 102 97 94 93 108 125 130 130 119
265 267 268 269 269 270 269 268 263 266 269 268 270 268 271 272 273 272 270 269 267 260 257 249 230 199 193 201 213 224 209 205 199 189 179 192 204 204 215 229 237 242 241 242 239 237 230 219 217 222 217 204 196 203 209 217 212 213 220 207 201 212 208 206 212 207 201 196 191 182 177 173 163 147 120 107 109 112 103 103 95 91 104 118 128 131 125 114
268 266 268 269 270 269 269 267 264 269 268 271 272 272 271 271 273 271 267 266 260 257 251 250 226 199 205 214 224 230 218 216 204 191 178 190 202 192 209 222 237 234 233 242 239 238 231 227 222 223 218 210 199 200 209 215 203 213 218 202 198 201 204 202 197 200 202 197 192 177 168 166 158 147 123 112 113 105 106 97 97 100 110 122 129 131 125 111
268 266 269 270 271 270 270 266 263 268 270 271 271 272 272 271 271 270 263 259 252 245 248 236 218 196 199 219 230 234 229 219 204 192 181 183 193 187 201 233 225 220 229 229 224 233 223 213 212 219 219 211 205 202 209 212 201 212 212 209 190 196 200 195 190 192 196 197 188 178 168 156 143 133 113 114 109 107 112 106 112 111 119 127 132 132 126 112
264 266 269 269 270 271 271 271 263 268 269 270 272 272 272 271 270 267 261 254 242 243 243 230 213 201 217 223 236 233 226 217 202 195 189 176 188 191 209 237 216 212 228 220 221 227 225 207 208 214 209 212 211 204 204 209 204 203 201 203 193 197 197 190 181 183 190 194 190 180 170 156 134 110 111 103 109 113 115 116 116 121 126 129 131 127 122 113
264 265 265 269 270 271 272 271 266 269 271 272 272 268 272 271 270 270 269 261 245 247 245 245 228 210 225 241 230 237 224 217 201 192 184 181 197 191 207 229 211 198 216 210 213 220 223 207 197 205 209 207 198 195 199 207 203 197 192 195 185 191 193 185 176 176 180 186 190 179 171 158 141 124 117 109 110 114 119 119 122 127 130 129 132 129 125 115
271 267 266 269 271 271 272 271 270 271 270 271 272 269 271 271 270 270 267 267 264 257 257 251 240 215 233 244 232 236 229 211 196 187 174 186 199 204 217 229 215 201 205 205 203 208 216 203 198 201 199 205 200 196 200 199 201 194 188 180 174 184 181 181 168 164 165 177 183 176 165 146 129 128 121 115 115 121 122 122 126 129 130 130 133 130 125 117
271 271 270 271 271 271 272 271 271 271 271 271 271 272 272 268 267 265 261 255 255 263 265 259 255 253 245 242 240 239 232 215 198 185 174 186 199 203 214 221 223 210 211 202 195 199 204 206 207 196 196 199 199 193 193 196 196 191 181 167 170 172 170 171 164 156 154 168 173 170 167 142 137 132 125 118 121 124 123 126 131 131 131 133 130 128 128 117
271 271 271 271 271 271 271 271 270 271 269 271 271 272 272 267 263 255 249 237 243 257 244 246 250 236 228 221 236 228 226 209 197 189 170 173 191 196 197 220 225 217 206 196 191 192 196 201 202 196 193 196 195 194 190 193 192 187 180 175 156 149 158 163 152 143 149 159 166 157 156 149 144 133 119 116 118 123 127 128 131 131 133 131 129 127 123 118
271 270 268 269 270 271 271 271 269 268 270 268 270 270 272 270 263 247 238 229 235 251 252 236 224 209 207 211 228 212 208 208 199 189 166 179 194 199 207 218 222 223 211 200 195 186 191 194 197 196 191 191 189 191 191 188 186 183 176 152 142 146 149 147 128 134 139 153 149 140 138 146 141 131 122 121 124 126 128 129 131 134 133 131 127 120 112 113
267 262 267 268 270 271 271 271 268 266 267 268 270 273 271 271 266 259 249 235 236 242 245 244 222 194 196 202 209 205 195 201 193 179 172 183 194 201 206 219 217 219 213 204 196 189 186 189 191 191 187 183 188 182 181 180 180 169 164 153 129 129 127 118 125 134 147 148 143 127 130 140 135 122 124 126 127 129 129 130 132 133 131 129 123 113 110 119
270 271 267 268 270 271 271 271 271 268 269 271 271 272 271 272 270 266 259 245 231 238 233 238 223 202 192 189 197 198 194 190 189 178 158 175 195 195 206 219 205 207 202 197 193 188 180 179 180 182 176 178 176 177 169 161 167 162 151 140 123 115 123 126 132 141 146 144 134 113 129 133 125 124 127 129 130 130 131 132 134 133 129 121 115 111 107 123
271 271 270 270 270 271 271 271 272 267 269 270 272 272 271 268 264 259 260 247 236 228 221 212 218 201 186 185 190 189 189 183 177 165 176 182 191 196 212 217 204 195 198 202 195 188 182 176 167 170 163 171 160 156 154 154 154 150 134 124 117 119 121 126 133 135 137 129 109 115 122 123 129 127 129 130 130 130 131 132 134 131 120 112 117 105 116 128
271 271 271 271 271 271 271 272 272 271 269 272 272 272 272 261 258 253 243 247 243 227 197 204 206 198 185 179 188 192 187 177 166 168 184 188 191 194 207 216 203 206 202 202 198 192 185 174 163 157 149 150 147 141 134 143 141 137 115 115 118 120 119 122 121 127 130 121 108 116 123 125 129 130 130 131 131 131 132 134 133 117 113 111 112 124 132 136
270 270 271 271 271 272 271 272 272 272 270 272 272 271 271 258 258 256 245 247 241 219 200 210 214 208 193 186 191 195 191 179 184 183 191 194 185 199 200 217 217 204 191 195 194 193 187 177 161 154 143 128 113 111 120 131 133 121 116 113 121 121 119 111 109 104 125 118 114 119 126 130 130 131 132 131 132 132 133 133 126 115 112 122 128 135 135 135
270 270 272 272 272 272 272 272 272 272 270 272 271 271 269 264 268 259 252 251 233 240 209 232 232 225 201 189 196 201 195 188 186 191 197 196 186 204 209 214 198 202 196 191 190 187 183 179 169 156 144 116 118 117 113 109 116 120 118 119 122 123 120 108 104 111 120 117 119 122 129 131 132 132 133 132 133 134 134 131 124 119 125 132 135 136 135 136
270 270 271 272 271 272 272 272 272 272 271 272 271 271 270 269 263 259 254 251 233 243 241 242 236 224 199 192 201 208 197 189 190 193 204 204 208 208 209 204 195 188 198 196 193 183 177 169 164 148 147 129 125 121 118 116 127 127 122 125 126 127 122 120 111 119 123 123 124 129 131 132 132 133 133 134 134 134 135 132 124 129 136 136 135 135 136 136
269 270 270 271 272 271 272 272 272 272 271 271 271 268 269 266 267 267 259 252 239 242 253 247 228 211 196 202 211 212 193 185 189 190 198 193 201 194 201 204 194 185 189 191 184 180 173 163 157 146 133 133 125 126 124 123 130 131 128 128 129 129 120 117 115 123 126 130 130 132 132 133 133 134 134 133 134 135 135 124 135 136 136 136 136 135 135 136
269 269 270 271 270 271 271 271 272 271 272 271 271 269 268 268 269 268 261 256 256 254 257 243 236 223 212 205 216 198 187 180 187 194 194 184 191 193 198 198 195 181 184 183 178 179 172 161 152 139 121 109 119 128 127 133 131 130 128 131 130 129 121 112 118 125 129 131 132 132 133 133 133 134 133 133 134 134 129 135 135 136 136 136 136 135 135 135
269 269 271 270 270 271 271 271 271 272 272 271 271 271 270 270 270 270 269 263 260 257 255 249 244 230 217 213 214 200 190 179 175 186 190 176 189 194 203 203 198 184 189 185 179 174 165 157 154 144 126 109 114 114 131 133 133 132 131 130 131 128 114 120 124 131 132 132 133 133 133 134 134 133 134 134 134 127 126 135 135 136 136 136 136 135 135 136
269 269 269 270 270 270 272 272 272 272 272 272 272 270 270 269 270 270 269 267 263 252 237 241 229 208 213 220 212 199 194 169 169 185 184 172 186 187 195 203 197 198 194 193 191 170 158 162 162 155 130 129 125 122 131 133 132 132 132 131 130 124 118 127 131 132 131 133 134 134 134 134 134 134 134 134 134 132 127 135 135 135 136 136 135 135 135 135
267 268 269 270 270 271 271 272 272 272 271 272 272 271 270 269 269 266 261 258 262 250 238 227 206 203 212 227 215 201 193 178 169 185 177 162 182 191 197 198 198 190 195 192 188 178 165 170 166 159 148 141 137 124 121 132 132 133 132 132 131 124 127 130 131 131 133 134 134 134 135 134 134 134 134 134 132 132 135 135 135 135 135 135 135 135 135 111
268 269 269 270 271 271 271 272 272 272 272 272 272 271 272 272 266 263 257 258 256 248 225 215 198 206 221 227 215 197 185 185 167 179 176 165 183 193 194 194 196 184 188 188 185 186 171 179 175 167 159 149 141 128 111 117 124 132 133 132 132 133 133 132 129 132 133 134 134 134 134 134 134 134 134 133 134 126 135 135 134 134 135 135 135 135 128 116
268 269 270 269 270 270 272 272 272 272 272 272 272 272 270 267 263 251 247 245 235 249 227 202 196 212 225 230 219 210 196 189 174 166 159 170 188 187 185 190 194 185 186 192 192 192 186 185 181 173 167 148 141 128 104 97 117 127 129 133 133 133 134 133 131 133 134 134 134 134 134 134 134 134 134 134 134 135 135 135 134 135 135 135 135 133 120 125
268 269 269 270 270 271 271 272 271 272 272 272 272 272 269 264 255 238 243 232 221 235 227 200 196 218 232 230 219 200 189 181 177 161 160 182 178 188 175 183 189 185 196 195 198 195 193 190 184 170 158 148 141 129 108 102 107 121 132 133 133 131 133 133 133 134 134 134 134 134 134 134 133 134 134 133 134 135 134 134 135 135 135 135 135 123 126 135
271 271 271 271 271 271 272 272 272 270 272 272 273 269 263 264 249 225 233 223 212 201 199 200 206 229 238 234 216 193 185 169 165 163 158 167 181 181 186 194 191 192 195 201 202 199 196 191 180 170 159 151 146 140 118 110 115 122 122 129 132 133 134 134 134 134 133 134 135 134 134 134 133 134 134 135 134 134 134 135 135 134 135 135 135 129 135 135
271 271 271 271 271 271 271 271 271 270 272 272 271 266 258 248 251 225 231 229 222 193 195 196 219 235 241 234 221 201 192 184 161 167 161 178 185 182 192 200 197 200 200 206 203 200 195 184 172 170 169 160 154 139 119 115 124 127 124 127 126 133 134 134 134 134 133 134 135 134 134 134 133 134 134 134 134 134 135 135 134 134 134 135 135 135 135 136
270 272 272 271 272 271 272 272 272 272 272 267 263 258 242 230 230 235 223 207 200 192 203 207 235 242 243 234 217 197 188 175 161 171 163 169 185 190 190 201 206 208 211 205 197 195 187 184 175 177 170 166 153 147 117 119 128 133 124 127 124 133 134 134 134 134 134 134 134 134 134 134 134 134 135 135 134 135 135 134 134 134 134 135 135 135 135 136
272 272 272 272 272 272 272 272 271 272 270 263 245 241 236 219 205 214 203 191 190 194 202 216 237 246 238 223 221 198 188 182 178 177 163 173 186 190 194 199 204 217 204 196 192 193 188 184 185 183 176 172 163 153 126 124 134 136 126 126 127 134 134 134 134 134 134 134 134 134 134 134 134 134 135 135 135 135 135 134 134 134 134 134 135 135 135 136
272 272 272 272 272 272 272 272 272 272 270 266 247 237 230 204 213 202 193 188 191 196 203 221 241 247 245 240 223 203 191 187 177 173 160 180 190 192 196 210 219 210 194 195 193 190 189 190 188 184 184 172 163 139 133 130 136 139 129 123 129 134 134 134 134 134 134 134 134 134 134 134 134 134 134 135 135 135 134 134 134 134 134 135 135 135 135 135
273 272 272 272 272 272 273 272 271 269 269 260 246 238 224 212 218 201 193 193 196 207 215 231 238 252 242 236 220 196 185 174 165 167 165 181 190 195 202 216 227 199 200 201 194 194 194 192 191 191 184 173 164 147 140 136 137 140 126 125 132 134 135 135 135 134 134 134 134 134 135 134 134 134 134 135 135 134 134 134 134 134 135 135 135 134 135 135
272 272 272 272 273 272 272 273 269 265 263 256 242 239 230 236 214 197 198 199 205 218 225 239 244 248 233 231 220 191 184 183 173 171 162 183 191 197 206 223 227 207 205 205 206 199 197 197 195 191 187 181 167 159 154 153 144 148 125 129 133 134 135 135 135 135 134 134 135 138 138 134 134 134 134 135 134 134 134 134 134 134 134 134 135 135 135 135
272 272 273 273 272 272 272 271 271 269 264 255 241 237 235 241 207 199 206 207 213 224 232 238 246 252 244 235 221 197 181 191 185 178 168 186 194 199 204 218 229 218 214 217 219 196 199 199 196 194 190 187 169 160 164 163 158 147 134 132 132 133 135 135 135 135 135 134 138 138 138 138 135 135 135 135 134 135 134 134 134 134 134 135 134 135 135 135
272 273 272 273 272 272 272 272 272 271 267 265 242 241 241 234 214 199 208 213 217 223 240 247 252 246 243 237 229 213 198 195 189 182 181 188 195 205 205 223 231 216 227 227 205 199 201 202 201 196 193 191 185 169 173 168 164 152 132 128 132 133 133 134 135 135 135 135 138 132 131 138 135 134 135 135 134 134 134 134 134 134 135 134 135 135 135 135
