data/layers/bio8.asc
NCOLS 507 
NROWS 956 
XLLCORNER -77.7833333333333 
YLLCORNER 0 
CELLSIZE 0.00833333333333335 
NODATA_value -3.4e+38 
[rows 624 to 662 of 956, columns 176 to 263 of 507]
121 107 101 91 93 93 94 89 83 81 90 97 86 97 100 94 94 93 118 127 105 119 129 133 123 113 123 155 155 149 160 189 186 160 167 149 132 125 141 138 146 175 192 159 155 136 117 114 123 123 122 117 105 88 80 88 111 137 142 142 146 165 172 173 171 149 145 162 173 179 155 149 162 152 160 164 160 157 152 142 162 173 190 181 192 194 201 214
104 97 97 93 88 91 89 81 80 86 94 89 84 92 88 79 83 99 123 129 101 108 137 139 122 122 122 141 142 146 145 168 187 167 172 150 124 142 159 143 147 186 194 156 135 128 123 130 131 139 130 117 108 91 82 104 118 124 118 120 144 160 157 163 175 177 170 177 177 177 173 172 162 155 148 160 175 171 167 155 172 179 195 184 191 190 191 201
97 93 87 87 82 89 81 77 84 85 96 76 83 89 81 77 82 101 120 138 119 115 128 143 138 128 127 142 124 127 127 160 191 184 186 160 136 158 164 136 157 195 178 151 142 138 138 150 157 145 128 107 109 117 84 94 116 117 101 127 140 155 150 142 160 161 171 179 172 157 181 171 160 148 163 165 165 184 170 174 188 202 194 184 189 206 196 213
103 94 79 72 81 84 81 77 77 86 92 73 83 82 76 76 83 103 114 135 145 135 142 153 148 144 131 129 140 136 134 140 169 187 190 174 155 172 143 141 168 191 186 176 167 158 168 158 140 133 122 114 126 125 95 97 100 95 106 140 143 162 167 152 145 140 158 187 170 168 183 173 154 154 158 172 178 186 181 177 177 209 205 187 199 193 217 213
102 90 72 66 73 81 75 75 79 86 91 75 80 73 73 89 85 102 117 134 130 149 151 144 164 150 139 136 149 137 145 147 156 174 192 171 174 179 163 157 185 190 170 168 171 170 158 144 130 111 101 118 135 122 109 121 89 102 122 150 144 160 173 167 143 146 167 183 179 180 181 173 158 146 136 153 170 179 195 194 202 196 209 193 208 205 215 225
112 96 85 76 70 75 71 79 86 82 90 77 72 79 83 92 102 109 124 136 127 129 119 141 159 167 144 146 163 157 166 172 175 174 193 183 185 167 152 167 192 179 165 154 150 156 149 132 121 98 94 121 140 139 121 116 101 142 147 160 152 165 177 173 162 163 176 181 187 180 176 163 148 125 136 156 171 176 177 199 211 203 219 207 201 216 216 236
116 100 83 73 74 72 70 80 75 80 86 79 74 84 99 104 116 116 127 126 119 116 126 137 151 159 168 173 164 162 176 181 185 173 189 192 168 157 165 178 192 175 159 151 136 139 149 134 118 95 100 124 144 151 142 127 107 134 158 167 159 157 180 179 177 169 182 188 179 175 168 165 151 131 143 153 155 164 153 182 200 210 214 213 216 227 231 242
115 107 100 73 63 66 72 76 75 82 81 74 80 96 104 105 121 122 112 120 113 107 136 137 129 142 164 172 173 178 175 164 177 186 190 196 177 158 172 191 192 172 159 164 148 138 129 124 99 102 117 119 126 158 153 141 114 137 165 172 157 158 179 182 178 173 182 190 186 177 163 151 147 135 144 145 137 142 154 175 204 212 214 226 226 234 238 239
104 103 81 80 79 76 68 71 75 81 74 81 96 105 113 116 112 108 106 109 107 118 126 121 119 126 157 161 167 171 147 152 170 189 196 199 182 151 161 185 193 176 175 176 150 144 132 126 121 118 131 124 145 162 160 146 122 140 166 177 163 167 182 185 176 168 182 195 187 169 165 159 146 129 133 130 124 145 161 180 193 197 211 229 228 229 235 235
99 97 81 72 70 71 70 72 78 74 77 93 103 107 108 105 96 82 79 88 101 105 109 108 121 138 149 167 161 155 127 164 173 175 191 196 177 160 173 191 200 185 189 174 151 162 151 140 145 136 143 128 150 163 167 148 126 142 155 183 183 182 183 187 183 182 183 193 186 182 176 162 153 142 148 140 132 143 176 174 181 210 217 226 225 226 231 231
87 81 72 64 64 64 73 76 74 71 84 92 83 101 101 97 83 76 76 79 97 95 103 101 114 123 139 146 137 128 124 153 157 165 184 194 202 178 182 195 200 197 179 168 157 171 172 169 151 152 147 133 149 174 163 140 133 153 168 178 182 185 179 188 192 196 195 192 176 169 162 152 145 152 160 142 160 162 167 188 196 211 220 232 232 232 231 230
83 76 65 78 71 65 67 68 69 73 81 83 79 93 91 88 80 73 68 81 80 83 93 93 99 104 132 134 133 124 133 137 127 129 159 174 190 199 205 203 206 198 179 170 170 166 173 152 141 160 150 153 165 177 149 141 133 158 171 175 175 186 191 195 198 191 192 188 178 165 147 149 162 176 181 170 173 179 176 196 204 218 226 231 235 236 229 231
91 84 80 71 68 67 70 64 70 75 73 78 75 80 77 89 77 73 72 76 77 82 83 84 83 102 111 125 133 134 142 141 139 135 138 151 165 182 189 187 204 207 186 182 181 190 182 166 148 171 170 176 174 173 159 143 134 150 169 180 178 181 195 199 201 187 181 183 178 155 152 168 174 178 190 181 174 186 195 206 212 221 229 232 236 238 226 234
88 78 75 74 79 71 72 67 71 70 75 80 70 72 70 87 81 74 79 76 76 78 78 84 86 87 105 130 139 148 150 155 155 155 150 145 150 164 164 189 209 198 191 196 190 186 176 162 143 146 157 176 179 170 150 132 144 161 169 182 184 188 200 204 197 188 180 175 166 153 174 180 195 190 194 188 183 196 202 208 215 221 225 231 237 239 229 232
95 82 86 89 75 70 68 71 68 69 70 74 77 72 85 87 77 81 84 78 81 83 91 102 97 93 99 114 143 158 154 160 162 164 160 172 167 167 169 163 200 209 202 190 173 173 161 159 134 149 162 182 173 166 152 137 155 173 177 187 190 190 202 205 199 193 183 173 161 160 176 190 190 201 205 196 197 205 203 210 223 223 226 231 240 242 235 234
108 104 83 74 66 75 70 80 83 80 79 73 73 71 75 82 81 87 87 80 79 82 99 100 110 110 108 111 132 157 162 157 175 172 177 184 199 190 187 185 200 205 193 179 167 160 150 133 142 166 178 189 184 172 152 149 166 178 186 190 199 191 203 207 196 184 183 175 168 177 192 191 198 209 212 207 201 207 207 216 223 230 231 237 242 244 236 239
116 108 103 97 87 90 88 77 73 69 74 74 72 74 73 77 77 87 87 85 79 84 81 91 109 121 121 125 133 154 162 159 176 183 183 181 193 191 205 196 207 194 187 167 154 146 134 127 134 152 167 187 187 169 162 156 167 182 188 192 201 199 210 202 192 187 178 180 185 186 196 204 210 214 213 210 208 216 219 219 222 235 235 243 244 239 242 247
89 98 101 99 85 80 75 70 76 73 72 77 75 81 80 77 84 81 78 94 83 94 100 97 113 123 131 147 158 159 166 163 164 176 162 164 165 168 169 208 200 188 169 171 169 156 141 131 144 152 166 187 187 177 169 160 174 187 194 197 207 214 210 198 191 184 180 183 194 199 202 210 219 221 217 220 213 219 222 221 226 237 240 244 240 233 237 244
75 77 97 97 92 73 70 77 80 77 75 80 79 87 84 83 83 84 84 102 96 80 110 124 123 103 126 135 148 157 152 156 154 154 157 159 158 164 182 209 188 173 176 174 166 156 140 144 146 164 182 189 192 182 187 179 184 187 192 203 209 213 208 195 188 183 180 181 196 205 208 219 221 222 223 227 224 228 225 224 237 238 243 243 235 232 237 246
70 73 82 73 97 86 83 83 82 78 81 81 83 89 81 83 90 84 86 108 112 102 114 134 132 126 122 131 145 155 159 164 163 158 153 155 155 170 186 208 188 183 184 166 168 154 136 151 149 158 182 192 198 192 188 183 189 192 197 205 212 208 186 186 182 181 189 199 206 213 216 222 221 226 226 227 226 228 229 227 235 236 238 241 231 230 233 242
73 71 83 73 82 90 84 82 80 78 79 84 91 95 85 83 88 84 100 99 110 115 119 147 154 149 144 136 150 155 178 175 165 171 165 161 158 159 183 209 196 188 189 178 177 158 150 159 170 178 179 183 192 203 197 195 196 201 207 219 212 197 181 183 189 199 203 208 207 219 219 227 226 222 218 228 229 232 233 231 229 236 238 243 233 232 225 219
72 62 75 70 78 81 84 76 81 80 78 80 88 91 99 86 89 102 107 119 107 136 142 149 158 163 155 156 153 166 178 182 185 183 179 173 166 167 188 209 203 187 189 198 188 165 157 168 183 181 182 186 192 198 211 202 197 206 213 218 204 188 185 181 195 205 208 215 217 224 225 229 228 222 228 226 228 231 234 232 235 236 239 241 231 226 218 209
66 73 72 65 74 80 84 82 81 78 76 84 83 83 99 106 105 108 101 123 121 141 160 162 174 174 175 159 157 165 171 183 193 193 188 185 180 181 192 206 209 205 209 200 181 162 176 183 188 180 184 183 183 188 195 209 196 206 219 209 193 194 201 200 200 207 195 200 212 219 225 231 228 231 229 226 229 231 232 230 230 237 238 241 230 223 210 206
70 73 69 72 72 79 84 83 83 78 73 71 73 81 86 96 107 118 117 135 139 153 153 164 178 179 175 175 172 177 179 180 188 200 197 198 194 178 194 198 205 214 207 193 175 181 197 200 194 182 177 185 194 198 204 213 201 218 219 203 211 209 201 189 187 181 191 202 211 219 223 229 232 233 230 229 230 232 233 228 232 240 240 239 237 225 205 200
74 76 76 79 79 83 84 84 80 76 70 67 71 80 86 93 98 107 115 114 118 125 124 151 164 155 188 185 189 186 192 191 185 200 201 204 198 193 193 198 203 212 203 186 191 197 203 201 179 183 184 184 192 199 209 215 212 218 207 218 209 198 187 183 178 180 185 196 207 219 223 230 227 233 234 234 232 233 234 233 224 234 236 240 234 222 211 201
81 86 86 84 85 81 80 82 80 73 72 83 83 78 80 80 91 98 100 106 116 127 132 147 151 130 151 172 191 197 193 204 202 202 204 201 203 206 206 208 208 208 196 195 203 202 196 182 179 188 187 195 190 200 200 211 220 224 219 208 197 193 186 181 178 176 181 193 205 224 227 230 227 230 233 233 234 234 236 231 222 233 235 239 233 222 213 199
90 89 89 78 72 77 77 76 76 78 74 71 85 85 77 85 87 103 108 113 121 124 143 144 132 133 157 177 188 187 184 186 191 194 202 205 203 209 208 211 215 209 217 198 205 193 178 182 179 191 196 192 196 200 210 216 216 225 217 203 201 195 186 181 172 174 181 191 204 217 225 229 228 231 232 233 232 232 235 230 219 232 233 236 233 224 216 201
91 91 91 86 83 86 78 76 83 80 77 81 78 87 87 92 90 79 88 98 105 117 131 158 149 160 167 182 186 177 165 164 177 184 200 203 204 202 214 208 194 195 211 211 202 187 173 166 177 188 181 181 191 196 204 201 212 223 217 210 210 197 189 183 179 173 182 196 205 219 228 230 220 231 233 232 233 233 234 228 217 229 236 237 235 227 222 209
92 94 94 90 91 86 84 89 82 74 78 77 77 76 77 75 74 80 87 94 107 112 134 149 165 163 177 183 183 165 154 166 168 196 202 202 195 198 199 192 184 196 218 207 202 189 174 180 184 183 175 183 194 194 197 204 207 210 229 221 215 203 194 185 182 174 183 191 217 224 230 231 229 230 232 231 232 233 233 226 216 230 233 236 232 228 224 216
94 97 97 94 91 88 91 83 82 76 80 74 71 72 73 74 77 76 82 88 102 122 144 152 168 178 182 184 181 148 167 180 192 199 202 191 181 187 190 184 185 202 214 210 194 184 178 188 190 189 183 187 195 203 201 200 194 204 213 227 212 206 197 188 183 175 182 191 214 227 232 233 228 231 232 231 233 233 230 226 216 230 233 233 233 223 219 220
98 97 102 101 99 99 96 90 84 80 83 73 74 74 72 79 83 81 88 96 109 118 126 135 159 173 175 177 175 154 164 176 184 200 198 188 179 184 182 186 201 200 216 204 190 184 185 198 200 186 192 186 197 210 200 194 203 212 221 228 219 211 199 191 183 178 190 206 222 227 231 231 231 235 234 231 232 231 229 223 216 230 232 233 231 221 220 228
101 104 106 105 103 101 92 88 84 84 79 73 74 77 90 82 91 91 95 105 112 117 134 141 171 165 161 167 164 152 158 176 191 203 194 186 175 179 185 200 209 214 218 198 190 194 199 206 209 204 197 193 201 216 213 214 212 215 222 229 219 212 198 192 184 182 199 215 223 229 232 235 235 235 235 235 232 231 231 221 215 230 232 233 232 226 219 225
103 106 106 103 99 96 89 80 85 84 84 72 70 74 82 98 93 92 101 105 108 115 139 158 152 151 153 168 155 147 161 175 191 200 188 182 172 182 192 203 202 214 216 208 205 193 211 215 203 199 190 192 206 220 214 216 220 223 220 230 223 212 198 195 188 194 210 221 227 230 234 235 229 236 236 236 235 229 225 218 224 231 234 230 225 223 217 232
106 106 106 102 99 91 87 79 75 73 79 77 74 73 74 74 84 87 109 124 123 117 147 155 143 137 150 160 146 144 159 187 198 192 185 175 175 185 195 205 199 206 209 222 216 223 219 207 192 192 187 194 214 221 220 218 225 227 226 232 230 221 208 213 201 214 219 225 229 233 235 237 236 237 235 233 231 228 224 222 232 233 237 227 221 220 221 231
106 106 106 101 92 86 81 75 74 72 73 79 71 71 82 84 89 93 102 110 134 147 150 146 129 137 145 146 134 144 175 191 199 185 174 168 172 188 201 199 203 200 195 205 213 216 220 215 201 195 184 200 215 222 225 227 229 230 232 234 229 235 227 219 211 218 225 229 233 234 236 235 236 238 231 229 224 225 225 229 229 237 236 224 227 227 233 233
105 102 102 97 87 80 75 71 72 73 69 88 86 75 86 92 96 102 106 108 122 141 138 131 113 116 126 137 131 154 176 186 195 187 172 163 176 191 197 192 195 176 183 198 202 200 212 219 210 194 189 195 215 219 222 223 228 229 231 230 219 216 231 233 229 228 228 233 234 234 235 236 236 236 236 238 230 222 225 234 227 225 237 230 229 239 241 235
102 100 92 86 76 72 78 73 77 74 69 89 89 76 86 96 106 110 118 120 133 124 107 110 97 101 119 120 139 182 190 194 187 180 165 167 176 192 189 185 198 177 182 196 200 190 196 215 217 196 191 202 214 217 224 227 230 230 227 223 213 222 230 232 234 237 233 234 234 235 235 235 236 236 236 238 240 234 237 236 234 225 236 231 229 241 242 246
90 90 88 86 80 74 78 78 79 85 79 80 92 94 89 96 105 113 117 128 127 111 92 98 106 107 116 141 160 179 186 179 176 171 162 175 186 188 176 174 175 172 177 193 199 179 198 214 221 198 196 210 219 222 226 232 231 228 228 218 214 221 221 222 232 233 235 236 237 234 235 235 235 236 236 236 240 241 239 239 238 234 234 235 237 240 247 248
89 81 81 87 85 79 74 85 80 86 89 90 89 93 106 105 117 116 118 120 115 92 97 108 112 108 112 138 145 173 182 169 163 161 167 179 177 179 165 152 158 166 185 198 187 177 188 203 223 226 215 216 223 225 226 231 228 228 227 216 215 224 215 221 229 233 232 229 234 235 238 238 239 237 236 236 237 242 240 240 238 240 236 239 245 246 246 243
