data/layers/bio8.asc
NCOLS 507 
NROWS 956 
XLLCORNER -77.7833333333333 
YLLCORNER 0 
CELLSIZE 0.00833333333333335 
NODATA_value -3.4e+38 
[rows 234 to 272 of 956, columns 264 to 351 of 507]
138 127 135 136 142 139 146 151 156 165 160 159 159 157 156 158 163 165 165 165 164 162 158 157 143 146 146 146 146 147 147 144 137 132 141 149 152 152 156 157 160 173 171 163 159 169 171 173 188 203 214 214 220 217 213 204 218 223 236 238 243 241 238 229 217 207 215 212 202 209 220 227 227 229 243 246 236 261 249 247 242 238 235 231 233 232 238 240
148 134 146 139 149 147 146 153 159 169 165 157 158 156 151 154 159 161 163 163 159 136 148 152 146 145 147 148 148 147 146 145 135 136 138 146 150 151 152 155 157 154 156 161 172 172 183 193 198 204 217 225 235 221 214 205 214 219 232 235 238 243 239 230 221 212 219 224 215 213 219 226 234 221 232 252 252 254 236 237 240 240 233 232 234 234 243 244
159 151 148 154 160 159 157 162 171 166 160 157 157 151 148 146 154 159 159 159 155 140 140 140 146 147 147 148 147 148 147 145 134 135 139 145 144 150 153 157 153 152 155 163 180 192 207 211 219 206 234 229 226 233 223 209 210 205 216 224 235 245 242 240 229 217 219 223 227 225 226 232 237 220 231 237 252 254 243 234 234 235 233 232 233 234 244 242
164 171 160 156 154 164 165 173 178 160 155 157 156 153 150 148 150 155 154 152 138 140 144 141 146 147 148 148 147 149 148 145 134 134 137 137 142 152 154 155 153 153 159 173 197 226 222 224 228 233 230 214 217 228 234 229 233 213 209 212 228 242 239 238 236 220 223 215 222 229 231 227 237 233 227 232 247 259 256 244 233 234 232 234 235 239 241 248
164 172 173 169 163 166 164 171 178 168 166 162 153 155 153 154 152 150 147 145 143 147 146 144 146 148 148 149 149 149 149 147 145 135 131 131 140 147 154 154 151 155 162 174 200 217 226 229 216 215 222 200 206 215 224 232 231 222 211 214 232 239 243 237 240 237 225 216 220 228 235 236 240 244 237 249 248 248 247 247 233 234 232 233 236 237 242 251
174 168 168 176 175 178 170 180 186 180 165 167 162 157 151 148 146 149 146 141 143 148 147 145 147 147 148 147 148 146 148 147 146 140 136 135 140 146 153 152 151 161 165 188 201 215 229 199 191 207 208 178 191 207 218 235 237 218 202 213 223 229 245 248 250 249 239 229 212 223 223 227 236 241 251 237 235 260 251 241 237 231 232 234 237 247 249 247
187 180 174 172 167 173 182 183 186 176 165 161 165 165 155 149 141 151 147 147 148 154 146 144 146 147 148 147 147 146 148 147 147 146 133 138 142 152 151 149 151 167 189 206 219 224 214 176 172 189 187 174 187 195 228 236 235 216 203 199 214 216 233 244 249 242 240 232 219 210 213 218 223 229 229 237 241 253 243 240 233 231 234 238 238 242 242 241
185 196 192 178 183 169 168 178 182 189 175 161 175 188 163 159 150 152 150 150 152 158 147 140 145 148 147 148 147 145 144 144 148 146 140 138 143 145 151 150 157 173 200 215 221 213 170 168 169 202 202 205 211 212 223 230 234 223 206 198 211 223 230 233 241 245 229 235 226 210 213 209 203 218 229 250 251 236 234 232 238 233 237 237 240 243 241 241
184 192 206 200 190 183 154 155 177 188 186 183 197 201 184 165 158 154 158 151 155 161 154 150 144 143 148 150 150 145 147 148 147 146 146 138 144 147 149 154 166 176 181 210 211 174 169 172 190 210 229 210 223 228 232 233 243 230 217 228 222 216 221 226 231 246 251 243 231 225 217 205 207 228 246 248 242 243 234 233 238 236 235 237 239 241 240 250
177 189 206 200 198 182 170 154 163 185 195 205 213 197 184 181 171 165 168 162 161 163 159 153 149 143 150 150 148 151 150 143 146 148 145 134 142 144 150 159 175 201 206 214 211 195 175 188 206 209 231 223 235 242 244 246 247 240 232 237 229 219 234 242 242 254 242 245 247 239 224 214 212 230 251 246 235 236 236 232 234 233 231 231 240 243 240 253
176 177 200 214 205 193 186 163 159 175 176 196 215 201 180 172 171 163 156 152 156 158 157 155 149 153 154 151 154 152 148 147 148 149 147 147 142 145 152 172 173 211 199 205 185 171 174 194 209 222 234 240 239 240 234 227 236 240 247 249 234 223 230 249 244 247 255 252 253 245 242 229 232 244 258 254 244 232 233 232 229 231 232 233 242 240 243 257
176 184 198 218 214 203 178 161 152 166 179 187 214 215 192 166 172 163 156 157 152 152 152 155 155 154 153 146 149 147 149 152 150 152 144 151 158 157 158 170 184 201 183 190 174 169 178 200 216 218 237 226 231 229 228 212 219 231 233 246 241 238 240 250 236 238 235 252 243 258 253 244 246 251 246 254 245 231 231 231 228 233 234 237 238 240 252 260
181 183 196 218 218 197 180 177 163 176 192 205 219 216 186 175 167 167 163 157 156 153 151 153 152 149 147 148 148 150 152 153 147 140 135 146 158 164 170 173 194 200 165 179 180 178 186 207 218 229 224 216 225 225 220 221 234 245 250 250 250 249 241 249 227 232 250 243 234 235 249 251 253 248 254 250 234 237 234 232 228 234 237 239 239 239 260 263
187 182 201 217 221 214 202 186 167 187 203 223 218 215 206 173 164 166 163 164 161 157 148 143 148 141 142 147 151 152 152 150 147 143 141 134 155 164 162 179 187 163 166 172 181 182 199 221 224 234 221 217 227 229 233 233 239 236 233 243 236 237 235 248 244 227 247 237 234 229 240 237 247 251 253 242 232 235 233 231 229 234 237 238 239 243 255 265
184 182 198 215 226 216 192 181 178 181 207 225 201 189 200 174 160 163 160 162 161 159 159 149 142 139 144 145 151 154 153 151 148 147 140 138 152 159 161 170 184 167 174 179 181 195 211 223 229 220 221 216 226 229 223 229 233 219 221 227 227 222 226 243 247 232 241 230 221 223 223 234 254 248 243 238 233 233 232 230 229 237 238 241 238 248 259 261
201 184 210 218 228 218 207 187 198 191 218 227 203 182 177 180 158 157 159 149 151 150 155 160 146 151 151 153 156 153 149 150 150 148 144 142 153 157 154 163 181 168 172 178 179 197 211 222 217 200 206 211 223 217 217 219 217 207 216 221 226 223 235 253 242 228 231 224 215 215 218 232 251 240 244 235 233 233 225 232 231 235 239 240 237 252 257 260
202 187 198 213 223 229 218 215 212 203 211 225 223 201 173 160 158 156 154 148 140 137 144 147 154 152 153 156 156 152 153 153 151 149 151 147 150 151 159 165 175 174 165 180 174 183 207 208 184 189 188 208 211 202 213 219 212 234 240 228 246 248 255 248 244 235 217 216 220 224 228 238 250 238 243 234 232 231 229 231 234 237 240 238 238 255 264 259
214 193 192 210 224 234 239 233 228 221 227 230 219 191 170 161 155 155 154 150 145 136 137 141 141 144 151 153 153 154 150 151 153 151 150 149 149 145 158 156 180 160 163 179 169 181 192 192 166 176 189 196 192 203 212 216 222 233 249 251 239 238 247 240 231 228 215 209 207 235 240 247 242 235 241 234 232 230 229 237 236 239 239 237 252 258 259 260
224 209 199 204 222 241 234 219 226 232 224 218 198 176 162 151 151 150 153 148 143 139 136 135 136 145 148 149 150 152 150 146 150 149 148 148 145 147 151 161 173 163 159 172 171 189 201 195 188 194 192 184 180 200 206 204 217 239 248 235 235 247 236 220 224 214 220 212 220 243 244 250 231 240 238 235 233 228 228 235 237 240 238 236 246 263 259 257
227 217 221 211 223 242 232 217 211 201 197 188 191 176 154 155 158 152 150 149 141 135 137 137 140 139 133 138 151 149 151 150 149 147 144 145 142 135 139 148 169 159 159 168 170 187 208 211 207 209 188 194 184 187 212 218 221 243 240 226 243 236 230 230 233 213 204 214 225 227 236 242 231 230 235 235 233 229 238 244 238 249 246 244 255 264 264 258
225 223 229 208 223 237 227 215 212 194 181 160 181 173 159 165 161 159 156 142 141 133 138 138 136 128 134 147 149 145 149 148 141 138 145 152 146 130 134 156 167 158 165 187 184 193 207 216 208 214 194 199 216 204 220 231 246 237 214 225 239 224 242 240 232 215 202 206 218 221 237 240 219 218 227 232 237 231 241 251 247 255 244 250 259 263 263 258
218 221 228 217 222 238 232 229 220 211 190 171 169 174 169 170 165 160 156 154 144 139 136 131 132 126 129 148 146 139 144 141 135 145 154 154 146 137 142 159 155 156 166 191 203 206 210 215 220 220 204 217 224 226 231 234 240 226 211 221 233 216 240 229 227 216 205 201 216 218 225 227 227 216 224 231 245 240 252 255 255 260 246 263 258 258 261 259
207 214 235 227 230 239 229 220 221 208 185 168 163 172 172 166 164 160 158 160 153 155 136 121 117 122 136 147 138 136 140 141 147 157 157 153 145 136 146 155 149 150 175 192 201 200 204 212 215 221 228 227 230 238 237 240 241 222 205 223 219 224 230 235 222 214 209 199 209 222 233 224 226 214 218 233 250 252 255 247 255 251 262 261 259 259 261 261
208 202 228 239 238 229 229 212 219 205 178 163 166 171 167 168 164 162 162 162 160 153 140 123 119 124 133 144 130 119 127 141 155 159 157 154 149 132 125 145 144 151 173 186 194 187 198 209 201 211 222 213 222 232 227 224 232 231 220 215 215 218 223 233 233 224 211 206 218 220 238 238 235 230 224 232 248 251 252 247 249 249 260 258 260 255 258 259
218 209 224 240 230 215 221 205 206 204 184 167 158 166 163 168 168 165 166 164 163 153 143 132 122 132 135 133 123 124 142 151 160 163 154 149 138 120 119 141 150 161 171 181 181 184 200 198 180 196 209 197 208 224 206 201 223 219 210 210 209 207 218 230 232 214 204 214 218 228 245 243 239 224 223 238 246 252 247 241 241 250 248 246 257 255 256 249
220 210 220 237 235 214 212 195 189 201 182 172 162 159 160 163 164 168 163 161 155 147 134 124 133 151 145 128 123 127 149 160 164 159 152 143 131 125 119 124 135 160 171 176 173 179 178 188 167 186 194 193 215 221 204 199 212 206 201 201 206 216 225 217 225 210 209 218 229 234 240 245 236 225 226 238 243 253 247 235 240 246 239 239 246 255 246 248
231 218 221 239 240 224 209 192 185 195 181 167 158 152 154 158 163 163 163 159 147 145 143 148 150 156 141 130 144 144 155 160 163 156 143 135 132 125 120 127 130 121 159 170 162 159 169 173 178 182 193 209 220 212 202 190 190 198 203 214 216 216 228 205 222 209 204 219 226 235 241 246 236 225 236 241 244 253 243 238 231 231 232 235 240 247 246 248
226 223 222 234 247 220 199 208 198 179 171 152 153 149 146 153 158 161 161 159 154 154 156 151 156 158 146 141 155 162 160 165 158 151 140 132 131 130 125 128 137 129 137 144 147 139 157 169 184 201 205 216 217 206 192 186 187 193 209 215 218 224 206 203 217 208 215 226 222 219 228 246 246 236 237 247 253 241 236 238 239 228 226 234 242 242 248 247
229 226 225 239 241 224 211 202 205 179 159 149 147 145 142 146 154 159 161 161 160 158 153 154 160 151 150 154 160 166 168 166 157 151 152 149 146 145 139 146 135 121 116 144 151 157 159 176 193 208 209 212 207 202 187 192 198 200 200 205 207 207 199 195 200 201 203 210 218 211 217 231 251 249 249 250 244 237 240 246 232 230 229 238 241 246 247 247
211 231 233 240 245 227 198 186 190 175 161 145 148 152 165 153 153 158 160 163 160 161 157 160 168 156 161 168 167 166 165 157 162 159 158 156 155 153 149 147 144 119 121 160 170 176 183 186 198 198 200 204 201 188 181 188 188 196 187 184 202 203 185 183 180 185 192 200 207 216 216 232 245 252 241 236 238 238 245 251 244 231 232 237 248 248 246 249
211 232 240 244 248 226 215 186 179 175 163 153 159 158 176 156 153 155 159 164 176 173 154 180 197 186 165 166 162 156 153 149 153 147 149 147 148 149 149 147 140 129 134 155 164 172 184 192 190 182 189 195 196 175 172 172 173 178 167 181 193 188 181 170 182 192 202 210 217 231 238 245 238 242 240 236 238 233 239 243 250 240 232 240 249 248 245 253
220 224 240 242 234 229 204 200 190 184 171 159 165 177 183 176 163 157 162 183 204 205 194 207 204 179 162 153 157 151 144 128 136 143 138 135 127 141 144 144 136 130 128 169 175 180 180 185 177 167 172 178 176 171 169 173 177 173 168 167 181 171 170 164 180 194 197 194 212 218 214 218 225 231 228 231 238 238 241 245 248 251 244 239 250 251 247 250
231 223 241 247 243 235 212 192 178 180 179 157 169 183 196 186 172 161 165 195 219 217 213 202 183 159 151 148 152 148 140 122 133 137 136 131 123 135 137 133 123 133 158 163 172 167 161 161 168 162 157 163 168 173 183 192 188 177 165 165 162 162 159 164 171 174 183 194 206 212 208 225 224 231 235 239 236 236 237 250 248 250 256 253 267 268 267 260
236 229 242 249 242 236 219 203 178 171 174 165 169 188 203 192 188 175 193 214 220 207 186 177 161 150 137 149 151 146 135 124 135 140 132 133 135 133 127 115 109 131 154 148 154 155 151 151 147 151 154 168 174 185 186 196 201 182 180 181 175 175 183 178 175 184 185 198 208 211 219 223 230 227 227 235 244 245 258 257 262 262 263 261 260 244 249 251
252 247 247 250 242 239 225 208 184 172 168 168 183 194 213 208 191 193 211 225 208 180 172 162 157 148 133 127 145 139 126 125 135 141 142 148 143 135 124 115 99 119 138 155 146 154 152 153 162 159 168 178 181 186 191 205 209 193 191 203 192 175 191 197 185 190 197 202 221 234 242 224 229 229 240 250 265 259 256 257 258 249 252 255 248 245 249 251
239 252 252 249 248 233 229 217 200 191 183 169 173 184 208 218 203 192 218 225 201 183 170 159 158 152 143 136 138 131 120 124 136 143 145 148 144 140 118 103 113 136 145 153 165 167 162 168 169 178 183 182 186 182 192 212 217 201 193 213 203 178 192 206 196 195 208 209 208 234 252 253 245 252 259 263 259 252 243 245 257 246 247 246 245 244 248 250
229 235 244 242 248 242 233 220 210 202 209 180 170 186 204 222 209 200 222 232 206 204 188 175 154 152 149 140 139 134 133 136 142 145 148 147 145 137 119 110 112 124 146 155 163 176 178 183 184 188 190 179 183 188 194 214 230 211 210 221 222 202 198 218 223 215 225 231 217 228 252 254 246 257 254 260 255 236 236 240 255 236 249 248 251 248 249 252
222 219 228 242 249 250 236 232 212 215 219 195 179 184 206 223 226 212 221 228 217 215 193 172 158 147 160 168 145 153 152 148 146 148 144 135 142 138 131 123 125 141 150 156 165 173 177 178 185 191 195 187 195 182 193 203 234 219 220 232 230 210 196 207 217 232 237 239 226 238 253 250 240 244 254 256 249 231 230 234 249 253 246 251 257 249 249 253
202 207 220 233 241 249 248 244 227 224 230 216 187 180 205 210 227 227 234 238 232 213 195 190 176 170 181 189 178 185 173 150 149 148 144 136 136 133 130 122 114 136 143 154 165 169 166 160 173 186 200 207 206 201 220 226 236 242 233 240 226 209 198 199 205 225 236 247 239 260 248 230 229 236 256 249 230 230 225 234 242 246 241 256 254 251 250 254
