data/layers/bio8.asc
NCOLS 507 
NROWS 956 
XLLCORNER -77.7833333333333 
YLLCORNER 0 
CELLSIZE 0.00833333333333335 
NODATA_value -3.4e+38 
[rows 663 to 701 of 956, columns 176 to 263 of 507]
80 79 81 87 85 87 86 86 88 88 93 100 102 102 106 114 112 111 109 105 100 93 100 112 123 119 135 151 154 165 176 167 155 154 165 172 164 165 150 145 162 178 192 188 181 187 196 197 213 222 227 223 225 225 227 228 226 221 221 211 209 211 205 216 229 231 226 226 228 234 234 235 235 225 228 226 231 242 242 242 244 240 240 239 243 245 240 235
77 81 79 78 80 80 80 88 91 98 98 100 101 99 98 102 95 101 99 109 113 116 117 122 138 140 148 147 153 163 163 165 145 149 153 160 154 165 156 149 174 184 182 165 179 184 190 194 197 214 222 227 227 228 229 226 220 210 210 206 211 192 199 215 224 230 226 220 222 220 223 223 227 230 238 238 239 240 238 244 241 244 246 245 246 235 240 236
74 79 72 72 79 73 72 80 85 81 89 88 87 84 87 91 81 86 99 112 119 123 126 135 143 150 143 138 145 148 155 152 144 144 147 139 141 153 148 167 176 159 158 164 175 175 178 184 183 202 216 223 225 226 226 226 213 209 202 204 204 191 201 209 217 223 224 221 220 221 222 235 234 232 230 232 238 239 237 231 235 245 241 242 237 229 228 238
68 79 73 71 74 69 75 78 85 77 78 78 78 78 76 77 88 88 99 111 117 125 133 142 140 129 127 128 134 133 140 140 143 145 146 143 140 154 164 156 150 148 160 170 180 190 197 191 188 196 216 224 226 226 225 219 212 202 198 203 203 194 197 205 214 219 221 225 222 229 231 234 228 226 222 235 237 238 229 232 240 237 236 238 233 219 226 235
74 75 73 67 66 69 73 75 75 75 79 83 78 78 82 84 84 90 107 114 116 118 123 138 131 117 127 131 134 141 140 139 143 145 146 144 146 151 149 139 142 151 162 175 183 193 196 205 194 205 222 226 227 225 221 201 199 196 194 207 203 196 195 202 212 221 223 222 224 216 218 222 213 214 217 230 235 237 232 239 231 229 230 230 221 208 226 234
74 75 72 69 72 64 71 73 79 80 83 86 79 85 87 87 86 94 112 116 124 123 134 128 116 123 125 130 138 143 149 149 144 146 144 146 142 139 144 146 143 151 164 175 182 192 201 200 211 217 224 227 226 221 214 204 194 188 191 203 199 196 195 201 211 217 219 217 213 208 207 201 195 200 215 225 230 234 240 238 225 228 229 226 217 220 230 238
72 73 72 74 77 72 79 76 77 83 87 88 89 87 89 88 92 112 119 124 131 132 130 120 122 120 121 131 133 139 148 156 156 146 152 150 135 148 149 153 146 154 172 169 185 193 195 209 222 225 224 225 224 219 207 204 193 189 194 202 201 191 194 202 203 211 213 217 213 202 197 191 184 200 218 224 231 236 232 227 223 224 226 222 209 213 227 241
71 73 70 76 85 87 83 97 94 93 87 90 90 89 93 88 88 114 122 131 130 123 119 122 128 122 133 137 139 143 149 156 161 153 154 153 155 156 156 158 157 166 179 189 191 198 205 214 224 224 225 224 222 220 211 202 192 188 193 192 197 184 189 191 196 204 207 205 209 205 199 192 180 205 220 227 233 231 222 224 225 217 221 218 211 213 225 237
73 68 72 68 89 92 93 84 83 88 95 100 95 96 98 105 104 112 121 118 120 128 132 128 136 137 147 146 145 148 154 156 156 159 158 157 159 161 161 155 159 163 175 194 199 203 206 222 224 223 222 220 217 216 203 200 194 186 192 190 194 183 182 185 188 194 193 198 195 193 195 187 196 213 223 224 228 225 217 220 221 227 228 212 214 223 231 244
75 72 71 79 86 86 75 77 88 79 88 93 94 96 98 96 100 96 107 112 134 132 137 127 136 145 148 152 153 154 155 157 158 160 160 160 160 162 165 160 165 171 180 188 197 198 223 221 219 215 212 213 212 207 193 195 190 187 191 191 191 186 180 181 183 185 186 190 185 182 181 187 199 213 216 219 226 213 210 220 225 227 230 221 222 234 243 245
80 75 71 75 85 84 71 75 82 88 91 92 94 94 100 97 95 96 109 119 131 136 141 136 142 148 152 155 156 157 155 158 162 164 162 163 163 165 166 170 167 165 189 190 200 212 221 218 213 208 194 196 193 199 199 192 187 188 190 189 187 189 185 182 183 182 183 194 198 181 180 195 205 212 219 220 214 211 215 225 229 225 232 229 241 244 244 245
84 76 77 73 76 86 83 75 78 85 88 89 93 94 96 96 95 100 109 114 117 130 137 146 145 152 153 151 154 159 160 159 161 166 168 168 172 177 178 177 176 170 195 197 207 219 222 206 198 198 191 179 189 194 197 189 183 190 190 187 182 184 186 178 184 189 197 199 203 190 182 191 208 217 222 221 219 211 215 218 235 229 238 241 245 243 235 235
88 90 92 85 77 87 86 87 76 78 88 89 93 104 95 95 96 108 115 116 124 128 139 148 146 147 148 151 157 158 163 162 164 166 166 166 168 175 180 190 180 180 185 196 211 218 207 196 188 185 174 173 183 191 191 190 188 189 189 187 185 184 178 174 178 181 190 201 210 198 186 194 212 220 223 225 221 212 216 221 229 240 243 244 242 237 238 233
86 88 90 104 107 99 97 102 105 86 93 94 101 98 97 98 100 106 128 121 127 136 139 142 144 145 146 156 159 160 162 164 163 165 166 168 174 180 182 197 198 195 197 201 216 212 203 195 188 173 157 167 175 185 188 184 188 189 188 187 179 183 176 171 170 181 198 207 215 202 195 203 214 221 227 227 225 218 224 235 244 244 244 244 236 234 236 233
88 88 92 99 107 121 124 125 119 109 105 94 94 94 119 125 119 117 129 132 137 142 143 144 146 146 151 153 164 156 160 162 167 168 173 177 179 181 183 184 196 200 204 209 216 198 195 193 177 174 152 159 171 176 182 183 188 189 186 183 181 179 180 179 181 189 198 208 211 217 208 214 221 226 231 233 224 230 232 239 244 242 240 239 238 236 233 230
74 73 83 90 100 107 113 119 122 117 120 105 96 95 123 140 140 134 136 134 137 141 150 145 144 146 150 156 166 167 166 168 171 173 177 181 182 183 184 183 186 199 200 207 210 204 199 180 159 155 153 158 167 173 185 189 192 191 187 179 180 178 181 190 191 198 203 202 216 223 217 223 226 226 231 233 234 236 237 243 243 242 241 238 238 236 232 231
73 77 83 95 96 104 109 114 118 123 137 135 113 116 131 146 147 151 138 139 137 139 142 155 156 150 154 160 167 175 174 177 176 177 180 182 184 183 185 185 184 185 203 211 215 195 187 187 162 148 152 162 170 179 187 194 193 191 182 177 181 184 194 201 201 207 208 209 219 226 223 226 228 232 236 236 238 239 240 243 243 241 240 235 233 233 230 230
74 83 83 85 98 101 107 110 120 122 129 137 143 123 145 150 153 156 143 137 135 138 142 145 160 162 162 166 173 169 170 172 179 180 181 182 186 186 187 186 186 198 203 203 194 191 178 161 161 157 152 162 168 178 188 194 199 196 186 182 187 193 204 209 213 216 217 216 224 230 228 230 233 233 236 238 238 241 242 242 243 242 241 235 230 231 229 225
70 73 85 87 96 97 98 98 103 104 112 139 147 144 143 148 158 163 154 153 139 144 140 143 146 150 163 165 164 168 169 173 179 180 181 184 185 186 189 196 198 207 208 199 186 176 164 165 159 154 150 155 171 175 185 195 199 203 194 187 199 208 210 219 223 224 222 227 230 232 233 232 235 236 237 239 240 238 241 241 242 242 236 238 236 230 227 223
71 77 76 82 83 82 84 85 84 94 117 132 141 160 156 163 159 166 160 162 144 149 145 145 145 149 150 152 160 167 171 175 176 178 179 183 186 191 195 198 199 206 198 197 195 184 171 163 153 149 151 152 157 175 183 192 204 210 203 195 209 222 225 226 226 228 228 231 230 233 235 235 236 238 238 238 237 239 240 240 242 242 232 236 235 231 229 227
73 76 89 87 86 81 76 77 89 100 109 126 141 143 144 166 165 160 164 160 163 161 153 149 148 148 151 159 164 167 168 171 174 177 181 183 184 186 187 187 200 209 196 187 181 184 171 156 152 153 155 154 165 174 184 192 200 214 216 211 220 227 229 229 226 230 232 232 233 234 235 234 236 236 236 235 235 236 235 240 240 239 232 235 234 231 228 226
87 95 90 102 102 92 90 86 99 105 113 124 137 144 146 162 162 158 160 172 180 173 165 165 156 148 153 156 161 161 169 174 176 178 181 184 185 186 187 188 200 206 196 180 168 172 165 158 158 153 159 157 163 177 181 190 199 214 223 226 229 230 231 233 231 232 233 234 233 233 233 234 236 234 234 236 237 237 238 242 242 239 236 234 232 228 231 225
80 86 97 100 109 98 100 99 101 107 113 121 135 147 149 152 171 167 165 165 180 181 183 175 178 167 152 156 163 163 170 171 179 178 183 182 184 185 187 200 201 206 200 181 173 170 169 161 160 159 155 162 174 186 194 198 211 215 216 219 227 228 231 232 233 234 233 234 235 233 234 235 233 236 238 239 240 241 241 238 241 235 235 234 232 231 230 225
72 84 82 86 111 120 109 103 107 111 128 144 149 154 150 150 162 160 161 157 155 171 177 181 183 178 163 166 175 181 180 187 192 200 201 183 185 188 200 204 205 204 196 184 175 174 166 157 156 157 152 158 181 193 200 207 204 205 211 219 223 229 231 231 233 234 234 234 235 234 233 233 235 237 239 240 240 240 240 240 238 235 235 233 231 233 232 224
84 82 82 86 99 114 125 111 113 113 118 140 149 153 149 156 157 157 155 144 153 160 162 170 176 184 176 170 181 193 190 196 176 177 182 193 200 201 201 194 194 199 188 186 179 173 161 154 151 149 160 178 185 196 198 201 199 203 216 221 224 224 228 226 227 231 234 235 237 237 237 238 238 237 239 240 240 240 240 240 239 234 232 231 233 230 227 222
102 97 87 89 96 108 123 136 113 119 126 134 138 139 130 135 151 154 150 140 143 144 148 163 173 176 184 191 192 185 170 172 175 177 179 180 189 184 187 194 200 197 190 187 178 172 165 158 151 152 179 185 195 189 190 197 204 209 221 225 228 228 225 226 230 231 232 234 236 236 237 238 238 238 239 239 239 239 240 240 243 233 235 232 232 228 225 221
102 106 100 99 99 103 103 126 131 116 121 123 124 126 131 135 137 136 132 138 141 145 143 153 151 158 159 170 181 169 166 171 172 175 176 187 181 184 189 195 195 195 190 188 179 167 160 145 144 166 178 171 176 175 186 196 203 220 221 226 229 231 223 225 227 230 230 232 232 230 232 234 235 237 237 238 239 239 240 243 235 238 236 232 232 227 225 222
87 115 114 109 104 106 111 135 139 126 121 125 124 126 126 129 137 140 133 142 144 143 137 136 153 155 158 161 164 165 169 170 170 171 181 178 179 185 195 198 195 195 194 191 181 170 167 156 153 162 157 156 177 177 189 203 211 223 222 227 228 230 228 230 224 223 224 228 226 228 233 233 237 237 238 239 239 240 243 235 238 238 234 232 233 231 226 222
99 107 108 121 119 123 122 135 135 123 122 125 129 129 131 131 135 139 144 144 145 145 136 136 149 154 158 162 162 165 169 170 168 177 179 176 185 192 201 196 197 196 193 189 183 178 168 164 151 156 149 149 163 184 196 203 222 225 225 227 229 232 233 232 231 226 226 226 231 227 228 232 234 234 238 239 239 241 236 230 240 236 234 234 231 228 225 223
119 109 109 111 124 134 138 136 145 133 125 128 135 135 137 137 143 142 144 144 144 144 147 142 145 151 159 164 168 166 177 179 182 185 187 188 194 196 198 196 195 194 191 189 178 166 158 153 150 141 153 159 172 185 198 210 217 224 225 228 230 231 233 233 234 235 228 228 232 231 233 233 233 236 238 240 241 241 240 234 239 238 236 233 230 226 224 220
130 120 113 119 114 118 136 142 145 144 152 153 152 150 135 137 136 138 139 141 142 146 151 148 160 162 170 175 174 165 173 174 180 183 188 192 188 187 194 185 183 185 187 180 167 156 156 158 148 149 167 178 177 188 202 209 218 223 227 228 228 230 230 232 233 235 236 228 230 230 231 231 236 239 238 239 240 241 241 238 236 235 233 232 228 225 222 213
130 133 137 131 138 128 127 135 137 134 129 141 148 157 158 146 135 136 138 139 140 155 170 172 172 172 178 169 166 166 173 175 181 183 190 188 184 179 180 163 169 169 146 154 156 158 161 157 148 164 178 193 190 195 199 213 218 225 229 227 229 227 230 229 229 232 236 236 231 231 234 235 234 236 238 239 239 242 239 240 238 232 228 228 227 219 217 208
124 126 138 139 140 141 140 142 142 126 129 132 138 139 151 160 148 135 137 141 155 168 168 164 164 161 164 158 162 166 172 175 183 184 187 184 175 168 170 154 147 151 152 157 161 164 159 156 153 154 175 182 193 205 205 212 221 226 227 229 229 231 231 232 232 234 236 239 239 236 236 237 235 236 241 240 242 242 237 238 235 234 231 226 218 210 213 204
105 105 114 121 134 143 150 156 154 139 136 138 140 142 142 156 158 161 138 147 162 167 162 157 155 147 151 155 158 162 174 182 181 183 182 187 168 165 161 152 146 150 153 161 159 163 147 146 144 160 162 176 192 202 209 218 222 224 226 231 229 231 229 232 235 232 229 233 240 239 241 241 240 241 240 241 240 241 240 237 231 230 229 221 212 207 208 204
104 110 118 124 128 143 150 155 155 137 138 139 138 143 144 151 159 165 163 163 168 164 155 150 144 148 151 151 155 165 176 183 176 176 175 165 155 153 150 147 148 146 144 147 160 153 146 140 155 167 183 192 196 205 209 215 219 229 230 227 225 221 225 227 233 235 234 234 238 241 240 240 240 240 237 238 240 240 238 233 228 223 212 225 217 209 202 205
101 114 118 129 139 143 148 147 161 134 136 137 138 142 143 144 144 147 156 164 157 150 148 141 143 146 151 152 160 169 181 168 172 170 163 163 160 152 148 150 144 139 149 151 166 153 140 146 162 163 180 196 204 208 216 219 224 229 232 229 221 219 221 229 232 235 236 239 240 240 239 239 236 236 237 237 239 240 237 230 221 217 207 218 214 208 202 202
113 118 123 124 135 143 158 158 161 151 141 142 139 141 140 142 144 146 154 160 152 141 135 141 144 153 158 160 166 177 177 164 169 165 166 171 167 161 154 148 143 149 149 164 166 153 142 148 168 180 193 204 211 215 220 221 228 232 234 227 220 219 224 229 234 236 238 238 240 238 234 235 235 236 236 234 234 240 236 221 218 213 203 215 212 208 201 195
118 128 133 124 125 131 140 157 163 160 151 152 144 144 141 143 142 142 147 154 143 130 132 147 151 157 159 160 157 172 165 162 165 164 162 163 160 154 142 142 149 155 159 168 166 153 146 161 178 191 194 201 208 221 225 223 224 229 234 232 229 228 230 234 237 237 238 234 237 237 234 235 235 235 233 227 235 230 219 226 209 202 206 212 208 204 197 198
127 134 137 138 134 140 153 162 167 171 159 164 161 156 148 146 145 142 143 148 136 135 137 142 150 161 160 162 169 171 161 154 161 165 165 163 160 150 144 151 157 160 160 168 170 161 161 164 180 192 200 209 210 226 228 232 231 232 236 234 231 235 239 240 239 236 234 234 238 234 234 232 233 234 234 238 228 219 212 224 207 206 200 201 204 203 193 192
