data/layers/bio9.asc
NCOLS 507 
NROWS 956 
XLLCORNER -77.7833333333333 
YLLCORNER 0 
CELLSIZE 0.00833333333333335 
NODATA_value -3.4e+38 
[rows 624 to 662 of 956, columns 88 to 175 of 507]
260 253 243 248 244 246 238 220 200 195 195 174 170 184 181 194 196 197 192 178 171 155 137 116 112 123 125 131 145 147 165 178 182 187 185 181 192 204 203 216 219 215 202 189 189 191 190 190 190 189 191 190 191 192 191 192 192 198 194 193 195 193 191 188 184 182 185 190 188 177 177 178 177 173 168 164 158 143 126 108 112 106 116 122 138 154 152 136
238 228 229 226 233 226 237 229 212 214 195 174 189 190 189 197 195 200 191 180 169 161 136 116 121 146 140 135 155 153 173 180 184 195 190 190 195 193 204 209 213 216 210 205 197 189 189 189 190 188 189 189 189 190 190 192 192 194 194 193 193 191 189 188 181 177 175 187 181 179 174 173 174 172 167 164 158 147 131 108 103 107 119 134 140 157 142 120
247 230 219 211 214 208 214 224 226 210 193 173 174 196 197 202 198 195 188 178 168 150 131 123 131 150 159 153 161 164 173 181 190 202 197 198 201 192 199 209 217 210 201 203 205 189 189 189 188 187 188 187 187 189 189 190 191 192 196 193 192 188 187 184 181 175 172 184 183 175 173 170 171 167 154 151 147 149 122 105 108 120 124 127 146 148 130 114
246 239 231 218 205 193 201 208 206 203 186 176 191 188 195 206 203 190 181 172 154 141 123 126 148 161 164 163 170 172 181 186 194 208 206 211 208 200 201 212 216 216 210 206 190 193 189 189 189 189 187 188 186 189 189 187 190 190 190 192 191 189 188 179 176 171 168 181 173 176 175 173 168 166 161 158 146 128 116 118 129 129 118 134 140 144 133 120
236 224 227 205 209 188 181 183 185 188 178 188 195 208 204 204 193 185 176 162 150 129 117 135 150 155 161 176 182 180 184 194 203 202 200 212 217 218 212 218 210 206 211 210 204 197 199 196 195 189 188 188 188 186 189 188 188 190 194 191 191 188 187 176 173 170 166 178 168 172 170 171 169 167 164 159 146 139 128 140 141 132 118 129 131 135 131 123
225 208 210 201 209 188 178 192 207 190 188 203 197 202 208 196 181 183 175 164 131 108 106 128 136 147 162 175 187 188 190 196 206 193 189 209 217 209 210 211 212 196 198 208 212 209 207 206 189 187 186 188 185 185 185 187 186 187 190 190 190 188 183 177 171 168 174 170 168 170 170 165 151 159 159 163 156 150 148 146 142 128 120 123 131 122 114 123
209 206 191 188 181 187 182 200 212 204 203 202 206 212 201 188 180 171 163 150 127 112 123 131 145 154 161 175 179 191 189 198 196 186 202 211 205 197 202 205 210 205 196 199 202 205 204 207 205 194 189 187 186 187 186 187 187 188 188 192 188 187 181 179 170 166 173 165 161 167 166 164 157 147 146 142 144 144 141 139 147 135 127 120 116 109 112 116
196 191 188 180 195 203 212 202 212 206 210 201 205 202 189 193 189 180 172 157 136 113 129 136 144 157 172 180 183 190 185 192 188 182 197 212 206 190 195 193 198 208 199 191 199 200 194 190 203 204 186 187 185 185 184 185 187 185 188 188 186 187 182 177 169 162 167 169 159 163 155 153 153 145 128 129 121 118 131 126 129 133 125 114 110 109 107 111
202 203 204 203 220 227 219 200 207 214 210 202 213 205 203 204 175 167 169 151 113 111 120 131 143 162 171 178 185 183 185 185 179 185 200 209 200 191 184 186 185 194 202 194 186 186 187 187 190 201 201 198 186 189 185 184 184 184 186 185 188 186 185 176 171 159 156 167 163 157 153 152 148 144 136 123 114 116 121 120 130 134 130 122 112 109 109 108
216 219 221 204 235 224 210 206 211 213 214 211 211 207 201 182 168 154 153 139 116 130 135 142 154 165 174 180 178 182 182 182 182 197 204 215 192 192 184 184 185 184 185 197 190 186 185 186 187 189 201 194 188 185 184 183 183 183 183 184 185 185 183 176 169 167 154 153 165 158 155 157 154 150 145 137 127 124 131 112 120 115 119 118 109 96 104 103
242 217 230 229 238 217 219 223 214 221 210 196 200 202 193 192 179 161 140 121 122 124 139 155 162 170 172 175 179 182 183 182 187 198 211 208 198 189 185 183 184 184 184 194 195 190 186 184 185 188 194 198 187 184 182 183 183 182 182 182 183 185 182 175 164 159 152 151 158 159 158 152 152 150 148 143 135 136 133 116 108 103 106 107 109 102 95 94
244 238 242 242 240 239 234 226 218 226 202 181 186 196 188 189 177 148 123 133 133 130 138 149 162 169 175 175 177 180 182 177 183 194 214 210 194 184 187 184 183 184 184 195 184 184 184 184 185 182 182 184 187 181 181 181 181 182 181 181 182 184 182 176 164 156 151 148 155 154 152 152 149 139 138 140 139 138 130 108 105 107 109 113 107 103 101 93
250 238 244 227 232 234 233 226 225 216 198 175 177 190 177 181 167 136 125 131 143 143 154 158 164 172 174 174 178 184 178 176 188 195 211 207 188 187 185 184 185 183 182 190 193 190 190 190 188 188 186 186 191 192 181 184 179 180 181 180 181 182 182 175 155 155 151 147 152 145 150 151 143 133 126 139 133 137 129 112 105 108 115 111 102 100 109 103
244 232 225 219 224 233 232 226 219 200 189 174 174 181 173 168 153 124 128 140 150 147 156 164 170 177 177 180 182 178 176 179 194 208 213 202 188 187 185 184 183 184 184 184 184 193 184 188 185 182 183 182 185 187 186 187 186 179 179 179 179 180 179 173 168 164 151 146 148 148 151 145 134 125 116 127 128 130 129 120 106 101 122 112 105 103 112 102
248 233 217 214 219 223 222 214 202 181 166 165 174 168 166 154 131 136 134 140 147 156 161 169 175 178 176 183 188 179 175 185 196 208 208 188 181 183 184 184 183 183 183 183 183 184 192 191 183 181 180 182 180 179 179 179 180 183 183 181 179 178 178 174 171 159 151 147 142 146 150 149 140 130 126 121 126 124 117 116 112 122 127 105 108 110 118 110
248 243 224 226 233 221 207 199 195 184 180 190 193 185 171 152 130 140 149 154 149 157 164 171 178 180 183 178 185 180 171 179 193 213 212 196 188 182 182 183 182 183 182 182 182 182 185 185 183 182 182 180 180 181 180 181 180 179 179 178 177 179 177 176 173 168 156 146 142 147 149 149 142 137 137 138 137 133 118 111 122 129 130 121 120 126 117 109
257 254 241 238 236 225 212 199 186 192 192 207 184 171 172 152 135 138 152 158 161 165 163 166 174 182 175 189 185 177 171 183 195 209 205 199 195 192 185 182 182 182 182 182 182 181 182 182 182 185 182 181 180 180 178 179 178 179 178 177 176 176 181 175 170 165 164 154 146 147 147 146 145 144 140 137 137 130 127 117 130 135 127 125 127 122 121 121
244 253 248 242 235 221 208 196 196 213 213 213 198 188 184 162 142 141 148 155 163 172 167 165 173 185 182 190 183 180 171 185 197 210 195 195 195 190 191 187 184 182 184 186 181 182 181 181 180 182 180 180 180 179 179 179 178 179 178 177 176 175 175 174 174 168 164 152 150 148 146 143 143 140 138 138 134 127 121 125 134 138 136 133 131 113 108 103
230 241 254 245 235 227 209 217 216 221 221 210 201 185 161 146 138 145 156 163 169 173 175 172 173 178 182 188 187 178 179 188 201 210 186 182 190 185 184 189 188 187 184 184 183 184 184 183 182 181 180 180 180 180 180 180 179 180 179 178 179 175 175 177 175 176 172 154 152 154 146 143 142 140 132 138 138 132 134 136 141 139 134 119 123 115 111 98
224 242 247 248 237 221 225 234 224 216 203 201 189 188 168 144 136 148 152 156 160 159 173 182 178 170 180 184 189 191 185 191 197 203 182 184 185 182 182 182 182 183 185 185 182 181 182 181 180 180 181 180 180 181 180 180 180 180 178 178 177 176 176 176 173 171 171 172 167 166 160 151 142 138 134 146 143 141 139 144 136 132 123 115 103 110 101 98
218 223 233 247 249 240 243 222 213 201 185 187 186 174 158 135 137 143 149 152 154 158 170 178 181 184 183 185 191 191 197 202 205 204 189 189 184 186 184 183 183 182 182 184 183 182 180 181 181 180 179 179 179 180 179 180 180 178 177 178 177 176 175 174 172 169 165 163 158 155 153 162 141 145 143 147 145 143 142 142 130 122 124 114 92 103 83 80
197 195 231 243 236 236 239 221 212 203 199 182 179 162 136 126 136 149 156 162 160 166 176 179 179 186 186 187 181 179 184 197 206 203 192 191 190 186 184 185 183 181 182 183 184 183 182 182 180 180 179 179 179 180 179 178 179 178 177 177 175 174 175 174 170 168 163 158 153 149 148 145 147 151 151 153 151 147 147 143 137 132 120 117 109 102 87 70
207 211 222 231 219 230 235 230 219 218 209 197 170 157 135 123 141 152 161 166 162 164 175 180 181 185 178 175 174 178 192 203 190 207 191 191 195 192 184 184 184 185 185 184 183 185 182 181 180 180 180 180 180 179 180 179 178 178 177 178 179 177 177 174 172 168 165 159 154 154 150 143 136 138 137 153 151 149 144 140 132 128 106 107 102 105 90 73
221 218 213 220 216 224 220 229 201 201 183 175 161 148 148 135 143 158 163 167 160 166 167 169 177 177 178 179 180 186 197 190 188 205 203 198 201 198 194 191 187 188 187 186 187 185 182 182 180 181 180 181 180 180 180 180 179 178 178 178 178 178 177 177 169 167 166 161 162 157 157 153 151 148 146 147 143 145 141 131 131 119 110 95 97 95 96 87
228 211 208 208 208 213 199 231 223 210 177 167 147 148 156 153 154 163 169 169 163 162 163 167 176 177 182 183 186 193 191 187 190 191 200 195 191 196 200 193 194 192 189 193 190 193 187 187 181 182 186 182 180 181 180 180 180 178 178 180 178 179 178 173 168 165 163 159 155 151 150 156 155 154 150 144 137 133 139 137 125 115 113 108 95 91 91 81
206 206 214 203 195 199 193 215 219 200 192 169 151 154 164 163 163 167 171 170 168 170 172 169 180 182 181 185 191 186 185 183 188 191 201 190 189 188 194 193 190 188 195 189 186 182 180 183 183 188 186 188 183 182 182 181 181 180 180 180 178 178 177 174 169 166 163 161 158 151 150 148 151 153 150 147 142 140 130 124 121 106 106 104 101 88 88 83
196 213 218 206 190 177 181 207 201 177 179 166 145 149 159 165 169 168 173 174 171 174 178 177 183 182 181 185 191 186 186 186 187 195 190 199 192 190 189 186 187 184 180 181 181 177 177 182 181 182 181 181 184 184 180 179 179 180 178 178 178 179 178 172 167 166 163 161 158 157 154 149 143 143 152 147 142 141 134 109 105 103 95 88 94 100 91 84
214 231 217 211 195 169 160 185 189 177 153 137 141 152 159 165 171 171 172 176 175 176 181 176 179 186 187 192 188 187 187 186 187 193 191 192 196 192 192 189 187 186 184 179 176 177 178 180 179 180 181 180 180 186 182 182 179 179 179 177 177 179 177 172 168 168 164 161 159 159 155 146 146 143 138 146 131 134 134 119 119 108 96 89 101 101 92 93
234 229 213 199 196 174 153 157 170 163 139 135 144 152 158 168 170 175 174 172 177 175 181 178 180 183 189 189 185 185 185 184 186 195 190 190 190 195 193 193 190 184 181 180 177 178 179 179 179 179 180 179 179 178 179 181 179 177 178 178 178 176 176 171 165 166 163 166 162 160 157 146 139 140 130 143 129 126 119 122 106 107 106 105 102 93 96 96
240 229 212 199 211 192 168 171 147 141 132 125 137 150 158 165 169 172 175 178 177 181 183 185 187 182 189 188 187 186 185 184 187 192 192 190 188 190 188 186 186 180 177 177 179 178 178 178 178 178 179 179 178 178 178 179 179 178 177 176 176 175 175 170 167 166 164 163 162 160 155 148 145 135 126 141 133 125 122 118 108 114 105 101 87 90 94 93
223 232 220 215 215 203 191 186 156 133 127 122 137 150 164 167 172 175 177 179 178 181 178 182 186 189 189 187 189 188 187 186 184 189 194 191 188 185 190 191 184 180 178 181 180 179 179 178 178 178 178 178 178 177 178 177 177 178 176 176 174 175 175 171 168 167 163 161 161 158 155 153 147 134 130 136 137 135 120 120 119 114 103 96 82 85 94 97
212 229 225 217 211 189 192 178 158 138 138 140 139 149 160 167 171 174 176 179 180 177 179 184 188 186 187 185 188 186 186 185 185 188 188 193 190 183 182 186 188 184 185 184 181 184 180 179 178 178 178 178 177 177 177 177 177 177 176 176 176 175 172 170 169 166 163 156 156 157 151 148 146 138 136 127 135 127 122 120 115 112 107 94 89 88 96 100
207 215 224 208 192 177 171 172 158 134 141 149 154 156 164 169 172 173 176 181 179 177 178 178 188 184 184 183 183 184 185 185 184 184 186 188 191 186 180 181 186 187 182 186 183 179 179 180 179 179 178 177 177 177 177 177 177 176 175 175 175 173 170 169 167 164 163 160 163 154 151 149 146 142 134 125 116 113 107 104 104 101 94 97 94 97 100 104
202 207 216 218 202 181 154 144 143 129 135 145 156 161 167 170 172 174 177 177 176 181 182 183 187 186 183 184 183 183 184 185 184 184 185 185 188 188 187 183 185 183 181 180 180 182 179 179 181 180 179 178 177 177 177 176 176 175 175 175 175 174 168 167 166 163 159 163 164 160 161 156 147 137 137 140 137 139 118 114 98 95 96 95 97 100 99 104
198 198 204 208 200 175 158 122 125 122 137 146 157 169 169 172 174 174 175 176 179 181 183 186 184 184 182 183 183 184 185 184 183 184 186 185 184 186 189 186 186 185 184 179 179 178 180 179 179 180 179 178 178 177 177 176 176 176 174 174 174 174 173 170 165 162 157 157 157 155 153 155 153 149 145 135 123 132 127 111 112 113 108 107 98 104 104 107
199 194 202 209 198 167 150 121 134 142 146 150 161 170 174 174 174 175 177 176 179 181 185 183 180 183 180 182 184 184 185 185 185 185 185 185 185 185 186 186 189 188 180 179 178 177 179 180 178 179 179 179 178 178 178 177 177 175 175 175 173 173 171 168 163 160 156 153 152 151 148 142 139 146 142 133 123 117 123 118 114 107 109 103 98 104 108 106
206 193 184 189 197 175 134 135 144 147 153 150 158 163 172 176 177 176 177 177 180 182 183 184 182 179 181 183 184 183 184 183 184 186 184 185 184 185 186 183 181 189 180 179 180 178 178 178 179 182 181 180 179 179 177 177 177 174 172 174 173 171 171 166 162 157 156 150 149 145 146 142 133 130 134 123 120 116 103 101 103 99 100 107 105 105 105 103
201 194 180 186 186 181 145 141 150 153 157 155 157 158 168 173 181 178 182 179 177 178 182 185 183 182 179 182 183 184 183 184 184 184 184 185 185 184 185 186 182 180 188 181 178 178 177 178 179 179 179 179 178 177 177 177 175 175 172 171 172 171 171 167 165 158 156 153 155 151 145 139 132 130 123 118 108 104 97 87 92 86 90 94 100 98 99 100
199 194 188 169 163 157 139 147 157 163 163 162 167 166 172 179 183 180 181 178 179 180 182 183 184 182 180 178 181 183 183 184 183 183 183 184 184 184 183 183 185 179 180 180 180 177 177 178 178 178 179 178 178 177 178 176 175 171 169 168 169 169 166 168 166 160 161 159 153 148 143 145 138 129 126 113 106 96 83 78 83 76 81 86 92 93 96 94
