data/layers/bio9.asc
NCOLS 507 
NROWS 956 
XLLCORNER -77.7833333333333 
YLLCORNER 0 
CELLSIZE 0.00833333333333335 
NODATA_value -3.4e+38 
[rows 117 to 155 of 956, columns 352 to 439 of 507]
257 259 257 252 252 252 245 246 246 246 246 240 245 247 243 246 250 246 251 251 249 252 253 253 253 255 255 255 255 255 255 253 253 256 257 259 255 257 251 254 257 254 249 253 259 257 264 267 263 264 268 269 269 266 268 267 267 270 271 271 269 272 274 272 274 276 274 278 278 283 283 283 284 283 -3.4e+38 -3.4e+38 -3.4e+38 -3.4e+38 -3.4e+38 -3.4e+38 -3.4e+38 -3.4e+38 -3.4e+38 -3.4e+38 -3.4e+38 -3.4e+38 -3.4e+38 -3.4e+38
255 256 252 250 249 251 248 246 247 245 245 240 245 245 243 244 250 246 248 248 249 250 252 252 252 254 252 256 255 255 256 255 253 256 257 257 256 254 252 255 259 255 250 259 261 262 265 262 264 266 265 269 267 267 268 269 269 271 272 274 270 273 273 272 274 276 276 278 280 282 283 283 282 282 283 -3.4e+38 -3.4e+38 -3.4e+38 -3.4e+38 -3.4e+38 -3.4e+38 -3.4e+38 -3.4e+38 -3.4e+38 -3.4e+38 -3.4e+38 -3.4e+38 -3.4e+38
253 255 248 245 232 240 243 242 243 244 245 243 245 242 242 241 248 249 246 247 247 250 251 250 252 253 253 257 255 255 257 255 254 255 257 258 257 255 254 255 259 259 252 256 261 262 267 263 264 266 264 268 269 266 268 269 270 271 273 274 275 272 273 273 276 278 279 280 282 283 283 284 282 282 283 -3.4e+38 -3.4e+38 -3.4e+38 -3.4e+38 -3.4e+38 -3.4e+38 -3.4e+38 -3.4e+38 -3.4e+38 -3.4e+38 -3.4e+38 -3.4e+38 -3.4e+38
251 258 249 246 230 232 242 233 232 241 241 241 241 239 238 241 242 248 246 247 248 249 248 251 251 252 253 256 257 256 256 256 254 257 259 257 259 257 256 257 259 262 253 260 261 262 264 266 264 262 264 271 269 267 269 271 271 274 272 274 278 274 274 274 281 282 283 282 283 283 283 282 282 282 283 -3.4e+38 -3.4e+38 -3.4e+38 -3.4e+38 -3.4e+38 -3.4e+38 -3.4e+38 -3.4e+38 -3.4e+38 -3.4e+38 -3.4e+38 -3.4e+38 -3.4e+38
249 255 250 246 230 233 234 235 232 239 240 241 238 238 238 242 243 247 250 247 251 250 250 248 252 252 254 256 258 257 256 255 255 256 258 258 255 259 258 260 262 262 258 261 262 262 265 264 261 263 264 268 269 267 270 273 274 274 274 276 275 276 276 279 282 282 282 282 283 283 282 281 281 283 283 283 -3.4e+38 -3.4e+38 -3.4e+38 -3.4e+38 -3.4e+38 -3.4e+38 -3.4e+38 -3.4e+38 -3.4e+38 -3.4e+38 -3.4e+38 -3.4e+38
251 257 249 248 231 235 233 234 232 241 232 239 234 234 239 238 241 244 251 248 251 251 252 252 254 253 254 255 255 255 257 258 256 255 258 256 253 257 258 261 261 262 259 261 262 263 266 261 261 264 268 266 270 268 268 271 272 274 274 276 276 278 279 282 282 282 282 281 281 282 281 281 282 282 283 283 -3.4e+38 -3.4e+38 -3.4e+38 -3.4e+38 -3.4e+38 -3.4e+38 -3.4e+38 -3.4e+38 -3.4e+38 -3.4e+38 -3.4e+38 -3.4e+38
248 256 250 246 230 232 231 235 233 232 228 232 233 234 234 240 239 241 249 247 250 250 250 254 254 253 254 255 254 255 256 257 257 257 258 255 252 253 257 257 263 260 260 261 262 262 267 261 262 265 268 268 270 270 272 272 273 274 276 276 279 280 281 282 282 282 281 281 280 280 282 282 283 282 283 283 -3.4e+38 -3.4e+38 -3.4e+38 -3.4e+38 -3.4e+38 -3.4e+38 -3.4e+38 -3.4e+38 -3.4e+38 -3.4e+38 -3.4e+38 -3.4e+38
249 249 254 245 234 229 229 231 233 230 228 231 234 241 241 241 241 241 247 249 250 251 252 253 256 251 254 254 253 252 255 255 256 257 256 256 251 253 255 260 263 262 262 262 262 261 269 264 264 265 271 269 272 269 273 274 273 274 276 277 281 282 281 281 282 282 281 281 280 281 282 282 282 282 283 282 -3.4e+38 -3.4e+38 -3.4e+38 -3.4e+38 -3.4e+38 -3.4e+38 -3.4e+38 -3.4e+38 -3.4e+38 -3.4e+38 -3.4e+38 -3.4e+38
227 245 249 246 229 227 229 229 232 228 224 234 235 244 246 247 248 246 249 248 251 251 253 254 254 254 256 255 255 255 255 256 257 257 257 253 252 250 255 259 262 261 262 261 260 264 270 266 266 268 268 272 272 272 272 273 273 277 277 281 282 282 282 281 282 282 281 280 280 281 282 281 283 282 283 283 282 -3.4e+38 -3.4e+38 -3.4e+38 -3.4e+38 -3.4e+38 -3.4e+38 -3.4e+38 -3.4e+38 -3.4e+38 -3.4e+38 -3.4e+38
222 230 227 235 228 224 226 228 229 227 227 233 232 233 242 244 244 248 250 251 251 252 253 256 255 252 254 255 255 256 257 255 256 257 257 255 251 253 256 262 261 257 256 260 263 265 270 268 267 267 269 273 273 272 273 273 281 279 281 281 279 281 282 282 281 282 282 280 281 280 280 280 282 282 283 283 283 -3.4e+38 -3.4e+38 -3.4e+38 -3.4e+38 -3.4e+38 -3.4e+38 -3.4e+38 -3.4e+38 -3.4e+38 -3.4e+38 -3.4e+38
224 223 228 236 228 224 227 228 230 230 230 234 233 236 235 244 245 243 246 247 250 250 251 253 252 251 254 254 254 255 257 257 256 257 257 255 252 254 253 257 257 258 258 260 264 267 271 269 267 270 268 273 273 274 274 275 280 278 281 280 279 281 282 280 281 280 281 280 281 281 282 281 282 282 282 283 282 -3.4e+38 -3.4e+38 -3.4e+38 -3.4e+38 -3.4e+38 -3.4e+38 -3.4e+38 -3.4e+38 -3.4e+38 -3.4e+38 -3.4e+38
225 223 222 233 227 224 224 229 230 232 232 236 244 237 242 244 242 245 243 247 247 248 251 253 254 253 253 254 254 256 260 259 256 259 256 255 252 254 255 256 257 258 259 260 264 267 271 266 267 268 272 272 271 273 274 280 280 279 281 280 282 282 282 281 278 280 281 281 282 281 282 282 281 282 283 282 283 283 -3.4e+38 -3.4e+38 -3.4e+38 -3.4e+38 -3.4e+38 -3.4e+38 -3.4e+38 -3.4e+38 -3.4e+38 -3.4e+38
218 227 223 228 228 226 228 228 229 231 228 232 235 233 236 236 239 243 243 237 245 248 253 255 258 255 256 259 256 256 260 259 257 257 257 251 251 257 254 256 256 258 261 264 264 270 271 265 266 266 272 273 273 273 279 280 279 278 281 281 281 281 281 280 280 279 281 280 281 282 282 281 282 281 283 282 283 282 -3.4e+38 -3.4e+38 -3.4e+38 -3.4e+38 -3.4e+38 -3.4e+38 -3.4e+38 -3.4e+38 -3.4e+38 -3.4e+38
216 221 228 225 225 223 226 228 230 229 231 233 237 238 237 238 238 237 237 237 246 252 253 256 255 256 254 256 257 258 258 260 259 258 255 252 254 252 254 256 258 259 262 262 263 264 269 265 266 268 272 271 272 277 279 280 277 280 279 280 281 280 281 281 280 281 281 280 280 282 282 281 281 281 283 282 282 282 -3.4e+38 -3.4e+38 -3.4e+38 -3.4e+38 -3.4e+38 -3.4e+38 -3.4e+38 -3.4e+38 -3.4e+38 -3.4e+38
222 221 223 223 224 224 225 226 229 229 228 232 238 238 238 237 236 236 237 236 248 252 255 253 253 254 254 256 255 255 256 259 260 259 250 251 249 251 253 256 256 262 259 262 265 270 270 265 269 269 271 272 272 277 280 280 279 279 278 280 281 280 281 279 279 280 280 281 280 282 281 281 281 282 282 281 281 281 282 -3.4e+38 -3.4e+38 -3.4e+38 -3.4e+38 -3.4e+38 -3.4e+38 -3.4e+38 -3.4e+38 -3.4e+38
221 223 228 224 225 226 224 227 227 229 228 233 239 237 235 235 233 239 239 241 252 248 249 251 252 252 251 254 254 254 255 256 256 255 250 247 251 250 254 255 259 260 260 262 266 269 271 267 266 271 270 272 278 278 280 280 279 279 279 279 279 280 281 279 280 279 281 281 281 281 280 281 281 282 281 281 281 281 283 -3.4e+38 -3.4e+38 -3.4e+38 -3.4e+38 -3.4e+38 -3.4e+38 -3.4e+38 -3.4e+38 -3.4e+38
221 226 223 226 227 227 230 232 229 231 230 229 231 237 237 234 235 236 241 240 241 243 242 244 249 251 252 254 254 250 250 252 253 260 250 246 249 252 254 256 257 260 259 265 268 267 270 266 266 268 271 274 277 279 279 280 280 279 278 279 280 280 281 281 281 281 280 280 281 281 280 280 280 281 281 281 282 282 282 -3.4e+38 -3.4e+38 -3.4e+38 -3.4e+38 -3.4e+38 -3.4e+38 -3.4e+38 -3.4e+38 -3.4e+38
216 221 224 227 227 228 229 229 231 235 234 233 233 237 238 239 236 238 240 237 238 240 243 242 246 247 249 250 250 251 252 253 255 251 250 246 248 251 252 255 258 261 258 263 262 264 269 272 268 270 271 275 279 279 279 279 279 278 278 278 280 280 281 281 281 280 281 281 281 279 280 280 281 281 281 281 281 282 282 282 -3.4e+38 -3.4e+38 -3.4e+38 -3.4e+38 -3.4e+38 -3.4e+38 -3.4e+38 -3.4e+38
212 213 220 225 223 226 227 230 231 232 235 237 238 237 240 240 238 238 237 236 238 239 243 246 247 248 248 249 249 252 255 254 256 254 249 246 249 252 252 251 254 258 260 255 260 264 264 263 271 273 272 277 278 279 278 279 279 279 277 278 279 280 281 281 281 281 281 281 280 280 280 280 281 281 280 282 282 282 282 282 -3.4e+38 -3.4e+38 -3.4e+38 -3.4e+38 -3.4e+38 -3.4e+38 -3.4e+38 -3.4e+38
210 215 219 221 226 225 225 228 231 232 235 233 234 238 238 238 240 236 237 237 238 239 244 246 247 246 247 249 250 249 252 259 261 249 248 248 248 249 249 249 256 259 261 253 257 259 265 266 272 271 274 276 278 277 278 274 275 276 276 278 280 281 281 280 282 282 281 281 280 281 281 280 280 281 281 281 282 283 282 283 -3.4e+38 -3.4e+38 -3.4e+38 -3.4e+38 -3.4e+38 -3.4e+38 -3.4e+38 -3.4e+38
221 222 221 227 227 224 229 229 227 235 232 232 233 235 237 238 240 236 237 239 238 239 242 243 247 246 246 251 253 252 255 260 257 249 247 248 247 248 250 255 256 258 252 243 245 256 264 264 269 271 273 277 278 277 278 274 275 276 277 278 281 281 280 281 282 281 281 281 281 282 281 281 279 280 281 281 282 282 282 282 -3.4e+38 -3.4e+38 -3.4e+38 -3.4e+38 -3.4e+38 -3.4e+38 -3.4e+38 -3.4e+38
223 223 223 224 225 227 225 226 224 225 233 229 234 233 237 239 240 240 236 238 238 238 240 240 243 245 247 250 250 253 258 259 258 249 246 248 249 249 253 256 255 250 249 241 250 262 268 264 269 272 274 277 277 278 274 274 276 276 279 280 279 280 280 281 282 282 282 281 280 281 282 281 280 281 281 281 282 282 282 283 283 -3.4e+38 -3.4e+38 -3.4e+38 -3.4e+38 -3.4e+38 -3.4e+38 -3.4e+38
218 218 220 224 223 228 227 224 224 225 229 229 231 235 238 239 237 242 240 239 239 239 240 242 246 247 247 248 249 253 258 261 261 246 246 248 249 249 248 256 254 248 249 251 262 265 267 269 270 273 275 278 278 274 272 275 276 278 279 280 278 280 280 281 282 282 282 281 281 282 282 281 281 281 281 282 282 282 282 283 283 -3.4e+38 -3.4e+38 -3.4e+38 -3.4e+38 -3.4e+38 -3.4e+38 -3.4e+38
219 220 222 223 226 224 228 223 224 225 226 233 234 238 242 240 240 242 242 239 243 243 241 243 248 251 251 249 252 255 256 261 262 246 246 247 252 249 249 253 254 251 253 255 261 267 268 269 272 274 278 277 275 273 274 275 278 279 280 280 278 280 281 281 281 282 282 281 282 282 282 282 281 282 281 281 282 282 282 282 282 -3.4e+38 -3.4e+38 -3.4e+38 -3.4e+38 -3.4e+38 -3.4e+38 -3.4e+38
220 219 222 221 220 228 227 225 225 224 231 235 233 237 239 242 239 240 242 241 242 242 243 244 247 251 252 249 253 258 260 260 260 247 246 242 253 252 253 255 256 259 256 262 264 269 268 272 273 278 277 277 273 273 275 276 278 280 280 281 281 280 280 280 281 281 282 282 281 282 281 282 282 282 281 282 282 282 282 282 283 283 -3.4e+38 -3.4e+38 -3.4e+38 -3.4e+38 -3.4e+38 -3.4e+38
218 219 219 220 222 228 228 226 225 226 227 231 230 233 233 236 243 243 243 239 241 243 244 247 245 245 250 249 253 254 255 261 260 246 246 247 248 252 255 256 250 259 261 259 266 269 270 271 273 275 275 275 273 273 276 276 278 278 280 281 281 281 280 280 280 281 281 282 281 281 281 280 282 282 282 281 282 282 282 283 283 283 -3.4e+38 -3.4e+38 -3.4e+38 -3.4e+38 -3.4e+38 -3.4e+38
217 220 222 222 222 229 228 228 226 226 225 228 229 233 233 233 237 242 239 237 240 240 241 244 246 247 248 248 253 255 258 263 263 247 247 251 249 252 258 256 255 260 262 263 267 268 270 271 274 272 271 272 272 274 275 277 277 279 278 278 281 281 281 281 280 281 282 281 282 281 281 281 282 282 282 281 281 282 282 282 283 283 -3.4e+38 -3.4e+38 -3.4e+38 -3.4e+38 -3.4e+38 -3.4e+38
220 222 221 222 223 225 229 228 228 226 225 229 229 231 233 235 237 239 233 237 238 240 244 245 245 248 248 248 249 254 256 258 259 248 252 252 252 252 258 258 255 253 259 263 268 270 272 274 272 272 273 271 273 273 275 277 277 279 278 279 281 282 282 282 281 282 281 282 281 281 281 281 282 282 282 281 279 282 282 282 282 282 282 -3.4e+38 -3.4e+38 -3.4e+38 -3.4e+38 -3.4e+38
219 220 223 226 228 224 225 227 225 225 226 230 232 232 233 232 235 232 234 237 237 239 241 241 243 249 251 250 253 254 256 260 259 250 249 250 255 255 256 259 256 253 257 267 269 269 269 275 274 272 271 271 272 274 276 278 278 279 279 279 281 282 282 282 282 282 282 282 282 281 281 281 282 282 282 281 281 282 281 281 281 281 282 -3.4e+38 -3.4e+38 -3.4e+38 -3.4e+38 -3.4e+38
219 219 225 227 220 224 227 225 225 225 226 229 235 237 236 235 235 234 234 236 236 238 240 240 240 248 248 249 254 258 257 260 260 249 248 248 253 255 257 260 252 253 261 269 268 271 275 275 274 271 272 273 274 275 277 278 278 278 280 280 281 282 281 282 282 281 281 283 281 281 281 281 281 282 282 281 281 281 282 279 282 282 282 -3.4e+38 -3.4e+38 -3.4e+38 -3.4e+38 -3.4e+38
219 220 223 221 220 220 225 225 227 225 226 228 234 235 237 238 238 235 235 237 238 240 242 240 241 246 248 248 253 260 261 261 259 251 252 254 254 257 260 261 260 262 267 267 268 272 274 268 273 277 274 275 275 277 279 278 278 279 280 280 280 281 280 282 282 282 282 283 281 281 281 281 282 282 282 282 282 282 282 281 282 282 282 282 -3.4e+38 -3.4e+38 -3.4e+38 -3.4e+38
224 223 222 221 220 222 227 225 225 228 226 230 232 233 234 237 237 239 236 236 237 240 240 243 242 249 249 250 254 262 262 261 260 252 256 254 256 257 260 262 262 266 265 268 271 276 269 269 272 272 274 275 276 277 279 279 279 278 279 280 279 280 281 282 282 282 283 281 281 281 281 281 282 282 282 281 282 281 281 282 282 283 282 282 -3.4e+38 -3.4e+38 -3.4e+38 -3.4e+38
221 223 222 223 222 224 227 225 229 229 229 231 233 237 237 239 241 241 243 240 238 239 243 247 246 248 248 249 249 250 258 261 265 256 261 254 254 257 258 264 266 267 267 267 276 275 267 270 271 273 275 276 277 278 278 280 279 280 280 280 280 280 280 282 282 282 281 281 281 281 281 281 281 281 281 282 282 281 282 282 282 282 282 283 -3.4e+38 -3.4e+38 -3.4e+38 -3.4e+38
222 221 222 223 220 225 224 226 228 229 233 232 237 236 235 237 237 239 240 240 241 244 245 245 247 251 249 249 253 255 256 258 265 262 264 260 262 262 264 268 263 265 267 276 274 267 267 270 272 275 275 276 278 280 279 279 279 279 281 280 280 279 281 280 282 282 281 281 281 281 281 280 281 281 281 281 282 282 282 282 282 282 282 283 -3.4e+38 -3.4e+38 -3.4e+38 -3.4e+38
224 222 223 225 222 224 224 228 229 230 226 228 234 234 232 235 236 237 236 236 237 239 237 243 244 246 252 252 251 258 259 263 266 257 258 254 259 257 263 267 263 269 274 272 267 265 265 270 272 275 275 277 280 280 279 279 278 278 280 280 279 280 281 281 281 282 282 281 281 281 281 281 281 281 281 282 282 282 282 282 282 282 282 283 282 -3.4e+38 -3.4e+38 -3.4e+38
223 223 226 227 228 226 229 229 228 227 226 228 231 233 233 234 234 237 238 236 237 241 240 248 247 250 254 255 255 252 255 261 263 256 258 259 259 264 264 263 264 275 271 265 266 265 269 269 272 275 276 277 279 279 279 280 278 279 280 280 281 280 281 281 279 281 281 282 281 281 280 281 281 281 281 281 281 282 282 282 282 281 282 282 282 -3.4e+38 -3.4e+38 -3.4e+38
217 220 226 226 225 225 225 228 227 227 226 227 229 232 237 236 233 240 240 237 237 240 247 248 243 249 253 255 250 253 253 262 263 255 260 261 261 263 264 267 273 269 264 266 264 266 268 270 274 276 277 279 279 280 280 279 278 281 280 280 280 280 280 279 280 281 281 281 281 281 281 281 281 281 280 281 281 281 281 282 282 281 282 282 280 -3.4e+38 -3.4e+38 -3.4e+38
218 219 221 224 224 223 224 228 227 226 226 228 230 232 234 238 241 243 239 240 237 241 248 245 242 244 250 251 251 253 257 258 261 256 258 261 262 266 269 273 269 260 262 265 267 266 270 274 274 275 276 279 279 280 280 279 280 280 280 280 281 280 280 280 279 280 281 281 280 281 281 281 281 279 279 280 281 281 281 282 282 282 282 282 281 280 -3.4e+38 -3.4e+38
220 219 218 222 221 217 223 226 228 229 230 223 226 235 239 238 239 237 239 242 240 243 241 240 245 245 249 255 252 253 257 265 256 257 258 259 261 263 269 273 261 261 265 267 265 267 268 273 274 276 279 279 279 279 280 279 280 280 280 281 281 279 279 280 280 281 281 281 281 281 281 281 281 279 279 280 281 281 281 282 282 282 281 281 280 280 -3.4e+38 -3.4e+38
