data/layers/bio9.asc
NCOLS 507 
NROWS 956 
XLLCORNER -77.7833333333333 
YLLCORNER 0 
CELLSIZE 0.00833333333333335 
NODATA_value -3.4e+38 
[rows 585 to 623 of 956, columns 176 to 263 of 507]
210 199 198 195 183 181 186 183 179 188 196 199 177 174 173 164 151 137 112 91 74 72 50 53 54 46 53 57 50 63 67 67 65 76 101 87 78 86 69 75 89 70 65 71 91 109 97 115 129 131 132 124 109 113 126 114 103 114 132 148 131 112 92 117 128 154 153 150 137 153 169 172 189 180 190 204 213 206 201 181 171 157 169 171 165 173 173 166
206 206 195 186 175 173 178 164 169 173 181 191 175 159 161 145 136 119 112 87 54 48 61 56 50 43 57 59 51 54 58 70 63 82 77 89 97 89 77 99 81 69 74 86 102 123 129 129 131 134 146 131 117 125 139 124 123 131 142 156 130 109 102 118 139 161 164 148 134 158 183 184 187 193 203 210 207 199 188 177 159 161 168 160 165 164 156 157
214 211 194 185 161 164 171 175 176 183 177 174 177 161 137 126 122 108 82 82 69 54 45 46 41 48 62 49 58 56 58 56 82 75 64 73 80 104 103 109 111 115 105 113 131 121 111 109 115 118 130 150 140 133 145 130 124 150 153 160 129 119 133 137 159 175 167 141 143 150 181 194 192 212 203 199 195 185 177 165 155 160 159 153 154 152 137 153
220 199 190 180 162 177 174 189 181 191 181 168 166 148 136 129 112 102 104 90 77 59 50 42 55 57 69 57 65 50 68 73 68 68 67 77 88 83 85 95 88 99 108 107 104 105 96 99 110 107 130 144 148 153 162 155 152 165 172 159 141 149 164 154 166 180 162 164 161 174 184 209 204 188 186 197 189 172 139 154 148 158 153 150 145 140 134 145
215 202 194 168 176 186 182 197 197 198 189 175 172 172 157 140 126 122 100 90 81 64 51 55 64 69 74 72 62 55 65 61 58 66 65 66 80 71 76 79 68 88 87 77 70 93 86 81 81 100 118 133 132 124 140 163 162 177 172 175 147 161 175 164 169 185 177 193 175 190 196 196 193 179 184 194 193 183 148 143 153 154 149 143 139 128 134 134
222 212 189 180 190 195 192 184 196 199 193 189 177 172 149 128 129 119 98 85 77 70 53 59 75 57 44 50 50 49 53 48 54 57 65 77 74 67 76 63 75 84 76 69 77 78 78 81 77 96 119 131 112 108 138 148 154 158 162 165 158 178 189 188 188 190 193 202 188 200 197 175 167 169 182 191 176 174 148 143 155 153 142 138 130 117 127 142
224 221 200 190 198 197 201 199 208 199 188 172 168 147 143 114 108 110 100 90 101 79 67 85 77 66 58 56 45 52 51 48 43 50 59 77 77 49 76 70 74 66 76 73 74 75 71 75 75 79 104 100 96 117 122 128 146 165 176 177 187 177 164 170 178 181 157 172 189 199 187 160 152 163 167 181 164 157 146 147 150 145 141 132 116 114 124 139
216 219 201 200 203 205 212 206 202 198 174 167 157 137 121 118 135 121 107 120 106 82 90 82 69 50 48 50 44 63 50 64 55 57 63 78 51 51 73 63 69 63 75 67 61 69 65 69 80 89 83 78 93 108 123 136 166 171 162 174 171 151 145 167 161 144 152 179 190 184 180 163 156 136 150 159 163 138 139 146 147 141 134 124 116 124 135 146
207 225 218 213 215 208 215 201 203 201 189 190 187 163 137 144 164 131 135 129 114 99 99 87 77 62 58 45 51 67 67 67 59 51 75 79 63 49 55 57 64 67 67 74 72 80 72 77 87 94 87 106 104 127 133 156 163 155 177 165 166 152 133 149 148 149 161 185 180 165 155 154 148 139 129 149 163 130 139 146 142 137 131 118 120 126 134 139
199 224 215 212 215 213 203 205 200 187 173 183 188 176 164 177 168 150 152 141 135 117 113 99 99 75 54 47 63 73 56 52 47 46 57 54 41 49 66 73 77 85 85 97 100 92 86 96 107 109 101 111 135 156 143 153 149 165 174 142 155 146 123 128 152 183 178 178 170 140 136 149 139 132 127 137 146 124 130 147 143 138 124 122 137 141 122 132
211 219 209 206 202 213 212 199 196 183 159 160 161 180 184 145 163 146 128 116 121 125 111 83 66 53 53 50 69 58 48 55 57 56 51 43 42 61 80 85 82 77 74 72 90 89 103 99 108 116 123 121 140 132 135 138 154 156 157 128 122 149 127 131 155 173 163 162 160 144 135 144 138 124 120 120 121 127 134 143 140 136 124 129 146 150 134 134
217 213 208 199 188 207 212 199 186 182 172 151 147 174 149 133 146 153 126 99 87 99 109 89 73 59 61 52 72 64 66 60 70 69 58 53 68 81 78 69 68 52 64 80 73 83 77 81 96 99 102 124 131 133 136 149 158 140 148 124 114 136 116 130 152 170 159 154 139 134 130 145 133 124 107 115 127 135 133 144 138 134 130 145 160 163 152 145
215 207 196 182 193 209 198 193 186 163 161 139 136 163 149 121 131 153 132 114 94 80 87 90 76 60 64 54 77 73 74 78 64 57 50 52 65 70 67 60 67 56 65 67 69 72 72 79 75 90 100 111 130 135 146 144 126 117 141 125 105 116 114 130 156 166 151 145 111 125 139 129 131 119 110 117 126 134 138 142 140 131 147 160 170 177 166 143
211 212 191 176 196 205 197 186 165 158 134 124 127 150 141 112 116 132 140 119 105 77 74 70 72 65 79 84 75 59 47 51 45 47 48 48 55 60 64 61 74 59 69 82 86 87 81 79 85 98 111 116 134 123 137 121 121 115 123 120 101 114 129 143 143 168 156 133 121 126 131 119 121 116 107 117 127 133 139 141 137 141 152 168 178 187 174 164
203 211 191 172 187 200 196 189 176 161 141 122 111 118 134 106 98 112 127 101 85 68 65 66 64 74 82 78 65 59 55 42 28 25 27 32 62 65 70 63 69 63 66 75 79 81 92 97 106 113 112 126 133 120 124 118 107 112 121 114 102 113 124 133 151 163 151 130 119 117 130 118 111 102 108 116 142 142 153 146 152 150 159 167 176 189 186 172
204 208 198 177 183 200 189 173 167 150 134 124 106 101 111 113 99 98 105 113 102 75 65 62 66 73 88 88 71 62 60 59 51 35 27 34 54 65 74 63 66 83 67 69 73 74 78 93 107 116 123 122 113 112 117 109 103 115 118 108 98 105 116 133 154 154 150 136 111 117 109 103 101 119 131 147 157 158 161 155 163 168 162 168 176 189 201 190
209 204 193 179 193 199 194 178 164 160 147 143 122 109 91 96 98 87 84 96 81 92 77 71 65 75 95 92 79 77 76 60 41 26 16 28 44 57 74 85 68 82 83 81 81 84 93 104 110 125 120 106 99 101 115 106 96 104 112 97 105 109 125 142 156 143 136 130 107 103 98 111 105 104 125 153 161 171 175 174 177 181 180 188 188 189 197 207
212 193 180 188 197 192 187 191 185 177 167 155 122 106 104 79 77 79 66 74 68 86 79 71 67 69 89 104 108 88 62 48 24 10 0 11 32 48 63 100 79 73 79 94 88 99 106 110 113 118 108 89 88 101 103 95 82 95 106 96 110 117 116 144 146 133 115 116 113 111 113 116 110 115 133 161 166 161 167 184 193 190 196 202 200 201 206 214
202 180 179 192 192 184 176 171 175 184 170 149 130 115 98 78 69 62 60 70 65 81 72 73 72 79 86 92 110 93 63 43 27 8 -19 -1 28 51 69 88 104 82 74 74 81 93 99 97 100 104 105 79 76 84 88 79 73 95 104 96 109 126 136 146 132 114 106 114 116 118 130 120 123 120 147 166 145 137 154 160 173 178 199 199 202 200 204 211
197 182 183 190 184 175 163 153 154 172 171 145 124 118 114 97 79 73 73 63 65 76 79 70 74 80 76 90 115 85 64 39 27 11 -16 1 26 47 63 91 104 95 78 75 82 86 87 94 95 99 92 82 75 76 83 73 78 90 95 106 114 136 131 124 127 109 107 110 109 105 125 133 133 151 154 158 146 149 158 172 181 186 195 182 187 193 208 204
200 191 185 186 179 173 162 138 135 151 171 159 147 144 125 111 95 79 72 69 68 72 76 71 73 77 79 92 118 95 68 33 19 0 -22 -2 31 49 71 84 114 108 88 77 75 76 83 90 85 83 80 70 76 70 76 75 85 78 94 110 120 129 111 105 105 103 100 107 102 107 118 123 119 131 147 149 138 144 149 165 172 185 193 182 188 200 200 192
196 187 174 182 173 152 144 141 119 128 141 166 148 143 129 120 101 81 84 75 69 69 70 68 81 82 89 107 130 86 64 44 24 11 -4 13 35 50 66 82 110 104 75 70 93 87 87 85 79 67 79 70 70 69 73 82 87 73 96 112 119 119 107 99 79 82 86 98 101 102 111 110 110 127 148 126 126 140 145 157 169 188 183 175 183 202 186 177
187 176 162 176 167 160 146 123 109 129 144 135 124 124 125 111 97 86 85 68 73 81 80 86 93 101 109 124 114 83 73 52 36 19 -2 17 45 76 82 93 110 108 91 101 98 99 101 89 74 72 69 71 66 75 72 75 73 76 91 110 110 104 101 84 83 82 97 102 110 103 100 105 121 136 130 119 123 136 150 165 175 184 184 184 195 188 179 163
172 158 163 171 157 144 135 129 107 125 144 117 97 111 110 105 85 81 78 70 76 81 87 91 87 85 100 136 121 98 75 74 51 25 15 26 41 76 97 106 114 129 124 118 108 109 93 81 74 67 67 67 72 75 83 81 77 77 95 110 95 77 76 77 93 100 106 110 115 114 106 116 125 133 119 119 135 145 159 172 175 182 181 185 185 175 172 161
167 152 163 164 152 146 128 111 88 111 120 110 86 80 83 79 77 73 71 68 71 79 79 76 83 81 99 131 122 95 95 84 51 42 42 45 60 84 95 103 126 124 139 119 114 105 88 82 67 70 67 73 68 70 78 82 89 84 101 91 80 76 86 90 98 107 114 121 118 122 117 111 117 133 109 114 143 153 165 160 176 178 171 173 177 170 162 163
158 138 160 156 152 135 116 106 89 99 116 102 83 69 70 68 70 70 69 71 70 72 74 79 83 93 91 119 147 108 114 93 65 66 60 73 92 91 116 112 117 142 136 105 116 106 97 80 69 68 69 79 74 72 73 79 84 86 87 85 83 85 87 90 101 108 112 119 126 117 127 113 109 118 118 109 140 144 151 161 169 175 165 156 169 184 183 180
153 151 154 146 148 133 115 101 80 83 70 85 81 70 75 71 74 71 81 82 71 70 75 76 81 99 111 155 145 143 118 95 86 78 77 83 93 106 118 131 142 154 137 121 127 119 106 83 77 72 70 77 85 78 73 76 78 84 80 84 88 93 100 106 113 119 127 127 132 131 131 111 104 115 108 117 133 136 150 167 171 168 163 162 172 184 191 198
164 165 156 134 122 119 120 101 70 68 71 77 79 71 84 79 76 84 85 71 79 72 88 84 80 83 98 132 148 138 120 108 99 96 95 97 97 101 118 121 138 154 139 130 139 130 115 97 81 75 73 68 67 92 78 82 93 91 82 89 92 92 104 106 117 124 108 123 132 138 121 116 112 110 100 115 128 148 142 161 160 158 153 149 164 168 176 191
177 169 155 137 120 100 95 89 73 76 71 72 76 73 81 89 89 88 82 76 79 76 94 95 86 83 107 134 160 139 141 122 112 111 113 112 111 117 123 123 126 160 143 144 146 125 103 85 70 73 70 73 80 85 95 78 110 83 93 93 92 100 98 108 112 112 103 117 129 136 121 123 121 119 98 109 118 130 149 159 149 146 131 125 136 142 157 174
178 166 148 129 103 89 78 75 70 80 79 67 84 77 80 95 88 80 79 76 90 79 79 83 95 101 119 149 161 156 143 133 116 136 127 120 121 119 123 126 114 130 164 161 148 121 102 82 74 74 72 78 75 76 95 111 112 107 111 106 99 91 90 98 107 109 106 115 138 133 126 135 129 117 99 102 110 118 139 151 144 131 112 114 118 118 128 147
161 166 155 138 115 92 77 72 75 82 75 72 72 86 88 96 85 87 84 77 95 99 85 88 114 123 139 138 150 161 164 147 122 143 126 128 128 128 129 112 116 125 154 166 158 135 117 100 90 78 68 78 83 86 107 110 109 118 126 121 117 109 108 108 120 108 110 127 141 148 151 143 127 109 95 95 107 118 128 144 133 112 110 136 139 145 136 155
158 142 129 123 112 86 70 72 77 86 78 73 78 90 100 93 91 83 76 83 82 102 91 85 108 121 120 121 121 130 162 151 142 155 149 139 136 127 115 112 126 134 155 169 162 144 127 109 83 72 71 79 85 83 83 97 90 93 110 134 132 119 119 125 121 107 102 111 135 152 144 139 126 113 105 101 103 111 134 137 125 99 106 132 158 168 153 171
161 144 121 111 97 79 76 69 83 90 89 79 80 84 100 89 79 78 78 88 91 102 102 91 123 140 132 122 132 141 174 169 160 153 151 145 128 118 96 121 136 143 144 170 145 132 124 102 90 82 74 71 79 81 88 91 81 94 112 114 140 142 135 121 107 107 112 119 132 150 158 138 139 126 119 109 121 126 133 127 116 108 126 136 152 176 172 184
144 143 138 119 109 88 79 82 91 92 86 78 79 85 101 94 80 85 84 85 84 93 113 127 144 150 134 136 131 147 171 175 165 161 152 135 129 108 107 118 134 155 166 170 156 143 122 113 85 75 71 66 78 79 88 83 83 101 119 126 135 147 125 108 100 102 114 132 146 159 158 147 142 133 131 116 132 138 138 138 138 131 144 150 167 183 187 196
141 127 120 113 93 74 79 90 100 86 82 74 87 96 111 85 86 86 72 80 90 94 100 115 129 144 160 154 157 164 173 173 168 157 154 133 116 102 111 125 135 156 177 162 155 137 123 105 84 77 73 75 86 85 82 89 104 113 130 128 144 151 129 115 101 110 110 127 150 160 154 148 143 132 111 124 129 137 148 150 152 146 157 163 178 173 189 203
157 125 110 98 87 72 82 93 100 91 95 92 98 107 107 89 94 93 93 80 92 90 96 118 133 133 141 168 173 167 173 176 168 154 146 127 119 113 123 141 154 161 179 169 156 140 125 110 94 79 80 81 90 93 84 91 108 123 133 144 148 148 125 130 105 121 128 126 138 149 162 156 144 127 114 122 121 141 152 158 162 163 170 177 186 186 178 189
139 132 118 98 68 76 88 96 101 102 107 103 108 108 115 105 107 92 93 90 82 96 103 102 110 135 148 159 159 177 174 181 162 145 160 137 138 129 124 134 140 158 183 173 161 143 131 114 102 80 84 94 102 99 81 92 115 139 132 146 153 145 135 143 119 120 138 146 150 166 168 153 142 135 135 133 136 137 145 155 163 169 159 178 193 203 182 197
136 113 107 86 79 82 91 94 102 98 90 93 94 101 100 106 114 114 109 103 97 103 110 104 115 126 144 135 159 175 181 183 174 172 161 145 131 124 116 126 140 160 181 164 147 132 123 112 99 97 97 106 101 93 81 99 112 121 146 154 161 141 143 147 143 123 153 155 161 167 158 142 136 130 145 149 147 135 139 147 159 174 164 185 187 200 198 200
125 101 95 91 93 95 97 100 97 78 86 104 98 101 110 114 113 109 114 116 97 112 117 116 111 118 119 138 168 164 169 185 181 174 161 140 116 112 126 143 152 167 187 173 161 141 113 108 112 110 110 121 109 100 79 100 117 132 132 151 158 170 155 166 156 132 127 157 171 173 146 136 146 135 155 156 148 134 137 147 157 163 185 179 197 202 212 212
