data/layers/bio9.asc
NCOLS 507 
NROWS 956 
XLLCORNER -77.7833333333333 
YLLCORNER 0 
CELLSIZE 0.00833333333333335 
NODATA_value -3.4e+38 
[rows 234 to 272 of 956, columns 264 to 351 of 507]
138 126 135 136 143 138 147 152 158 166 162 160 160 159 158 160 165 166 166 166 165 163 160 159 143 146 146 146 147 147 147 144 136 131 141 147 152 152 155 157 160 173 171 163 159 169 172 173 190 204 215 216 223 218 215 210 225 226 238 240 246 245 240 232 223 213 220 216 208 215 226 232 234 236 246 249 239 267 253 251 245 244 240 238 239 239 245 246
149 134 147 139 150 148 147 154 162 171 167 159 160 157 151 155 161 163 165 164 161 136 149 152 145 146 147 147 148 147 146 144 134 135 138 145 150 150 152 155 157 155 156 161 171 172 182 193 200 205 219 227 238 224 216 210 220 225 234 238 240 247 241 233 227 218 224 231 221 218 225 232 237 227 238 257 256 260 243 244 246 246 239 238 240 240 250 252
161 151 148 156 162 161 158 165 172 168 162 158 158 151 148 146 155 160 160 160 155 141 141 139 145 146 146 147 146 147 146 145 134 135 137 144 142 149 153 157 154 152 154 163 179 193 208 213 221 208 237 232 228 236 226 215 216 211 222 226 237 248 245 242 232 222 225 229 232 231 232 238 240 227 238 240 259 261 246 241 240 242 239 238 240 240 251 248
167 172 161 157 155 167 167 174 179 161 156 158 158 154 150 148 150 156 154 153 138 140 144 140 145 147 147 148 146 149 146 144 134 134 137 137 141 151 153 155 152 153 159 172 199 228 225 226 230 235 232 215 219 231 236 232 236 219 214 218 230 245 241 240 239 226 229 222 227 236 237 233 240 239 233 237 250 265 263 247 239 241 238 240 240 245 247 255
165 173 174 171 165 168 165 174 180 170 169 163 154 157 154 155 154 151 147 144 143 147 146 143 146 148 148 148 149 149 148 147 144 134 130 130 141 146 154 154 152 155 163 174 201 219 228 231 217 217 223 202 208 217 227 235 233 225 217 220 235 241 246 240 242 241 231 222 227 235 237 239 243 247 241 252 250 251 250 250 239 241 238 239 242 243 249 258
175 170 172 177 178 179 172 182 188 182 166 168 163 158 152 149 147 150 146 141 144 148 148 145 147 147 148 147 147 147 149 148 147 139 134 134 140 145 151 152 150 160 165 189 203 217 232 201 194 209 211 179 192 212 220 237 240 223 207 218 228 231 247 251 254 253 243 236 217 229 230 233 239 244 255 240 241 266 258 243 244 237 238 240 242 253 256 253
190 182 176 173 170 175 184 185 188 178 167 163 166 166 156 150 142 151 147 147 148 155 145 144 146 148 147 146 146 146 146 147 147 144 131 137 142 151 151 149 151 166 191 207 222 227 216 176 173 191 189 173 189 197 230 238 238 222 208 205 219 223 236 247 252 245 243 235 225 215 218 224 229 234 236 239 244 260 246 243 239 237 239 244 244 248 249 247
188 198 195 180 185 171 170 180 185 191 177 164 178 190 165 159 151 153 150 150 153 158 147 139 145 147 146 148 147 144 143 143 148 146 139 137 142 145 151 151 157 173 201 217 224 215 171 169 169 204 204 207 213 214 226 233 237 226 212 203 217 230 233 236 243 247 232 238 232 216 219 215 208 224 235 253 258 243 240 238 244 239 243 243 247 249 246 246
186 195 208 203 191 185 155 156 179 191 187 185 199 203 187 167 158 155 159 152 156 162 155 149 144 143 147 150 150 145 146 148 147 146 145 137 143 147 148 155 167 176 183 212 213 174 170 172 191 212 231 212 225 231 235 235 246 232 223 231 228 221 228 232 234 250 254 247 235 231 223 210 212 235 249 251 245 246 241 238 244 241 241 243 245 248 246 257
179 191 209 202 200 184 172 155 164 186 196 207 215 200 186 183 172 167 169 163 162 164 160 155 149 143 150 150 148 151 150 143 146 147 145 133 142 143 150 158 175 202 207 216 212 197 175 190 208 211 234 226 238 246 248 249 251 242 235 240 231 224 237 245 245 258 246 248 249 243 229 220 218 235 255 249 241 243 243 238 240 239 237 238 246 250 246 259
177 180 203 216 207 195 188 166 160 177 178 197 217 203 182 174 172 164 157 153 156 159 158 155 149 152 154 151 154 151 147 146 147 148 147 146 141 145 152 172 174 213 201 207 187 170 174 196 211 224 237 243 242 243 236 230 239 243 251 252 237 229 232 253 247 249 258 255 256 249 246 234 237 248 265 261 247 239 239 238 236 237 238 240 247 245 248 263
177 187 200 221 216 206 180 162 154 168 181 190 215 217 193 168 174 165 157 157 153 153 153 156 155 154 152 146 148 147 149 151 150 151 144 150 158 156 158 172 186 203 185 192 175 169 180 202 218 221 241 229 233 232 230 218 225 233 236 249 243 240 242 253 239 241 238 255 247 264 256 248 249 255 249 261 248 236 238 237 235 238 239 243 244 246 258 266
183 185 198 220 221 199 182 179 164 178 193 207 222 219 188 177 169 169 165 158 157 153 151 154 152 149 147 147 147 150 152 152 146 140 135 145 159 166 170 175 196 201 167 180 182 179 187 209 221 232 226 219 228 228 222 223 237 249 253 253 253 253 244 252 230 234 253 246 236 238 253 255 257 251 261 253 240 239 240 237 234 240 243 245 244 244 265 269
189 185 204 219 224 217 204 188 168 188 205 226 220 216 208 175 166 167 165 166 162 158 148 143 148 140 141 147 150 152 152 150 145 142 140 133 155 166 163 181 189 164 168 173 184 183 201 223 227 237 223 220 230 232 235 236 241 239 235 245 239 240 238 251 248 230 250 239 236 235 242 240 250 255 260 246 238 241 239 236 235 239 242 244 245 249 261 271
186 185 201 218 229 219 195 184 179 182 210 228 204 191 202 176 161 165 161 163 161 159 159 148 141 138 144 143 151 153 152 150 148 146 139 137 151 159 162 170 186 169 175 181 183 196 214 225 231 222 224 218 228 232 226 232 235 221 224 230 229 228 228 246 249 235 244 233 227 230 230 237 261 251 246 242 239 240 238 237 234 242 244 246 244 254 265 267
203 186 212 221 232 221 209 189 201 193 221 231 206 184 179 183 159 158 159 150 150 150 155 161 146 150 150 153 156 152 147 150 150 148 143 141 152 157 153 164 182 170 174 179 182 198 214 224 219 202 208 212 227 219 219 221 219 213 222 224 228 226 238 255 245 231 233 230 220 221 223 235 255 243 247 238 239 239 232 238 237 241 244 245 243 257 263 265
205 190 200 215 225 232 220 217 215 204 214 228 226 203 174 162 159 157 155 148 140 137 143 147 154 152 153 157 155 151 153 152 151 149 150 146 150 151 161 167 176 175 166 182 175 185 209 209 187 191 190 209 212 207 214 222 218 236 243 229 249 251 258 251 247 238 222 221 225 230 234 241 253 240 245 237 238 236 235 237 240 242 246 244 244 261 270 264
217 196 194 213 228 237 243 236 231 224 230 234 221 193 172 162 157 156 154 151 145 137 137 140 140 144 150 154 153 154 149 151 153 150 150 149 149 144 158 156 182 159 165 181 171 182 193 194 167 177 192 197 193 208 214 218 225 236 252 255 242 241 250 243 234 231 220 214 212 238 243 250 245 239 244 237 238 236 236 239 241 244 244 243 258 264 266 265
227 212 202 206 225 244 238 222 230 235 227 220 202 178 162 151 150 151 153 148 143 139 136 136 136 143 147 148 149 151 150 145 150 149 148 146 144 146 150 161 175 165 158 174 173 191 204 197 189 196 193 187 182 205 211 210 218 242 251 238 238 250 239 226 226 220 226 218 226 246 247 253 234 242 241 238 235 234 234 241 243 243 244 242 253 269 266 264
230 220 225 214 226 245 236 219 214 203 199 190 193 178 155 155 158 152 150 149 142 135 137 137 140 137 133 138 150 149 150 150 148 146 142 144 140 134 137 148 171 160 159 170 172 189 211 213 209 211 189 196 187 189 215 220 224 246 243 229 246 239 233 232 235 219 209 219 231 229 240 245 233 234 237 238 236 235 241 247 240 255 249 246 261 269 270 265
228 225 232 210 226 240 231 217 213 196 183 162 182 175 160 165 163 160 158 143 140 133 137 137 135 128 133 146 148 144 149 147 140 137 144 150 145 129 133 156 169 158 166 190 187 194 207 217 211 217 196 200 218 210 223 233 248 240 220 228 241 228 245 244 234 220 208 212 223 227 240 243 225 224 232 235 240 236 244 257 250 260 248 256 266 269 269 265
221 224 232 219 225 241 235 232 223 213 193 173 172 176 172 172 165 162 158 155 143 139 135 130 131 125 129 147 146 138 143 140 133 144 153 154 144 136 142 160 155 155 168 193 206 208 213 218 222 223 206 220 226 228 233 237 243 229 217 224 237 223 243 232 229 222 211 206 223 223 230 233 234 222 229 233 248 243 258 261 262 265 249 268 263 265 266 265
209 217 239 231 234 242 233 223 223 212 187 170 164 174 174 167 165 162 159 160 153 157 136 120 116 122 135 145 138 134 139 141 147 157 159 153 144 135 146 155 148 149 177 194 202 202 207 215 217 223 231 229 232 240 241 243 243 225 210 226 222 225 233 237 224 220 215 205 214 228 235 230 231 220 224 236 253 255 261 249 261 257 268 267 264 264 266 266
210 205 232 243 241 233 232 215 222 206 181 164 166 173 169 170 165 163 164 164 161 154 139 122 120 124 133 142 130 119 127 140 155 161 157 153 148 131 123 143 142 150 176 188 196 188 199 211 203 213 225 214 224 235 230 227 234 233 223 218 217 221 224 235 235 226 217 212 223 225 241 241 238 233 229 234 251 253 258 250 251 256 266 264 265 261 263 264
222 211 228 244 235 217 223 207 210 207 186 167 159 168 164 170 170 167 167 165 164 155 142 131 121 132 135 134 123 124 140 150 160 164 153 148 137 120 119 139 150 162 173 182 183 186 202 201 182 198 211 199 210 227 212 207 226 220 217 216 214 213 219 234 235 219 210 220 224 231 247 245 242 230 229 241 249 254 250 244 244 257 254 253 262 261 261 255
224 213 224 241 239 217 214 198 191 204 186 174 163 160 162 165 166 169 165 162 156 145 135 124 132 150 145 127 123 126 147 162 166 160 151 143 130 124 118 123 134 161 172 178 175 181 181 191 169 188 195 195 218 224 209 205 215 211 207 206 211 218 227 218 226 215 214 224 231 237 243 248 238 228 229 241 246 259 250 237 244 249 241 241 250 260 252 254
235 221 224 242 243 228 211 195 187 198 182 167 160 153 155 160 165 164 164 160 147 145 143 148 150 158 139 130 143 143 156 162 165 156 143 134 130 125 119 126 127 121 161 172 163 161 170 174 181 184 195 212 223 213 207 191 191 202 208 216 219 218 231 211 224 214 211 221 228 238 244 249 238 227 238 245 248 259 247 241 233 234 234 237 243 254 252 254
230 227 225 237 250 223 202 212 201 182 173 153 154 150 146 153 160 162 163 160 156 156 157 150 157 159 145 139 156 164 161 166 159 150 138 131 130 128 124 126 135 127 135 144 146 138 157 170 185 203 206 217 218 208 193 187 188 198 210 218 221 225 211 209 220 214 221 229 225 222 230 248 249 238 240 250 256 245 239 241 242 233 232 236 244 245 253 253
232 231 228 242 245 228 214 204 208 181 161 150 147 145 142 148 156 161 162 162 162 159 154 155 162 152 149 154 161 169 169 168 158 151 151 149 145 144 137 144 133 121 115 144 151 157 161 178 195 210 212 213 209 207 189 194 203 205 205 210 213 213 205 200 205 206 208 215 220 217 223 234 254 252 252 252 247 240 243 249 235 233 234 241 244 249 250 249
214 236 237 244 248 230 200 189 194 177 162 145 148 154 167 154 155 158 162 164 162 163 158 162 169 156 162 170 170 168 166 159 163 160 159 157 154 153 148 146 143 118 120 161 172 179 185 189 200 201 202 206 207 190 183 190 190 202 189 186 208 208 187 185 182 188 197 206 213 218 221 234 248 254 244 238 240 240 248 253 247 233 235 240 252 251 249 254
213 236 244 247 252 230 218 189 182 177 165 154 161 159 177 158 153 156 159 165 178 175 155 183 200 188 167 168 163 157 154 146 151 145 147 145 146 147 148 146 139 128 132 156 165 174 186 194 193 185 190 196 197 177 173 174 175 180 169 183 198 189 184 172 184 197 207 215 220 233 241 247 241 245 243 238 240 236 242 246 254 243 236 243 251 250 248 259
224 228 243 246 237 233 206 203 192 186 173 161 167 179 185 179 164 158 164 186 207 206 196 209 206 181 163 154 159 149 144 127 135 142 136 135 127 139 143 143 135 129 127 170 178 183 182 186 178 168 173 180 178 172 170 175 179 175 169 168 183 173 172 164 182 200 203 199 217 220 220 219 227 233 230 233 241 240 245 248 251 254 248 241 253 257 250 255
234 226 245 251 246 238 215 195 181 182 182 158 171 186 198 188 173 163 167 198 222 220 215 205 184 160 149 147 153 147 138 121 132 136 135 131 123 133 135 131 122 131 160 164 174 169 163 162 170 163 157 164 169 174 186 194 190 179 167 167 164 165 159 166 172 176 184 200 212 218 214 227 226 233 237 242 238 239 240 253 251 254 261 259 273 273 272 264
241 232 245 253 246 239 223 205 179 173 176 166 172 191 206 195 191 177 195 217 224 209 189 178 163 150 137 150 150 144 134 123 134 138 132 133 133 132 127 115 108 129 155 146 155 154 150 151 146 149 153 169 175 187 188 201 207 183 182 184 177 176 185 179 177 185 187 204 214 216 222 225 233 230 229 237 247 249 263 263 267 267 269 267 265 246 251 256
259 250 250 257 246 241 229 211 186 174 170 170 185 196 217 212 193 195 214 228 210 182 173 164 158 148 133 127 143 138 126 124 135 139 141 146 142 133 123 115 97 118 137 153 145 153 152 153 164 161 170 179 183 188 192 207 210 198 197 209 198 176 197 203 187 195 202 207 224 237 245 227 232 231 243 253 271 265 258 261 263 252 256 260 250 248 251 258
242 258 258 252 251 237 234 220 202 193 184 171 175 187 211 221 206 194 221 227 204 185 172 160 160 152 143 135 138 131 120 123 135 142 144 147 142 138 118 101 113 134 144 154 166 169 163 170 171 179 185 183 187 184 198 213 219 206 199 216 210 179 198 208 202 201 210 211 213 237 254 255 248 255 261 268 265 254 245 248 263 249 250 250 247 246 251 253
233 240 247 246 252 245 237 224 212 206 211 183 172 188 207 224 212 202 225 235 209 206 189 177 154 154 149 140 138 134 132 136 141 144 147 146 144 135 118 109 111 123 145 157 165 178 181 185 186 190 192 182 185 190 201 216 233 213 211 224 224 207 205 221 226 218 227 233 218 231 255 256 250 261 258 266 259 239 239 242 258 239 251 250 255 250 251 255
226 223 233 245 253 253 240 236 215 219 223 198 181 186 208 226 228 215 224 231 221 218 196 174 160 149 161 170 143 153 154 147 144 147 142 135 140 136 130 122 125 139 149 158 167 174 179 180 186 193 202 190 202 183 198 209 237 222 222 234 232 211 202 210 219 234 239 242 228 241 256 253 243 247 256 260 250 234 233 237 252 255 249 254 262 251 252 259
209 214 223 237 245 253 251 247 231 227 233 219 189 183 208 212 230 230 238 240 235 215 197 192 178 173 183 191 180 186 177 151 148 147 142 136 136 132 129 121 113 134 141 155 166 170 168 162 174 188 206 208 208 208 221 228 239 245 235 242 228 211 205 206 210 227 239 249 242 263 251 232 231 238 259 252 233 233 227 237 245 249 244 262 258 254 252 261
