data/Capas_SouthAmerica_5M/bio_13.asc
NCOLS 559 
NROWS 819 
XLLCORNER -81.3333333333333 
YLLCORNER -55.75 
CELLSIZE 0.0833333333333333 
NODATA_value -9999 
[rows 273 to 311 of 819, columns 88 to 175 of 559]
227 225 224 223 222 221 221 221 221 221 222 222 223 223 224 226 228 230 231 232 234 235 236 237 239 240 241 242 243 245 246 247 248 249 251 251 251 251 251 251 251 251 250 250 250 249 248 248 247 247 246 246 246 247 248 249 250 252 254 256 258 259 261 261 260 257 254 250 244 238 231 225 219 216 213 215 217 221 224 229 233 238 243 246 251 254 257 259
227 225 223 222 222 222 221 221 221 222 222 223 223 225 226 228 230 232 234 235 236 237 238 240 241 243 243 244 246 248 249 250 251 252 253 253 253 253 253 253 252 251 250 249 247 247 246 245 244 243 243 242 242 243 244 245 247 249 251 253 257 259 261 263 263 261 258 254 248 242 236 231 226 222 220 220 222 224 228 231 234 238 242 246 250 253 256 258
224 223 223 222 222 222 220 221 221 222 223 224 225 227 228 230 232 235 236 238 238 239 241 242 244 245 246 247 249 250 251 252 253 254 255 255 255 255 255 254 253 252 250 248 246 245 244 243 241 239 238 238 238 239 239 241 243 246 248 251 255 258 261 265 266 266 264 259 253 247 241 236 231 228 226 226 227 228 230 232 236 239 243 246 250 253 256 258
222 221 221 221 222 221 220 220 221 223 224 225 226 228 230 233 235 237 239 240 241 242 244 245 247 248 249 250 252 254 255 256 256 257 257 257 257 257 256 255 254 252 250 248 247 245 243 240 238 236 234 233 233 234 235 237 239 243 246 249 254 259 263 267 271 272 271 265 258 253 247 242 237 233 231 231 232 232 234 236 239 241 245 247 251 254 257 259
218 217 218 219 220 220 220 220 221 222 224 225 228 230 233 235 237 240 242 243 244 246 247 248 250 252 253 255 256 258 259 259 260 260 259 259 259 259 258 256 255 253 251 249 246 244 242 239 236 233 231 230 229 229 231 233 236 240 244 247 252 257 262 267 274 279 278 271 263 257 252 247 242 239 237 236 236 236 237 239 242 244 246 249 252 255 257 259
219 220 215 214 216 217 218 220 221 223 224 228 230 233 236 238 240 242 245 247 248 250 251 252 253 255 257 259 260 262 263 263 263 263 263 263 262 261 260 259 257 254 252 249 247 244 241 237 234 231 229 228 227 226 226 228 232 237 240 245 249 255 261 266 271 278 278 272 266 260 255 250 245 243 241 240 239 239 240 242 244 247 249 251 253 256 258 259
233 220 220 212 214 216 218 219 220 223 225 229 233 236 239 241 243 245 247 250 251 253 255 257 258 260 261 263 264 265 266 267 267 267 267 266 266 264 263 261 260 256 254 250 247 244 240 237 235 232 229 228 226 226 225 225 229 234 238 243 247 254 259 263 269 273 274 270 266 261 256 252 248 246 244 243 242 242 243 245 247 249 250 252 254 256 258 260
231 224 217 209 212 214 217 219 221 223 228 231 234 237 241 243 246 248 250 253 254 256 259 261 263 264 266 267 269 270 271 271 271 272 271 271 269 268 266 264 262 260 257 253 249 245 242 239 237 233 231 228 226 225 224 225 226 231 236 242 246 252 257 262 267 270 270 267 264 261 257 254 251 248 247 246 245 245 245 246 248 251 252 254 257 258 259 261
242 231 215 209 213 216 218 219 223 226 228 232 236 240 243 246 249 251 254 256 258 261 263 265 267 268 270 272 273 274 275 276 276 275 275 275 274 272 271 269 266 262 259 255 251 248 245 242 239 236 232 229 227 226 224 225 226 228 233 239 245 250 255 260 264 265 265 264 262 260 258 255 253 250 249 248 248 248 248 250 250 252 254 256 258 260 261 262
246 241 224 209 216 219 221 221 224 228 231 234 240 243 246 249 251 254 257 260 262 266 268 269 271 273 275 277 278 278 279 281 281 281 280 280 279 278 277 274 271 268 264 260 255 252 249 246 242 238 234 230 228 226 225 225 226 227 232 237 242 247 254 257 261 261 262 261 261 260 258 255 254 252 251 251 251 251 251 252 253 253 255 257 260 261 263 263
246 244 231 210 217 219 221 223 226 230 233 236 240 244 248 251 254 257 260 264 266 269 271 273 275 277 279 281 282 284 285 286 287 287 286 285 284 284 282 279 276 273 270 265 261 258 254 250 246 242 237 233 229 227 226 226 227 228 232 237 242 246 251 254 257 259 260 260 260 259 258 256 254 253 252 252 252 253 253 254 255 256 258 259 261 262 264 264
219 224 234 214 214 219 224 226 228 232 235 239 241 246 250 254 258 261 264 268 271 273 275 277 279 282 283 285 287 290 292 293 294 294 293 293 291 290 288 286 283 280 276 271 267 264 259 255 251 246 241 236 232 229 229 228 228 230 232 237 241 245 249 252 256 257 258 259 259 258 258 257 256 255 254 254 254 254 254 255 256 256 259 260 262 263 264 265
245 222 220 216 216 222 230 230 232 234 238 241 243 248 252 256 260 264 268 271 274 277 279 280 283 285 288 291 293 295 297 299 300 301 301 300 299 299 297 293 291 287 283 277 275 271 266 261 256 250 246 241 236 233 231 231 231 233 233 238 241 245 249 252 255 256 257 258 258 258 258 258 257 256 255 256 256 255 256 256 257 258 260 261 262 263 265 268
240 248 241 238 228 226 234 238 237 238 240 243 245 250 255 259 263 267 270 274 277 280 282 285 288 291 294 297 299 301 304 305 307 308 308 308 307 307 305 302 300 296 291 286 283 279 274 269 263 257 251 246 241 238 237 236 236 236 236 239 242 246 249 252 254 256 257 257 258 258 258 258 258 259 258 258 257 257 258 258 259 260 260 261 263 265 267 268
243 219 221 228 249 235 240 236 237 237 241 244 247 253 257 262 265 269 273 277 280 283 286 290 294 298 301 304 306 308 310 312 315 315 316 316 316 316 315 312 309 305 301 296 292 287 282 277 272 265 259 254 249 245 243 242 241 241 240 242 245 247 250 252 254 256 257 258 258 258 258 259 259 259 259 259 259 258 259 259 260 260 261 263 264 265 267 269
253 235 192 191 242 257 248 241 236 238 240 246 252 254 259 264 269 272 276 280 283 287 291 295 299 303 306 309 312 315 318 319 321 323 324 325 325 326 325 324 320 316 312 307 301 297 292 286 281 275 269 263 258 254 251 248 247 246 245 245 247 249 251 253 255 256 257 258 259 259 259 260 260 260 260 260 260 260 260 260 261 262 262 264 265 267 268 269
243 253 212 183 205 242 262 248 237 241 242 248 254 258 262 266 270 275 280 285 288 291 296 300 304 308 312 316 320 323 326 328 330 333 335 336 336 336 336 335 332 328 324 318 313 307 302 297 291 284 279 273 267 263 259 256 253 251 250 249 251 252 254 256 257 258 258 259 260 260 260 261 261 261 261 261 261 260 262 262 263 263 264 265 265 266 268 269
219 252 253 199 196 234 259 256 245 241 246 249 254 260 264 268 273 277 283 287 292 296 300 305 309 314 317 322 326 332 336 339 340 344 346 348 348 349 349 347 345 342 338 331 325 319 314 308 301 295 289 284 278 272 268 263 259 256 254 254 255 256 257 258 259 259 260 261 260 261 262 262 263 262 261 261 261 261 262 263 264 264 265 266 267 267 267 269
202 231 259 239 196 216 263 262 246 243 247 254 256 260 265 270 276 280 285 290 294 299 304 309 315 319 324 329 335 340 345 349 352 355 359 361 362 363 362 361 359 355 351 347 340 333 326 319 312 306 300 294 287 281 276 271 266 262 260 260 260 260 260 260 261 261 262 262 262 262 263 264 263 262 263 262 263 263 263 263 264 264 265 266 267 267 267 268
201 212 258 242 224 223 243 265 252 242 253 256 257 261 266 273 278 282 287 291 296 301 307 313 319 324 330 335 342 349 354 359 364 367 371 374 376 378 378 377 375 372 367 362 356 348 340 333 325 318 311 305 298 291 284 279 274 269 267 265 264 264 263 263 263 263 263 263 264 263 264 265 264 264 263 264 264 263 263 263 264 265 266 266 266 267 267 268
196 224 255 255 239 236 202 260 257 244 253 260 257 262 267 273 275 271 276 285 287 300 307 315 319 328 335 342 349 357 364 369 375 381 385 389 391 393 394 393 392 389 385 379 373 366 356 347 341 332 324 316 308 301 293 287 282 276 272 270 269 268 267 267 266 266 266 266 266 265 266 266 265 265 264 264 264 264 264 264 265 266 266 266 266 266 267 267
224 257 259 252 239 219 204 238 266 249 251 260 261 261 267 271 271 271 271 275 274 288 279 290 309 326 339 346 356 364 371 379 386 392 399 403 407 410 412 411 411 408 404 399 393 384 375 366 356 346 336 327 318 310 302 295 289 282 279 275 273 271 270 270 269 268 268 268 267 266 267 267 266 266 266 265 265 265 265 266 265 266 266 266 266 266 267 268
234 256 236 229 201 201 199 219 265 259 253 254 260 262 266 272 270 269 261 263 275 263 276 286 282 317 344 352 361 371 380 390 399 406 413 418 424 427 429 430 430 428 425 418 412 404 395 385 375 363 351 341 330 320 311 303 296 290 285 282 279 276 274 273 272 271 270 270 270 268 269 268 268 267 266 266 266 265 266 267 266 266 266 266 266 266 268 269
232 255 223 221 188 179 192 228 262 263 261 257 260 261 264 268 268 269 270 268 269 244 240 253 287 296 334 357 367 379 389 400 411 421 429 435 440 446 450 452 452 450 447 440 434 426 414 405 393 381 368 356 344 333 322 311 303 297 291 286 283 281 279 277 276 274 273 272 271 271 270 269 269 268 267 267 266 265 266 266 266 266 266 265 265 266 268 268
201 268 217 168 167 180 231 253 245 254 264 258 254 258 259 261 266 264 261 241 207 210 228 206 245 290 325 321 361 387 402 414 425 436 446 455 461 465 470 475 476 474 471 464 455 448 437 425 412 398 385 371 358 345 332 321 312 303 297 292 289 286 283 281 279 278 276 275 274 273 274 272 271 270 269 268 268 266 267 267 267 266 266 267 265 266 269 268
203 238 182 166 164 169 210 220 239 257 256 260 250 251 255 256 261 259 249 226 197 158 175 136 163 263 277 283 309 354 404 425 440 451 463 473 483 489 495 498 500 500 496 489 481 471 460 448 433 418 403 387 372 358 343 331 320 311 304 298 295 291 287 285 284 282 280 278 276 275 275 274 273 271 270 269 269 268 268 267 266 268 268 268 266 266 268 267
240 206 253 203 166 166 170 225 256 248 257 244 241 243 250 262 262 251 258 255 250 169 140 145 185 237 288 279 300 337 366 430 452 466 479 493 506 515 522 526 525 524 523 517 508 495 482 470 455 438 421 404 387 370 354 340 328 317 310 303 300 296 292 289 288 286 283 281 279 277 276 275 273 273 271 270 269 271 270 268 268 267 268 268 266 267 267 265
239 238 228 206 170 172 184 216 252 251 249 234 251 256 266 250 261 258 224 195 209 225 143 132 165 239 268 320 316 358 404 397 462 483 497 514 528 541 550 556 557 553 548 542 533 521 506 490 475 457 438 420 402 384 365 349 335 324 315 309 305 300 297 294 292 289 287 285 282 280 279 277 275 273 272 271 271 272 270 269 269 268 267 267 266 266 267 266
156 243 211 239 191 169 208 246 234 225 226 225 227 233 231 241 248 251 261 264 223 184 230 149 135 218 224 301 344 350 419 451 456 497 516 535 552 566 578 586 588 587 580 571 559 547 530 512 493 475 455 437 416 397 378 362 345 333 323 317 312 307 303 301 297 293 290 288 285 282 281 280 277 276 274 274 274 274 273 271 269 267 266 265 264 266 266 265
148 202 241 205 228 183 215 236 233 240 227 239 245 266 271 267 240 247 240 264 253 230 163 186 126 134 230 289 356 390 410 465 485 508 534 557 577 595 609 617 620 619 615 606 592 576 557 538 515 493 471 451 430 410 392 374 358 343 333 325 320 314 310 305 301 297 294 291 289 285 284 282 280 279 277 275 275 274 272 270 269 270 269 267 264 267 267 266
148 151 169 208 203 220 222 235 232 244 235 254 262 265 249 244 250 236 233 203 201 197 174 133 159 119 241 272 351 381 408 467 469 513 547 577 603 623 640 650 655 655 650 639 622 602 581 559 537 513 490 468 447 426 405 386 369 355 344 335 328 321 316 311 306 301 297 293 292 290 285 282 282 281 278 277 276 275 272 271 271 270 270 267 265 267 267 266
161 166 166 165 210 200 218 228 218 234 246 252 209 213 254 240 235 191 258 195 148 139 179 138 130 109 147 146 311 392 434 463 468 502 515 561 617 655 676 688 695 693 689 675 651 630 607 582 558 532 508 484 461 439 419 399 381 367 356 345 337 329 322 317 311 305 301 298 295 291 288 285 284 282 280 277 274 274 273 272 272 270 269 266 264 266 267 265
147 166 161 161 187 185 205 200 186 231 224 226 184 177 213 252 252 215 177 199 152 158 138 127 132 104 101 119 278 380 440 470 485 486 489 539 628 677 708 733 736 743 742 715 693 658 630 604 577 549 522 497 473 452 431 412 394 379 366 354 345 335 329 322 315 310 305 301 297 294 291 288 284 282 279 276 276 276 273 271 271 271 268 265 265 267 267 264
128 155 170 169 172 195 187 204 198 197 219 184 188 227 254 264 259 233 206 160 152 166 159 118 137 130 97 86 164 276 374 416 445 476 502 583 635 683 740 775 793 801 786 746 726 685 653 622 592 564 536 510 486 463 442 423 405 389 375 362 351 341 334 326 320 314 309 303 298 293 290 288 285 282 280 280 278 275 273 272 272 270 266 265 266 267 267 264
154 136 154 168 175 187 176 199 224 208 181 178 181 178 178 181 263 212 167 163 170 171 163 143 157 160 135 81 85 109 247 243 311 363 405 477 571 619 732 769 808 820 818 781 751 713 678 639 605 577 554 526 496 472 451 431 413 397 382 369 357 347 337 328 322 317 311 304 298 296 293 289 285 283 281 280 278 276 276 274 272 269 267 266 267 266 266 265
172 157 149 161 176 177 193 190 199 180 180 182 180 183 183 179 229 206 175 160 160 163 173 173 173 165 145 112 84 93 98 119 141 219 214 338 510 570 762 878 916 875 839 815 776 727 690 661 622 589 562 534 506 482 459 439 421 404 388 374 362 351 340 332 325 319 313 307 301 298 293 290 287 284 282 279 278 277 276 274 271 268 267 266 267 266 264 265
172 160 151 162 167 176 178 186 204 206 181 182 191 189 187 183 190 180 174 177 164 136 126 139 140 161 153 143 105 129 97 107 118 137 123 187 327 433 609 809 936 905 877 835 788 746 677 648 628 592 567 543 512 489 466 446 427 410 394 380 366 354 344 336 328 321 314 308 303 299 294 291 288 285 283 281 279 277 276 274 270 268 267 267 267 267 266 266
176 153 158 176 171 174 181 188 187 200 207 218 237 226 201 185 184 184 182 183 176 157 147 147 146 136 150 144 118 118 141 156 142 140 140 136 238 392 329 504 645 703 771 807 770 682 659 670 640 605 548 539 516 492 472 450 430 412 396 382 370 358 348 339 331 322 316 309 305 300 296 293 290 287 285 283 281 279 277 275 272 271 269 267 266 265 266 265
176 150 158 176 177 181 177 188 196 185 199 220 190 224 234 202 202 193 190 174 170 157 155 160 165 146 142 158 135 129 144 171 171 167 165 143 151 194 152 202 319 332 560 684 684 629 592 628 632 600 572 543 516 493 470 451 432 414 396 382 370 359 349 340 332 324 317 311 305 301 298 295 293 289 287 285 284 282 280 277 275 273 271 269 268 265 265 265
