data/Capas_SouthAmerica_5M/bio_12.asc
NCOLS 559 
NROWS 819 
XLLCORNER -81.3333333333333 
YLLCORNER -55.75 
CELLSIZE 0.0833333333333333 
NODATA_value -9999 
[rows 518 to 554 of 819, columns 252 to 335 of 559]
1007 1014 1018 1022 1026 1033 1042 1052 1065 1078 1083 1090 1099 1112 1125 1143 1159 1177 1191 1210 1227 1249 1268 1285 1304 1321 1338 1355 1366 1380 1393 1407 1414 1423 1434 1442 1444 1442 1444 1443 1439 1437 1441 1443 1450 1449 1449 1450 1443 1444 1437 1451 1455 1465 1474 1474 1480 1502 1494 1493 1497 1504 1512 1512 1512 1515 1514 1505 1505 1505 1506 1510 1517 1518 1536 1543 1539 1535 1525 1526 1523 1525 1511 1507
1006 1011 1016 1020 1032 1069 1041 1057 1072 1082 1088 1094 1103 1112 1126 1145 1159 1178 1194 1211 1229 1247 1266 1282 1305 1319 1335 1355 1366 1377 1386 1402 1408 1421 1428 1430 1433 1432 1432 1431 1432 1433 1431 1427 1430 1432 1442 1440 1434 1433 1432 1435 1445 1455 1469 1487 1499 1499 1499 1502 1502 1501 1508 1502 1504 1504 1503 1494 1494 1500 1501 1502 1500 1510 1537 1540 1540 1537 1522 1513 1512 1516 1511 1502
1005 1013 1017 1024 1069 1073 1042 1058 1070 1078 1085 1096 1103 1114 1127 1145 1159 1178 1194 1211 1231 1250 1265 1282 1299 1317 1333 1348 1362 1372 1380 1394 1407 1413 1417 1419 1421 1423 1421 1420 1422 1427 1423 1421 1415 1419 1427 1433 1433 1428 1430 1434 1442 1450 1466 1492 1508 1520 1515 1510 1502 1502 1499 1493 1496 1496 1492 1489 1488 1489 1498 1497 1500 1503 1521 1530 1528 1528 1516 1508 1507 1505 1503 1492
1005 1011 1017 1026 1059 1044 1063 1060 1068 1076 1087 1097 1106 1115 1128 1144 1162 1176 1196 1212 1231 1248 1262 1280 1296 1313 1333 1343 1356 1367 1375 1383 1397 1401 1405 1413 1410 1407 1413 1413 1411 1413 1412 1412 1410 1410 1414 1415 1421 1425 1426 1428 1437 1453 1473 1489 1508 1522 1535 1516 1506 1500 1489 1487 1482 1483 1481 1476 1484 1489 1490 1488 1497 1504 1514 1518 1521 1517 1509 1509 1502 1492 1489 1485
1007 1010 1019 1043 1035 1037 1047 1055 1063 1074 1085 1094 1105 1116 1126 1145 1161 1177 1191 1210 1228 1241 1261 1281 1296 1311 1330 1345 1355 1363 1374 1381 1389 1394 1396 1399 1404 1402 1403 1402 1399 1396 1398 1398 1399 1397 1393 1395 1402 1406 1415 1426 1440 1457 1466 1469 1490 1507 1516 1512 1500 1488 1479 1477 1469 1469 1469 1467 1465 1469 1475 1486 1495 1503 1507 1510 1509 1510 1507 1504 1498 1494 1480 1472
1004 1012 1020 1029 1022 1034 1046 1056 1063 1070 1082 1093 1105 1117 1130 1145 1159 1172 1188 1203 1221 1239 1262 1277 1290 1310 1326 1338 1347 1357 1369 1377 1384 1389 1389 1392 1389 1392 1393 1391 1391 1391 1386 1386 1387 1384 1382 1384 1387 1387 1398 1418 1429 1443 1443 1451 1473 1481 1483 1491 1488 1474 1465 1462 1456 1456 1459 1455 1454 1459 1463 1468 1477 1489 1498 1496 1498 1496 1501 1497 1492 1485 1477 1477
1003 1007 1008 1010 1026 1039 1049 1054 1064 1072 1083 1090 1102 1113 1128 1140 1156 1168 1186 1204 1220 1237 1256 1275 1285 1302 1320 1336 1345 1348 1362 1368 1373 1379 1381 1381 1380 1374 1379 1379 1380 1379 1378 1372 1370 1371 1374 1374 1377 1387 1401 1410 1421 1414 1422 1434 1449 1461 1463 1466 1469 1459 1450 1449 1449 1451 1445 1441 1441 1447 1450 1455 1466 1477 1484 1489 1492 1487 1486 1491 1486 1476 1477 1479
1006 1010 1014 1016 1028 1040 1048 1052 1064 1073 1083 1092 1101 1110 1121 1135 1149 1167 1183 1203 1219 1234 1251 1268 1277 1297 1317 1336 1342 1346 1351 1359 1364 1367 1371 1371 1373 1368 1372 1367 1370 1366 1363 1362 1364 1358 1355 1356 1365 1376 1392 1392 1396 1398 1401 1415 1427 1436 1440 1444 1447 1444 1441 1442 1442 1439 1436 1432 1436 1434 1438 1441 1448 1456 1465 1464 1469 1472 1479 1480 1472 1469 1478 1464
1011 1011 1005 1019 1023 1035 1045 1054 1062 1070 1080 1090 1098 1108 1119 1134 1147 1161 1177 1195 1210 1226 1244 1258 1271 1289 1309 1329 1336 1342 1343 1349 1351 1355 1359 1363 1363 1361 1363 1361 1359 1356 1352 1349 1351 1350 1343 1343 1346 1364 1372 1370 1375 1378 1382 1398 1405 1410 1417 1422 1423 1421 1423 1431 1432 1428 1428 1428 1429 1432 1430 1431 1434 1436 1441 1438 1438 1444 1454 1456 1459 1467 1459 1454
1023 1021 1017 1021 1028 1034 1043 1052 1058 1067 1072 1085 1093 1105 1118 1132 1144 1158 1175 1189 1202 1218 1234 1251 1266 1281 1296 1308 1317 1327 1331 1334 1341 1345 1348 1354 1355 1353 1352 1354 1350 1345 1342 1340 1338 1333 1336 1332 1340 1348 1349 1346 1365 1366 1361 1376 1385 1389 1396 1397 1400 1403 1408 1414 1413 1420 1412 1415 1412 1414 1415 1414 1420 1419 1420 1427 1432 1430 1426 1436 1437 1446 1450 1456
1024 1029 1031 1028 1033 1036 1042 1048 1055 1064 1070 1081 1090 1101 1111 1126 1138 1152 1166 1182 1195 1207 1223 1238 1257 1271 1282 1292 1303 1312 1320 1325 1329 1339 1340 1344 1345 1348 1344 1343 1340 1341 1332 1330 1329 1330 1322 1325 1329 1327 1329 1327 1334 1347 1350 1356 1365 1372 1377 1379 1383 1392 1400 1398 1399 1405 1404 1400 1401 1398 1402 1401 1404 1406 1411 1413 1413 1415 1414 1424 1422 1431 1451 1455
1041 1039 1040 1035 1035 1039 1043 1046 1051 1060 1069 1078 1086 1101 1109 1121 1134 1147 1161 1174 1186 1200 1211 1223 1242 1258 1269 1281 1288 1301 1312 1321 1326 1325 1328 1334 1339 1340 1338 1335 1333 1332 1331 1319 1317 1312 1317 1317 1314 1309 1310 1312 1308 1318 1330 1335 1344 1347 1352 1364 1377 1379 1385 1389 1384 1391 1387 1385 1384 1388 1382 1386 1391 1394 1396 1394 1397 1397 1397 1395 1403 1421 1428 1436
1051 1045 1041 1039 1037 1042 1043 1045 1053 1058 1068 1073 1081 1091 1100 1116 1126 1137 1152 1165 1175 1189 1205 1219 1233 1246 1256 1268 1280 1292 1304 1308 1318 1320 1322 1327 1328 1327 1328 1329 1328 1326 1324 1315 1310 1309 1304 1308 1308 1302 1297 1292 1294 1299 1305 1315 1323 1330 1337 1351 1355 1363 1363 1364 1370 1377 1373 1374 1372 1368 1370 1370 1377 1384 1381 1383 1383 1385 1384 1383 1392 1412 1414 1409
1060 1051 1045 1040 1038 1041 1045 1047 1050 1056 1061 1071 1080 1090 1094 1107 1116 1129 1144 1157 1168 1181 1192 1206 1223 1237 1249 1262 1271 1282 1292 1295 1306 1310 1315 1322 1323 1321 1320 1319 1319 1318 1314 1312 1303 1297 1295 1297 1300 1292 1283 1282 1282 1283 1292 1302 1309 1310 1318 1329 1336 1338 1341 1348 1350 1354 1357 1362 1359 1356 1355 1359 1359 1367 1368 1367 1368 1370 1363 1370 1387 1395 1388 1394
1058 1049 1042 1036 1038 1040 1041 1044 1047 1051 1061 1066 1077 1089 1093 1105 1113 1123 1132 1145 1155 1170 1182 1191 1209 1219 1240 1255 1263 1272 1284 1292 1297 1302 1308 1310 1310 1310 1310 1311 1315 1309 1302 1301 1299 1291 1289 1288 1282 1285 1281 1275 1274 1275 1283 1289 1298 1300 1302 1314 1318 1320 1332 1337 1338 1338 1341 1345 1346 1345 1341 1347 1355 1355 1355 1346 1350 1352 1355 1360 1373 1381 1382 1381
1055 1048 1043 1038 1037 1036 1038 1043 1044 1047 1051 1058 1068 1077 1087 1097 1108 1118 1126 1136 1148 1159 1173 1184 1199 1211 1227 1243 1258 1266 1276 1284 1292 1300 1307 1306 1306 1304 1303 1303 1303 1296 1293 1292 1283 1283 1280 1277 1275 1273 1273 1266 1262 1267 1273 1276 1280 1286 1295 1299 1302 1308 1319 1323 1325 1327 1329 1332 1337 1333 1335 1330 1334 1334 1338 1337 1333 1339 1341 1343 1352 1360 1379 1378
1047 1039 1035 1032 1033 1031 1034 1038 1041 1045 1048 1053 1064 1074 1083 1090 1103 1111 1120 1127 1135 1147 1158 1172 1188 1200 1217 1233 1248 1261 1270 1278 1287 1293 1293 1298 1301 1297 1297 1295 1291 1290 1288 1285 1280 1276 1270 1267 1268 1261 1259 1257 1256 1259 1264 1268 1267 1271 1283 1286 1295 1300 1304 1313 1312 1315 1317 1318 1319 1321 1322 1320 1317 1322 1323 1321 1322 1324 1325 1327 1343 1361 1371 1366
1034 1031 1028 1025 1027 1025 1025 1031 1037 1044 1046 1055 1061 1071 1075 1084 1094 1105 1112 1120 1127 1133 1146 1161 1175 1189 1204 1224 1240 1252 1258 1272 1282 1283 1283 1289 1292 1292 1290 1291 1290 1287 1282 1280 1275 1267 1262 1255 1252 1248 1241 1242 1246 1247 1255 1261 1261 1263 1271 1276 1287 1290 1296 1302 1303 1305 1304 1306 1308 1310 1311 1311 1311 1307 1309 1308 1312 1313 1327 1324 1335 1340 1346 1342
1021 1017 1015 1017 1016 1021 1021 1025 1032 1040 1044 1054 1057 1066 1070 1078 1088 1097 1102 1111 1121 1125 1138 1149 1159 1176 1194 1215 1235 1248 1255 1258 1266 1276 1279 1284 1287 1285 1289 1287 1286 1285 1282 1280 1269 1262 1258 1247 1241 1239 1235 1232 1228 1233 1241 1247 1253 1259 1264 1265 1273 1279 1284 1292 1300 1300 1297 1299 1300 1298 1299 1300 1296 1294 1292 1294 1296 1317 1320 1318 1315 1324 1326 1331
1008 1005 1006 1007 1009 1011 1013 1019 1027 1033 1040 1049 1054 1059 1066 1073 1083 1094 1097 1105 1109 1116 1128 1135 1144 1164 1185 1212 1225 1238 1245 1254 1260 1271 1277 1279 1278 1286 1283 1286 1288 1282 1279 1276 1272 1260 1247 1237 1228 1230 1223 1219 1217 1218 1225 1231 1241 1248 1255 1257 1264 1271 1278 1287 1289 1290 1290 1296 1293 1293 1291 1291 1281 1278 1281 1284 1294 1316 1306 1304 1304 1310 1312 1309
997 991 992 995 998 1002 1007 1017 1023 1027 1034 1040 1051 1058 1061 1069 1074 1083 1090 1094 1101 1106 1117 1125 1132 1142 1167 1198 1214 1225 1237 1249 1260 1265 1272 1276 1280 1281 1282 1282 1283 1283 1280 1277 1268 1256 1243 1229 1223 1213 1211 1203 1206 1210 1215 1221 1227 1235 1241 1254 1258 1266 1273 1280 1280 1284 1285 1284 1286 1290 1289 1282 1277 1272 1277 1281 1290 1302 1299 1299 1297 1300 1299 1301
981 978 979 983 989 996 997 1008 1013 1021 1028 1035 1047 1053 1056 1062 1069 1076 1081 1088 1095 1097 1106 1111 1118 1128 1151 1176 1196 1209 1227 1241 1251 1256 1263 1269 1274 1279 1279 1281 1282 1284 1282 1277 1265 1253 1238 1227 1212 1200 1195 1191 1194 1197 1200 1205 1218 1227 1232 1241 1249 1257 1264 1271 1271 1277 1280 1284 1282 1285 1286 1277 1270 1270 1280 1283 1292 1295 1302 1295 1294 1290 1294 1298
979 963 966 975 980 988 989 998 1009 1018 1026 1031 1043 1049 1054 1059 1066 1074 1078 1082 1082 1088 1095 1098 1105 1117 1138 1163 1183 1201 1218 1231 1240 1255 1262 1264 1271 1275 1279 1282 1283 1284 1285 1278 1273 1260 1243 1222 1203 1185 1176 1172 1176 1180 1189 1201 1208 1217 1231 1236 1241 1254 1259 1269 1269 1276 1275 1282 1282 1282 1282 1275 1274 1283 1282 1283 1292 1287 1297 1294 1288 1288 1287 1290
962 950 963 964 973 981 986 998 1009 1015 1023 1029 1038 1045 1050 1059 1064 1068 1073 1079 1080 1081 1088 1095 1101 1114 1133 1154 1174 1191 1208 1226 1235 1245 1256 1264 1269 1274 1277 1284 1286 1289 1289 1282 1276 1266 1251 1222 1196 1170 1151 1151 1159 1174 1187 1198 1207 1219 1231 1237 1241 1250 1261 1269 1269 1275 1276 1276 1285 1282 1285 1285 1289 1293 1290 1286 1288 1287 1289 1289 1286 1286 1284 1281
948 955 971 993 968 977 982 995 1004 1015 1021 1032 1039 1042 1046 1055 1058 1064 1070 1075 1077 1078 1085 1095 1099 1107 1126 1150 1170 1188 1205 1222 1236 1242 1249 1259 1261 1270 1275 1280 1287 1291 1291 1287 1284 1281 1261 1225 1197 1164 1143 1150 1164 1177 1186 1196 1210 1219 1226 1234 1239 1247 1260 1270 1272 1278 1279 1288 1293 1301 1298 1300 1298 1292 1294 1290 1284 1285 1286 1285 1282 1278 1280 1273
946 963 976 981 993 974 978 992 1003 1012 1019 1028 1038 1042 1045 1048 1056 1059 1061 1067 1070 1076 1081 1090 1094 1103 1116 1140 1160 1182 1199 1215 1230 1239 1247 1254 1257 1262 1272 1278 1288 1288 1288 1290 1293 1293 1269 1235 1205 1174 1165 1164 1170 1178 1189 1203 1210 1218 1225 1236 1242 1255 1262 1267 1279 1285 1289 1298 1306 1310 1319 1313 1305 1300 1294 1297 1293 1286 1280 1278 1274 1273 1266 1265
950 947 951 964 986 968 979 990 1000 1014 1019 1028 1037 1041 1042 1046 1053 1058 1060 1066 1068 1072 1071 1079 1089 1097 1113 1135 1157 1175 1193 1211 1221 1232 1239 1248 1251 1261 1269 1279 1284 1286 1288 1293 1293 1290 1273 1246 1220 1190 1181 1177 1179 1187 1194 1200 1209 1218 1228 1239 1249 1258 1265 1276 1281 1297 1300 1301 1311 1319 1326 1317 1313 1307 1300 1296 1290 1288 1280 1274 1271 1265 1257 1254
958 966 955 950 958 966 979 990 1000 1011 1019 1028 1036 1040 1043 1049 1050 1052 1055 1058 1062 1063 1061 1071 1079 1090 1105 1133 1156 1174 1190 1207 1220 1227 1235 1241 1250 1257 1267 1274 1277 1283 1289 1289 1292 1286 1271 1250 1232 1213 1202 1194 1194 1200 1201 1207 1214 1223 1234 1242 1251 1256 1272 1282 1293 1298 1300 1306 1311 1316 1325 1320 1321 1315 1305 1294 1292 1283 1276 1273 1267 1257 -9999 -9999
941 954 959 960 958 969 982 993 1003 1014 1021 1031 1036 1041 1044 1048 1047 1050 1050 1049 1052 1047 1044 1054 1063 1082 -9999 1133 1155 1166 1182 1199 1209 1218 1226 1235 1246 1270 1265 1268 1277 1284 1288 1289 1286 1278 1267 1251 1238 1225 1214 1207 1204 1206 1213 1214 1222 1231 1244 1250 1255 1260 1271 1288 1296 1300 1304 1312 1315 1322 1325 1324 1326 1319 1306 1298 1286 1277 1274 1266 1254 -9999 -9999 -9999
933 927 948 963 972 973 984 996 1020 1020 1030 1036 1044 1044 1046 1043 1042 1045 1040 1041 1037 1033 1027 -9999 1049 1074 1106 1132 1148 1167 1182 1197 1207 1216 1227 1236 1242 1250 1252 1263 1271 1277 1281 1286 1282 1278 1267 1257 1244 1235 1225 1219 1216 1217 1223 1228 1236 1241 1249 1259 1264 1271 1283 1290 1299 1304 1309 1315 1320 1328 1331 1330 1330 1321 1308 1298 1289 1279 1270 1259 1241 -9999 -9999 1238
920 921 926 948 963 975 986 999 1023 1037 1040 1046 1047 1046 1043 1039 1035 1030 1031 1027 1023 1011 1005 -9999 1033 1064 1099 1132 1147 1166 1181 1189 1202 1213 1223 1236 1244 1248 1257 1263 1265 1276 1284 1285 1284 1276 1269 1260 1251 1242 1233 1229 1229 1229 1231 1240 1245 1253 1258 1264 1268 1276 1284 1293 1301 1308 1307 1312 1323 1330 1338 1342 1332 1323 1308 1299 1288 1277 1262 1249 -9999 -9999 1238 1236
921 917 925 939 958 972 991 1002 1026 1050 1052 1055 1054 1051 1042 1037 1032 1028 1018 1015 1008 994 986 -9999 1000 1037 1084 1124 1141 1152 1171 1181 1190 1207 1218 1228 1237 1246 1256 1265 1270 1275 1279 1282 1282 1280 1276 1264 1256 1246 1241 1240 1237 1239 1238 1244 1250 1257 1263 1265 1273 1280 1288 1298 1306 1309 1311 1315 1322 1324 1334 1333 1327 1316 1306 1295 1287 1273 1262 1249 1239 -9999 -9999 1231
924 925 936 942 957 979 997 1010 1022 1039 1053 1062 1062 1055 1049 1037 1028 1021 1014 1007 997 985 -9999 964 981 1025 1069 1107 1126 1139 1156 1172 1186 1201 1215 1221 1230 1244 1252 1263 1271 1275 1276 1283 1282 1285 1276 1271 1263 1257 1251 1248 1245 1247 1248 1253 1257 1263 1270 1270 1277 1283 1291 1297 1307 1306 1307 1312 1319 1322 1323 1323 1315 1310 1301 1289 1277 1268 1259 1250 1234 -9999 -9999 1227
932 932 941 949 963 981 998 1015 1030 1049 1062 1068 1077 1068 1049 1040 1032 1019 1008 1001 990 981 -9999 975 991 1023 1054 1086 1113 1130 1150 1163 1181 1195 1211 1221 1230 1242 1251 1260 1264 1272 1275 1277 1282 1281 1279 1274 1265 1259 1254 1252 1253 1252 1258 1261 1260 1263 1267 1272 1281 1288 1299 1301 1300 1300 1305 1311 1315 1320 1316 1312 1304 1298 1289 1276 1270 1258 1254 1246 1232 -9999 -9999 1225
941 943 954 961 972 985 1001 1016 1034 1056 1073 1080 1077 1073 1052 1041 1026 1016 1005 995 988 980 -9999 985 999 1021 1051 1076 1102 1124 1141 1159 1175 1189 1207 1217 1228 1235 1244 1256 1260 1268 1267 1275 1276 1275 1275 1271 1268 1261 1257 1256 1257 1259 1260 1260 1264 1267 1269 1278 1284 1290 1293 1299 1295 1301 1304 1302 1303 1307 1308 1304 1293 1282 1280 1271 1263 1255 1248 1242 1232 1216 1220 1222
949 953 962 972 980 994 1009 1022 1040 1055 1072 1080 1071 1062 1049 1034 1021 1009 1001 996 990 986 -9999 994 1008 1028 1048 1070 1093 1116 1132 1151 1168 1185 1199 1213 1224 1233 1238 1249 1257 1265 1267 1271 1271 1273 1273 1269 1266 1264 1257 1258 1256 1259 1261 1259 1264 1269 1274 1285 1288 1290 1292 1294 1298 1300 1301 1304 1304 1301 1297 1294 1284 1276 1273 1267 1259 1249 1244 1233 1227 1221 1223 1212
953 960 969 983 990 1001 1016 1031 1045 1059 1065 1068 1062 1054 1042 1030 1016 1006 997 997 994 -9999 -9999 1003 1015 1033 1051 1070 1088 1105 1127 1146 1163 1179 1192 1204 1218 1227 1234 1247 1255 1262 1267 1266 1267 1269 1267 1263 1264 1262 1261 1255 1260 1260 1261 1261 1269 1268 1274 1284 1291 1291 1291 1294 1294 1294 1296 1295 1297 1292 1286 1283 1277 1275 1263 1257 1252 1243 1236 1230 1227 1218 1214 1201
