data/Capas_SouthAmerica_5M/bio_13.asc
NCOLS 559 
NROWS 819 
XLLCORNER -81.3333333333333 
YLLCORNER -55.75 
CELLSIZE 0.0833333333333333 
NODATA_value -9999 
[rows 273 to 311 of 819, columns 264 to 351 of 559]
330 327 327 327 329 329 330 333 335 338 338 332 331 329 328 329 329 337 346 353 360 366 370 373 374 373 369 365 360 355 349 343 339 336 334 333 332 330 329 333 334 336 339 341 348 355 358 362 361 360 360 360 359 357 354 353 355 360 363 368 372 377 382 385 386 388 390 392 394 392 386 382 377 372 368 363 357 356 352 348 345 341 337 333 329 326 325 322
329 328 328 329 330 332 333 334 338 341 340 335 332 331 330 330 335 343 352 360 367 371 376 377 376 373 368 364 358 353 347 343 339 335 333 332 331 329 328 330 331 334 340 341 345 351 353 356 357 355 355 354 353 352 350 351 357 363 368 372 377 382 385 388 389 391 394 396 397 396 390 384 378 373 370 363 359 356 352 349 345 340 337 332 329 325 325 323
329 329 329 329 329 331 333 335 338 340 339 336 334 333 332 332 339 347 356 365 372 378 381 380 376 372 367 363 357 351 344 340 336 333 332 330 329 327 325 328 330 332 337 339 340 345 348 349 350 350 348 349 348 347 348 353 359 366 372 377 379 382 386 389 390 394 397 399 402 399 392 386 380 375 369 364 359 354 350 347 342 339 336 331 328 324 324 322
331 330 330 331 331 332 335 336 338 339 338 336 334 332 333 334 341 348 357 366 376 381 383 380 375 369 364 360 354 348 342 336 333 331 331 330 327 326 324 325 327 329 332 336 337 339 341 343 343 343 342 342 343 344 349 355 361 368 375 378 381 383 386 388 391 395 399 400 404 399 393 386 380 374 369 363 359 355 351 346 344 339 336 331 328 326 323 320
332 331 332 333 334 335 338 338 339 339 338 336 335 334 332 333 338 347 354 362 370 381 380 378 371 365 360 355 350 344 339 333 330 328 328 327 325 324 323 323 324 325 328 332 333 334 336 336 336 335 335 336 335 340 346 353 362 370 376 379 381 383 385 387 390 393 394 397 398 396 391 384 378 373 367 361 357 354 350 345 339 338 334 329 326 324 321 319
333 333 334 335 337 338 340 340 340 338 338 336 335 334 333 334 334 344 352 359 364 370 372 369 364 360 354 349 345 340 335 330 329 327 326 324 322 320 321 319 319 322 325 328 328 328 331 331 330 328 329 327 331 337 342 352 362 373 376 377 380 381 384 385 388 391 392 392 391 390 385 380 376 372 365 361 356 351 349 344 339 335 333 328 325 323 321 318
333 333 334 335 337 340 342 341 339 338 337 336 334 334 334 334 334 336 344 351 356 359 361 358 355 352 348 343 339 334 331 330 328 325 325 323 321 320 319 317 315 317 321 323 323 324 325 325 324 324 323 325 326 331 338 349 358 369 374 375 376 378 380 382 384 386 388 388 387 386 381 376 373 368 362 359 354 348 345 343 338 333 331 325 322 321 319 317
332 333 333 336 337 339 342 340 338 336 336 335 333 334 334 334 334 334 335 340 342 345 347 347 345 343 341 338 334 330 330 329 327 325 323 321 320 318 317 316 313 313 316 319 320 320 320 321 319 320 321 321 322 326 330 340 353 361 366 368 371 373 376 377 379 381 382 382 381 379 376 372 368 363 359 355 350 346 343 341 335 331 327 322 321 318 315 315
333 333 333 334 334 337 338 336 333 333 333 333 332 333 334 334 334 335 336 338 338 336 334 333 334 335 335 333 331 330 328 327 326 324 321 319 317 317 314 313 311 311 312 312 313 314 316 317 317 318 319 319 319 318 321 332 345 353 358 363 365 368 370 372 374 375 377 376 375 374 371 367 363 360 355 351 347 344 340 336 333 329 324 320 317 315 313 312
332 333 332 332 333 333 333 331 330 330 330 330 331 333 333 333 333 335 335 334 336 335 333 333 332 334 334 333 332 332 329 326 326 323 320 319 318 317 314 311 310 309 310 310 311 311 311 310 315 314 315 315 315 317 317 325 336 346 353 357 360 362 365 367 368 369 370 370 369 367 366 362 359 356 352 347 344 342 337 332 332 326 320 319 315 313 312 308
332 332 332 331 330 328 327 327 327 328 329 328 329 331 331 331 333 334 334 334 334 334 334 333 333 334 336 335 333 333 330 325 324 322 320 319 318 316 314 311 310 308 307 308 308 309 310 311 312 313 312 313 313 314 318 323 331 339 346 351 354 358 362 363 364 366 365 364 364 362 360 359 354 352 348 343 340 336 333 329 327 322 316 316 313 310 309 307
332 332 331 329 327 325 325 323 323 325 326 326 327 330 330 332 333 333 334 333 333 332 333 335 336 336 335 336 334 332 331 325 321 319 320 320 317 314 313 311 309 305 305 306 307 309 310 311 313 314 312 313 314 314 317 321 327 334 341 347 352 356 357 358 358 360 359 359 358 357 355 352 350 347 343 340 336 333 328 324 321 319 316 315 310 307 305 305
331 330 329 328 325 322 321 320 320 322 324 324 326 328 330 332 333 335 334 333 334 334 335 339 339 339 337 336 333 333 330 325 320 317 317 316 315 313 310 307 307 307 305 306 307 309 309 313 314 314 315 314 315 317 319 322 327 333 337 344 347 351 352 351 352 354 354 355 354 352 350 346 345 343 339 335 332 329 326 321 319 317 311 312 308 306 304 302
331 330 328 326 324 321 317 319 319 321 322 324 326 329 331 333 334 335 337 338 337 338 339 342 343 342 339 338 334 333 330 326 321 317 314 312 312 311 307 305 304 304 304 305 306 306 309 313 315 315 315 315 316 319 321 323 327 333 334 338 341 343 347 348 349 348 348 348 348 347 345 342 340 338 334 331 328 324 322 317 313 311 309 305 303 303 301 300
332 330 328 326 324 320 317 318 318 319 321 323 326 330 331 333 335 337 338 341 342 343 344 346 346 344 342 341 338 333 329 326 322 317 313 310 308 307 305 303 301 301 304 302 303 306 311 314 316 318 317 317 319 322 322 323 326 329 332 336 338 340 343 346 346 344 343 344 344 343 341 338 337 334 330 327 323 321 319 317 314 309 306 302 299 299 297 296
332 332 330 326 324 320 318 317 318 319 323 324 328 331 332 334 335 339 340 343 345 347 350 350 349 347 345 342 336 331 329 324 321 318 314 310 308 306 304 305 305 304 303 301 301 309 315 318 318 319 319 319 319 323 323 324 325 328 331 335 335 336 337 338 338 339 340 339 339 337 335 334 332 329 326 323 319 316 314 313 309 304 301 299 297 296 293 293
335 332 331 328 325 322 321 320 320 322 323 324 328 332 332 334 336 338 341 344 348 348 350 351 351 350 347 341 336 332 328 330 328 328 324 317 314 308 307 309 309 307 304 299 302 312 319 321 322 321 321 320 320 322 322 323 326 327 329 330 332 333 332 333 334 335 335 335 334 331 330 328 327 324 322 319 316 313 310 307 304 302 300 295 293 291 291 290
336 334 332 329 327 325 324 322 322 324 326 326 330 333 335 335 338 340 343 344 347 348 350 350 352 351 347 342 338 334 338 341 341 338 334 328 324 316 313 313 310 308 306 300 307 317 325 326 324 323 322 321 321 321 322 324 325 326 327 328 327 328 329 330 331 331 330 331 329 327 326 324 323 320 318 316 312 310 309 306 301 299 298 294 291 287 288 289
338 335 333 331 330 328 326 325 324 326 328 328 331 333 336 338 338 340 341 344 347 350 350 349 349 349 346 339 340 343 350 352 358 353 348 341 333 327 321 318 316 311 309 306 310 318 325 325 324 322 322 322 322 321 322 324 324 324 325 325 325 325 326 327 327 326 326 326 325 324 322 321 319 317 314 311 309 307 306 301 298 297 296 294 292 288 287 288
340 337 336 332 330 329 327 327 329 329 329 332 335 337 336 338 339 341 343 344 346 348 350 348 348 345 342 343 348 354 360 364 371 371 367 357 350 340 332 322 319 316 315 311 314 321 324 322 322 323 322 322 321 321 322 322 322 321 321 322 322 323 324 324 323 323 322 321 321 319 318 316 315 313 311 308 306 303 301 298 298 297 296 294 293 290 291 291
340 338 336 334 333 330 330 330 332 330 331 334 335 338 337 339 341 342 345 345 347 348 348 348 346 343 345 350 356 366 373 379 385 392 389 377 366 355 340 326 322 320 320 316 313 318 320 321 322 321 321 320 321 320 321 320 320 320 322 321 319 320 320 320 320 319 318 318 317 316 314 313 311 310 307 305 305 303 300 298 298 297 295 296 296 292 294 296
340 339 338 336 334 332 331 331 332 332 334 336 337 338 339 341 343 344 344 346 348 348 348 348 346 349 352 359 366 376 384 392 399 402 401 397 382 366 346 337 329 326 325 323 317 317 318 319 319 319 319 319 320 319 318 317 317 317 317 318 318 316 317 317 316 315 315 314 313 312 311 309 308 306 304 301 300 303 299 297 296 298 296 298 297 295 295 296
341 341 339 336 335 336 335 334 335 335 336 337 337 339 341 343 345 344 346 346 347 346 346 349 352 355 359 370 378 384 391 402 410 416 414 410 395 375 361 348 335 329 330 327 323 318 317 317 317 317 317 318 318 317 316 315 315 315 316 317 315 314 314 312 313 313 312 311 309 307 307 305 304 303 301 299 297 301 298 296 298 296 299 297 297 298 297 297
339 340 340 339 337 337 338 336 337 336 337 338 340 342 342 343 344 346 347 346 347 347 346 351 356 360 363 371 382 391 403 414 426 432 433 419 399 383 368 352 336 333 334 332 328 322 319 317 315 315 316 316 316 315 315 314 314 314 313 314 315 312 311 311 310 309 308 307 306 304 303 303 300 300 298 296 296 297 297 294 296 294 295 298 297 298 297 299
339 340 340 340 340 338 339 339 339 338 338 339 342 342 343 343 344 346 347 348 346 346 347 355 363 364 366 374 381 394 405 412 422 430 430 414 402 386 370 351 340 340 338 332 329 327 324 321 318 315 313 314 314 313 314 313 313 312 311 310 310 310 310 307 307 306 305 304 303 301 301 300 299 298 296 295 295 294 295 294 296 294 296 297 298 299 300 300
340 339 339 341 341 340 340 341 342 340 339 341 344 345 346 344 345 346 347 347 345 345 347 352 361 363 367 372 380 389 399 408 411 413 413 403 397 383 369 352 348 346 340 334 333 329 327 325 322 318 314 311 313 312 312 311 311 310 309 308 308 309 306 306 304 303 302 302 300 299 297 296 297 295 295 294 294 293 293 294 296 293 295 297 300 299 301 300
340 339 341 342 341 342 342 343 342 342 342 343 346 347 347 346 346 346 347 347 346 345 346 351 359 364 367 372 378 391 399 409 409 404 400 395 386 378 363 351 352 350 343 340 337 332 329 326 323 321 317 314 312 310 309 308 307 307 309 308 307 305 303 303 301 301 299 299 297 296 294 293 293 293 293 293 293 292 292 292 295 294 295 296 299 300 301 301
339 340 341 343 342 342 343 343 345 344 343 344 346 348 347 348 348 347 347 345 345 344 346 351 358 363 365 371 374 382 392 403 405 397 393 388 381 375 359 355 356 353 345 345 342 336 334 327 325 323 317 316 312 309 307 307 306 305 305 303 302 302 301 303 299 298 296 295 294 293 293 292 291 291 291 291 291 291 291 290 292 296 295 297 298 299 300 300
338 340 343 344 343 345 344 346 346 346 345 346 347 348 347 348 348 348 348 346 345 345 345 350 357 360 364 368 372 377 383 388 394 389 384 385 377 366 356 356 356 355 348 348 343 339 336 331 326 320 319 318 313 310 307 306 303 303 302 300 300 299 298 299 296 295 293 292 292 291 291 290 290 290 289 290 289 289 290 290 290 292 294 295 297 298 299 299
339 341 342 343 344 345 347 349 346 348 346 346 349 349 349 350 349 349 347 346 345 345 342 347 352 359 365 364 367 367 377 379 377 383 376 374 370 362 360 358 359 358 351 348 345 341 337 332 326 323 321 318 312 309 308 304 302 301 299 298 297 297 295 295 293 292 292 292 291 290 289 288 289 288 287 288 287 287 288 288 289 292 292 293 293 296 296 299
339 341 343 343 344 345 348 349 349 350 347 347 349 351 350 350 348 349 349 347 344 343 343 343 349 358 363 360 360 363 363 368 369 369 373 364 366 366 366 364 361 359 358 349 347 343 338 336 328 324 320 317 313 309 308 305 302 299 297 295 296 295 294 294 292 291 291 291 290 289 288 287 287 286 286 286 286 286 287 288 290 291 291 291 292 295 295 296
340 342 343 345 345 347 350 349 351 350 349 347 349 350 350 351 349 348 348 346 344 345 342 345 345 351 355 354 356 357 357 360 360 359 364 363 364 367 367 368 366 363 358 352 346 345 339 336 329 325 320 316 313 310 307 304 302 300 296 295 295 295 294 292 292 290 290 289 288 288 287 285 285 284 284 284 285 285 286 287 289 288 289 290 290 292 293 294
340 341 345 348 347 348 352 353 352 349 351 350 348 350 351 350 349 349 349 346 345 345 345 348 341 343 348 351 352 352 349 350 349 352 356 357 363 368 368 370 368 363 361 352 348 346 340 334 330 327 322 314 314 310 306 303 301 299 296 294 295 294 294 293 291 290 290 288 287 287 286 285 284 282 282 282 283 283 285 287 288 288 290 291 290 290 291 291
339 341 345 347 348 350 351 352 351 349 349 352 350 351 351 351 353 349 350 348 345 343 343 340 338 339 345 345 345 342 341 345 349 348 351 354 357 365 369 370 371 366 361 351 348 345 340 335 331 325 319 314 313 309 305 303 301 297 295 294 294 294 295 294 291 289 289 288 288 288 285 285 286 286 284 283 284 282 285 285 286 285 286 289 289 290 290 290
338 341 345 348 348 349 350 350 350 350 350 352 351 352 352 350 351 349 348 348 348 347 340 340 339 335 337 340 338 337 339 339 345 348 349 349 352 358 366 370 373 366 362 352 343 342 340 335 329 324 319 316 312 308 304 300 299 297 295 295 295 296 294 293 290 290 289 289 288 287 285 284 285 285 283 282 281 280 284 284 285 286 287 286 288 289 288 289
339 342 344 346 347 349 350 351 349 350 354 353 351 351 352 352 351 349 348 348 347 345 341 340 337 335 334 333 332 333 337 337 339 343 346 349 348 353 362 366 368 362 357 351 340 337 337 333 328 323 317 314 311 307 302 299 298 297 295 296 295 295 294 294 291 291 289 289 287 287 284 283 284 284 281 280 278 280 280 282 283 285 286 285 287 288 289 289
338 342 343 345 345 346 349 352 350 351 353 351 350 351 350 351 351 349 347 348 347 345 342 342 340 336 333 332 329 331 332 334 335 338 341 346 346 346 354 359 359 355 349 348 339 331 331 329 325 322 316 312 308 305 301 301 300 297 297 295 296 294 294 291 292 291 291 287 286 283 283 281 282 281 280 278 275 280 281 283 282 282 283 286 287 287 287 287
336 339 342 344 342 344 348 351 350 349 351 351 350 349 349 351 349 349 348 348 346 346 345 343 339 336 335 331 331 327 328 330 331 332 335 336 340 344 349 352 350 348 340 339 336 326 323 321 322 318 312 311 305 303 301 301 298 297 300 295 295 296 295 293 294 291 287 287 284 283 283 279 279 279 277 275 276 278 278 278 279 282 282 284 285 285 286 286
335 336 340 342 343 344 346 348 347 346 349 351 350 350 350 349 349 348 349 347 346 345 344 342 336 335 334 330 329 327 325 327 326 326 332 334 334 341 342 344 340 339 333 332 330 325 319 315 313 315 310 308 304 302 300 300 297 296 300 299 299 297 296 295 295 290 289 287 285 283 281 277 277 276 275 271 273 274 275 276 277 280 282 283 283 284 285 286
