data/Capas_SouthAmerica_5M/bio_19.asc
NCOLS 559 
NROWS 819 
XLLCORNER -81.3333333333333 
YLLCORNER -55.75 
CELLSIZE 0.0833333333333333 
NODATA_value -9999 
[rows 280 to 319 of 819, columns 182 to 272 of 559]
139 140 140 141 145 144 146 150 157 160 156 158 157 156 153 152 151 148 147 147 144 143 144 143 139 136 134 131 132 134 131 131 129 125 123 122 119 117 116 116 115 115 115 116 117 115 116 115 115 117 120 116 113 109 107 107 105 100 101 100 98 96 97 96 96 94 94 92 90 89 88 88 87 85 84 83 82 81 79 77 75 74 70 71 69 67 66 65 63 63 64
137 141 141 143 145 144 146 150 154 155 153 155 156 155 155 151 150 149 146 144 142 142 139 137 137 135 133 133 131 133 134 129 127 124 123 121 121 119 118 116 114 114 113 114 116 115 115 114 115 115 114 112 109 108 107 105 103 99 99 98 97 96 95 96 94 94 93 91 90 90 90 88 87 86 85 84 81 80 79 76 75 72 71 72 68 67 65 64 63 63 61
138 144 141 142 144 144 146 147 150 151 149 152 153 153 152 150 150 148 144 143 140 140 137 135 132 131 129 130 132 135 136 128 125 124 121 119 119 118 117 116 114 114 112 112 115 115 115 114 112 113 112 110 106 104 104 103 102 97 95 96 95 93 95 96 95 92 91 90 90 88 88 88 86 84 83 82 82 80 79 76 74 72 71 70 68 66 63 62 62 61 62
140 140 138 140 143 144 144 147 150 148 148 151 153 151 152 150 148 147 144 142 140 139 135 133 130 128 128 125 127 129 128 125 124 123 121 119 118 118 118 116 114 114 111 111 112 113 113 111 110 109 108 104 103 102 104 101 99 97 95 95 93 94 93 94 94 91 90 88 89 89 88 86 86 84 81 81 81 79 78 75 74 73 72 71 69 67 64 62 61 61 63
143 143 143 145 146 142 143 145 148 146 147 150 152 151 151 150 147 146 142 140 139 136 134 130 128 127 125 123 125 124 123 123 120 121 122 120 118 119 117 114 112 110 112 111 112 112 112 109 108 105 104 102 99 100 99 99 97 95 94 92 93 93 93 92 93 91 90 89 88 87 87 86 85 83 83 83 80 78 77 75 74 73 71 70 68 65 64 63 63 63 64
145 144 144 145 147 145 146 146 146 144 144 146 149 149 149 147 145 141 140 137 136 135 133 130 126 124 123 121 121 121 120 118 116 117 122 117 115 115 114 111 109 108 109 110 109 109 109 105 105 102 100 98 97 96 95 95 95 93 93 93 94 92 94 94 93 90 89 88 87 87 87 86 86 85 84 84 80 78 76 75 74 72 71 70 67 66 65 64 64 64 65
147 146 144 144 146 146 144 144 145 142 141 142 143 144 143 143 141 138 136 134 134 133 131 128 125 123 123 122 118 119 118 115 116 118 118 115 113 112 112 111 111 109 106 107 108 109 109 104 102 101 98 94 95 93 92 92 90 91 91 92 91 92 93 94 95 93 90 88 87 87 88 86 86 84 83 83 81 79 78 74 73 72 71 70 69 67 69 68 65 66 66
147 147 146 145 146 145 145 144 143 141 138 139 139 141 140 139 137 135 131 130 131 130 128 126 123 123 122 120 118 117 116 115 114 114 113 116 111 110 110 111 111 107 105 105 106 105 101 100 99 97 96 93 92 90 88 89 90 87 88 89 91 93 93 94 95 94 92 88 88 89 87 86 84 84 84 84 83 81 78 75 74 72 71 71 70 68 69 68 69 66 65
146 146 146 146 145 145 144 142 142 141 139 138 138 140 138 139 135 132 131 128 128 126 125 123 121 121 121 121 120 118 115 113 113 112 112 113 114 111 108 108 107 103 103 103 103 100 97 97 95 96 92 91 90 87 86 86 86 85 87 89 89 91 93 95 94 94 91 90 88 88 89 87 86 85 85 82 82 80 77 76 73 72 71 72 69 68 68 67 67 67 66
146 144 144 143 144 143 143 142 141 139 137 134 136 136 136 134 133 130 128 127 123 123 121 122 121 122 120 122 119 118 114 110 111 110 110 111 110 109 108 105 104 103 103 102 102 99 95 93 93 92 90 88 87 84 84 84 84 85 84 86 87 90 92 95 94 92 92 90 90 89 88 87 87 87 86 83 83 82 80 77 75 73 73 72 71 71 69 67 67 69 68
146 144 142 144 143 143 142 144 139 137 138 133 132 133 132 132 131 129 126 125 122 121 120 120 119 121 121 118 116 114 113 112 111 109 108 110 111 110 108 106 104 105 102 100 102 100 96 91 90 89 88 87 88 83 83 81 82 85 84 84 86 89 90 93 94 94 92 92 90 88 88 88 88 87 87 87 83 83 82 80 77 76 73 72 71 72 70 69 69 68 68
146 144 143 142 142 143 141 141 139 136 137 135 131 130 130 128 128 126 124 122 120 120 120 119 117 116 117 116 116 115 113 113 108 108 108 109 109 110 107 106 103 102 101 99 101 98 95 92 89 88 86 85 83 82 80 80 82 83 84 84 85 88 90 92 91 91 91 92 91 88 87 88 89 88 86 86 85 84 83 81 78 77 75 73 73 72 72 71 72 68 69
146 143 142 141 141 142 143 136 139 134 136 133 129 128 127 126 125 123 121 119 118 118 116 114 114 113 113 113 112 112 112 111 109 108 107 108 107 107 104 102 102 101 98 97 96 96 92 91 89 87 86 83 81 81 79 79 80 81 83 83 83 87 88 90 91 90 91 91 91 90 88 88 89 89 87 86 86 86 83 82 79 78 76 75 74 73 72 72 72 71 72
148 143 143 141 140 141 144 136 138 135 137 132 126 125 123 121 122 122 120 117 115 115 115 111 111 113 112 110 111 110 111 110 109 107 106 104 105 103 102 101 101 100 97 96 94 93 91 91 89 89 88 84 81 80 79 80 80 81 81 82 84 85 89 88 88 89 89 91 89 87 88 88 88 89 89 89 87 87 84 83 81 80 78 76 76 75 75 74 73 72 73
146 144 143 141 140 141 141 134 138 138 138 129 125 125 124 122 120 120 118 114 113 112 111 110 111 111 110 108 108 108 109 111 109 108 106 104 102 102 100 98 97 96 97 94 91 91 91 91 88 87 86 84 82 80 79 80 80 80 80 80 83 85 86 88 85 85 88 89 90 88 88 88 88 88 88 91 89 90 88 88 85 83 81 79 79 77 76 75 73 74 73
145 143 141 142 142 142 140 135 136 135 134 128 124 126 124 121 117 116 114 113 110 110 109 108 108 109 108 107 106 107 106 105 105 105 103 102 101 100 100 98 96 94 94 92 91 92 92 92 89 88 86 83 81 80 78 78 77 77 79 80 81 82 83 86 83 86 88 88 89 89 89 88 90 90 89 91 91 92 91 91 87 85 83 82 82 80 77 78 76 75 75
146 141 139 140 141 140 142 137 136 134 129 125 122 125 126 123 118 114 113 112 109 109 109 107 105 106 106 105 104 105 106 103 103 103 102 102 100 98 97 97 96 94 92 91 90 91 91 92 89 88 86 84 82 80 79 78 77 77 78 79 80 81 83 82 83 85 85 86 89 89 90 92 92 92 91 91 93 92 92 90 88 85 84 83 83 82 80 77 78 77 76
145 139 137 137 142 141 139 137 136 136 127 123 121 124 124 120 117 114 111 109 107 108 107 106 103 102 103 103 104 104 104 103 103 101 101 101 98 98 96 95 94 94 93 91 89 89 88 91 90 88 87 84 84 83 81 78 78 76 77 77 79 80 81 82 83 84 83 85 86 87 89 92 93 92 91 92 93 93 92 91 89 86 86 84 83 82 82 81 81 80 78
145 144 139 137 137 138 133 133 134 134 128 123 118 122 123 120 116 113 110 108 106 107 106 104 103 102 100 100 102 102 102 102 99 99 99 99 97 96 96 93 94 92 92 91 89 89 89 88 90 88 87 83 82 83 83 81 78 78 78 78 79 78 79 80 82 82 83 83 84 86 89 91 93 92 93 94 94 94 94 93 92 88 85 85 85 85 83 82 82 80 79
143 143 140 138 139 135 133 132 130 130 129 122 118 119 120 117 115 112 109 108 107 102 103 103 101 101 101 99 100 100 99 99 99 99 100 98 97 96 94 93 94 93 92 92 90 87 89 88 90 88 87 84 83 83 83 81 81 80 79 79 78 77 79 79 81 82 84 85 86 88 91 92 94 95 96 95 94 95 94 93 92 90 87 87 88 86 83 84 84 82 80
144 142 142 141 139 131 135 133 130 130 128 123 117 115 116 114 114 113 107 105 105 103 100 99 100 99 99 100 99 100 99 98 97 97 98 97 97 97 93 93 93 93 91 91 90 89 88 87 89 86 85 83 83 83 83 82 81 81 81 80 78 78 80 81 80 82 84 87 87 90 90 94 95 98 98 97 95 95 92 91 92 90 89 90 89 89 86 86 85 83 83
145 144 140 138 135 133 135 132 130 131 126 121 117 114 111 111 113 111 109 109 105 102 100 100 98 99 99 99 98 100 99 98 96 96 96 96 97 98 93 92 94 92 91 90 89 86 87 86 85 84 84 82 82 83 83 83 81 81 82 80 82 81 82 81 82 84 87 88 89 91 90 94 97 99 98 96 94 92 92 93 93 91 91 91 90 90 88 88 88 86 84
144 142 142 136 132 135 134 126 128 129 127 122 118 114 114 112 107 110 110 109 103 100 100 102 103 97 99 97 98 100 98 96 96 94 96 96 96 95 94 93 93 91 91 90 88 87 86 85 84 85 86 84 82 82 83 83 83 81 81 83 86 84 83 83 84 85 86 89 90 92 92 95 100 98 96 96 96 94 94 94 94 95 95 91 92 91 90 91 95 91 85
145 143 141 134 132 132 130 121 127 130 124 124 117 114 114 114 110 111 109 107 103 101 98 99 101 98 96 96 96 97 97 97 95 94 95 96 95 95 95 93 93 93 94 92 89 88 87 86 85 84 84 85 84 84 84 83 81 83 86 84 82 82 83 83 84 86 88 89 93 95 94 95 99 98 96 96 98 96 95 94 95 96 95 93 92 93 92 94 97 91 87
144 144 143 137 135 127 129 120 125 127 123 120 119 113 111 112 114 111 110 106 104 99 98 95 95 96 94 94 96 96 95 94 94 93 93 94 95 94 93 92 92 93 93 93 90 89 87 87 84 84 84 84 83 84 84 83 84 86 86 84 84 85 85 85 87 88 92 92 95 96 95 97 98 96 97 97 100 98 98 98 99 98 97 96 95 96 95 97 98 94 92
145 145 134 136 138 133 130 120 121 127 121 118 118 112 110 109 111 111 107 107 103 100 97 96 95 95 94 93 94 94 94 94 95 94 95 92 94 94 94 92 92 91 92 93 90 89 87 86 86 86 85 83 84 84 85 85 85 88 90 91 87 88 89 89 90 92 95 95 96 97 97 95 95 98 98 98 97 99 99 100 101 99 99 97 97 98 98 99 100 95 95
147 145 130 134 138 137 134 124 122 125 126 123 116 113 113 114 109 107 105 106 104 100 97 92 93 93 93 94 92 92 94 93 95 94 93 93 92 92 92 92 90 90 89 92 91 89 89 88 87 86 86 86 84 84 85 86 87 87 89 92 90 91 92 92 92 95 98 98 97 98 99 97 96 97 100 99 98 99 98 102 101 100 99 98 101 99 100 100 98 99 97
146 146 132 131 130 132 132 129 127 125 126 122 117 116 115 111 107 107 103 104 102 99 96 93 95 93 92 94 93 93 93 92 93 94 92 92 92 91 91 91 90 90 89 88 90 90 89 86 86 86 88 88 86 86 87 88 87 88 89 89 90 92 93 95 96 97 99 100 96 97 99 98 97 98 98 99 98 98 101 104 101 98 99 100 108 103 101 101 98 98 97
148 146 141 133 130 132 132 129 129 126 123 117 117 119 114 114 112 107 104 103 100 96 96 94 95 91 92 93 92 93 91 92 92 93 92 92 91 92 92 93 92 89 88 87 88 89 88 87 86 87 87 89 89 89 90 88 88 87 89 91 91 94 98 99 100 100 100 99 99 99 97 97 98 98 97 98 97 98 100 102 99 98 99 100 106 101 101 101 100 99 95
148 146 142 140 133 132 134 131 128 126 123 119 116 117 117 114 112 110 107 104 99 96 95 91 91 91 91 92 94 92 91 91 91 91 92 91 91 92 93 92 91 89 89 89 89 87 87 87 87 86 88 89 90 90 90 89 88 89 90 92 93 97 98 99 101 102 101 101 101 99 99 95 96 97 98 97 98 99 99 100 98 98 100 102 103 100 100 100 99 96 93
148 145 144 141 137 132 132 131 129 127 123 118 120 120 119 116 113 110 107 106 101 97 94 92 91 93 93 92 94 94 93 93 92 94 93 92 92 93 94 94 91 90 89 88 88 88 87 88 87 85 87 89 90 90 89 90 92 92 92 93 93 94 96 98 98 100 102 102 102 101 98 96 97 100 99 99 98 99 99 98 97 98 101 101 101 100 101 101 98 94 93
151 148 146 143 140 136 132 131 130 128 126 121 123 120 118 117 116 113 110 109 106 100 98 94 92 95 94 94 94 95 93 95 94 94 95 96 95 95 96 94 91 89 89 89 88 86 88 88 87 87 88 87 89 90 90 91 92 93 92 93 94 93 94 96 97 100 102 103 100 98 98 99 99 98 100 100 99 100 99 99 96 99 101 98 100 99 100 97 96 96 95
154 150 147 143 139 136 131 130 130 128 123 124 122 119 117 118 116 115 112 108 107 101 99 97 94 95 97 96 97 97 96 97 98 96 96 96 96 95 98 96 93 90 89 88 89 87 89 91 88 88 89 88 88 90 89 88 91 91 91 90 92 92 92 94 97 98 98 99 101 97 96 97 97 99 99 100 102 100 100 96 94 97 99 98 99 100 99 97 97 96 90
155 152 150 146 140 136 136 129 131 130 123 123 123 121 119 120 120 116 114 110 107 105 102 100 98 98 99 97 96 97 97 99 98 98 95 96 96 97 97 98 96 92 90 88 90 89 90 91 93 92 90 91 90 90 90 90 91 91 90 90 91 91 92 92 97 96 95 97 98 95 98 98 97 97 99 98 99 100 99 96 96 97 98 97 98 98 99 94 93 94 90
156 153 150 148 143 137 134 133 129 128 124 124 124 124 123 123 120 119 118 115 111 109 106 104 100 99 100 99 98 98 99 99 99 99 98 96 97 96 98 98 97 95 91 91 91 91 91 91 92 91 92 90 89 91 92 92 95 93 90 91 90 91 91 92 93 93 95 96 95 96 96 98 96 98 99 98 99 100 98 96 96 96 96 96 96 96 96 92 91 92 88
160 153 151 149 146 140 136 134 134 130 127 124 126 126 125 124 120 120 120 117 113 111 111 107 104 101 100 101 100 101 101 100 99 100 99 99 98 97 98 99 98 96 94 92 92 93 92 91 91 91 90 90 88 89 92 92 93 93 92 92 93 93 94 93 95 94 92 94 93 95 97 97 97 98 99 99 97 99 97 98 95 94 95 96 95 94 92 90 90 92 88
160 155 151 149 146 142 138 136 136 135 130 126 126 129 127 124 123 124 122 120 116 115 113 110 107 105 105 106 105 103 101 102 100 100 100 100 100 99 100 99 99 97 95 93 92 93 93 92 91 91 92 91 90 91 92 93 93 92 92 93 93 93 93 95 95 96 93 93 92 93 96 96 100 99 97 98 98 98 97 95 95 93 95 96 94 93 92 88 89 90 85
159 156 152 150 149 145 142 140 141 140 133 132 128 131 129 125 125 125 126 124 120 118 116 113 112 109 107 109 106 105 103 102 101 100 100 101 102 99 99 99 97 98 97 95 93 93 91 91 92 91 91 91 89 89 90 92 92 92 93 93 93 94 93 93 93 95 96 93 91 92 94 95 99 100 96 96 97 97 96 93 95 93 94 95 94 91 91 87 90 90 86
161 114 154 153 149 147 146 144 142 142 138 137 132 129 133 132 132 129 129 125 120 121 119 116 114 113 109 108 107 107 104 104 104 101 101 101 101 101 99 98 98 97 98 95 94 93 94 92 92 92 90 90 89 89 89 90 92 92 92 92 92 93 93 93 93 95 96 95 93 93 94 97 99 97 96 98 97 96 94 93 93 92 92 93 93 88 89 89 88 88 85
119 115 113 156 150 149 146 146 145 145 143 140 139 132 135 137 137 136 133 127 122 124 123 119 116 115 113 112 110 109 109 105 105 103 102 102 100 99 99 98 97 97 97 97 97 95 93 93 92 92 91 89 88 90 90 89 90 91 91 92 92 91 92 93 93 94 95 94 92 94 94 95 96 96 95 98 97 94 92 92 93 92 92 94 92 90 90 88 88 87 87
