data/Capas_SouthAmerica_5M/bio_18.asc
NCOLS 559 
NROWS 819 
XLLCORNER -81.3333333333333 
YLLCORNER -55.75 
CELLSIZE 0.0833333333333333 
NODATA_value -9999 
[rows 195 to 233 of 819, columns 87 to 173 of 559]
738 735 734 731 730 730 729 731 731 738 732 732 736 737 737 737 737 734 731 728 724 719 712 707 703 697 693 688 682 678 674 673 670 669 621 621 621 624 625 627 631 635 641 644 648 654 659 664 661 655 643 625 603 583 561 538 529 527 531 536 540 544 550 560 565 568 571 574 578 580 583 582 583 583 585 586 586 587 590 591 595 598 601 603 604 604 606
729 727 724 722 720 720 719 720 724 722 721 725 729 729 731 732 730 728 727 723 720 715 709 705 701 696 690 685 679 675 669 667 665 663 613 612 612 614 615 619 624 627 634 640 647 653 662 672 673 667 656 636 614 591 569 553 540 538 537 541 543 547 552 560 564 568 571 573 577 580 582 582 583 585 586 586 587 585 586 589 593 594 596 599 600 601 601
721 717 714 712 710 710 710 711 714 713 713 716 721 722 725 725 725 724 722 720 716 712 708 702 698 693 689 683 677 672 668 664 660 658 653 656 605 605 610 612 618 624 631 641 648 655 666 677 688 685 671 649 623 599 579 563 550 546 544 548 546 549 556 560 563 566 570 573 577 579 581 583 584 587 587 585 585 586 585 589 589 590 592 594 594 596 597
711 708 705 703 701 701 700 704 704 706 708 711 714 716 719 719 721 719 718 716 713 710 705 701 696 692 686 681 673 668 664 658 654 650 646 647 597 597 600 605 611 618 627 635 645 655 666 679 698 705 688 659 630 605 586 569 558 553 554 553 551 553 558 562 566 570 571 574 576 580 581 582 583 586 586 586 588 587 586 586 587 589 589 588 587 589 590
702 699 697 693 692 691 692 694 695 698 701 704 708 713 714 717 717 717 716 713 711 707 703 701 696 689 684 677 671 665 659 654 649 644 639 636 634 635 590 595 601 609 619 626 635 647 659 675 698 724 697 657 627 605 589 575 568 562 561 558 555 560 563 566 568 572 574 576 578 582 583 585 586 589 587 587 586 587 585 585 587 586 584 583 583 584 586
695 690 688 684 683 681 682 687 687 689 692 699 705 708 712 713 715 715 712 712 710 706 703 699 693 689 683 675 669 663 656 650 643 637 630 624 620 618 580 583 591 598 606 614 624 632 642 742 676 696 677 642 614 598 585 578 571 569 566 562 564 566 568 570 572 574 578 579 583 585 587 586 587 589 587 586 586 585 585 583 585 583 582 580 579 579 579
688 682 679 675 674 671 672 676 678 684 691 697 702 705 708 711 712 712 712 711 708 705 702 698 692 686 681 675 668 661 653 646 639 631 623 614 607 600 606 619 583 592 600 605 613 618 621 627 634 640 638 617 598 588 584 579 577 574 571 570 572 573 574 576 576 577 580 581 585 587 587 589 589 589 587 587 588 586 585 583 581 580 580 577 576 574 573
680 675 672 669 665 662 665 667 674 680 688 694 700 703 707 709 710 712 712 710 708 705 702 698 692 687 679 674 667 660 653 643 636 626 618 608 597 588 595 611 577 586 591 598 602 604 604 602 600 602 605 598 591 585 584 584 580 578 579 577 578 579 580 581 581 581 583 585 586 589 589 590 591 588 588 589 586 585 585 583 579 575 575 574 572 571 568
673 670 666 662 660 656 656 661 671 679 687 694 700 704 706 710 712 712 713 711 709 706 703 698 694 687 681 673 667 659 652 642 633 625 618 608 600 595 600 610 625 579 584 589 590 592 591 590 586 588 593 591 589 588 587 586 584 584 583 583 584 585 586 587 586 586 585 589 590 591 592 592 592 590 590 589 589 586 584 582 580 574 571 570 568 566 562
665 663 662 661 658 655 655 661 672 680 688 694 700 706 708 712 713 713 714 712 711 708 704 700 695 688 682 675 668 661 654 645 636 630 623 615 607 604 607 616 625 577 579 582 585 585 584 585 584 585 588 589 589 589 589 588 589 589 589 590 591 591 592 592 590 589 591 592 592 594 595 595 592 591 592 590 590 587 584 581 578 573 570 566 563 561 556
663 662 659 659 658 657 661 667 674 682 690 697 703 708 712 714 717 717 716 715 712 711 706 701 695 689 684 677 672 664 656 648 642 635 627 622 617 613 618 621 627 576 645 581 584 582 668 582 583 586 586 589 590 591 590 592 595 594 592 595 596 597 597 598 597 596 597 596 597 596 597 595 594 596 592 591 590 588 585 580 576 573 570 565 560 557 551
663 662 662 664 663 664 666 673 680 686 693 700 706 712 717 718 720 721 720 718 716 713 709 702 697 692 686 680 675 667 661 652 647 639 635 629 625 622 624 628 576 640 647 655 581 581 669 583 584 587 589 591 593 593 594 598 599 598 599 601 601 603 604 605 603 601 602 600 598 598 597 597 598 596 594 590 589 587 585 581 578 574 570 565 559 553 547
665 664 665 667 668 670 674 679 685 690 697 705 710 716 719 723 726 724 724 722 719 714 711 705 700 695 689 683 678 672 664 657 653 646 642 637 633 631 632 636 640 647 652 581 580 581 582 584 587 591 592 593 595 596 600 603 602 605 607 609 611 611 612 609 608 606 605 603 603 603 601 599 599 596 595 591 589 586 584 580 578 575 570 566 561 554 545
668 668 667 670 671 677 681 685 690 695 702 708 714 720 725 728 730 729 727 725 723 718 714 709 703 698 694 688 682 674 670 664 658 654 649 643 642 641 641 644 648 653 656 662 665 584 586 587 590 592 595 596 599 600 605 609 609 612 614 616 619 617 618 617 613 610 610 608 608 606 604 601 599 597 594 591 589 587 583 580 578 574 571 567 565 562 554
667 667 668 671 676 684 686 690 695 700 705 712 719 726 731 735 735 734 732 728 726 722 718 713 708 702 697 691 686 680 676 670 666 661 656 653 651 650 651 652 655 586 663 666 586 587 590 590 593 596 598 599 603 606 611 613 616 618 621 623 626 627 626 622 616 616 616 614 612 610 604 603 600 598 594 592 588 585 583 580 578 574 571 569 567 562 553
663 664 668 672 678 687 690 693 698 702 710 717 724 731 736 741 742 739 734 733 730 726 723 716 711 708 701 694 691 687 681 677 674 669 665 662 661 658 658 661 663 666 668 589 591 591 592 594 597 600 600 604 608 611 615 619 623 625 629 632 636 635 632 627 625 624 620 618 615 612 606 605 603 599 596 592 589 585 583 580 577 575 571 570 566 560 553
659 661 665 671 678 685 690 693 700 704 711 719 726 733 742 748 746 742 738 735 733 730 725 721 717 712 704 700 697 692 688 684 679 675 672 669 669 667 668 670 670 672 676 594 595 595 595 598 602 602 606 607 611 615 620 624 626 629 635 638 642 642 639 635 632 629 625 621 619 615 609 607 602 600 595 592 589 586 584 582 579 575 571 569 564 560 556
653 656 661 669 675 681 688 693 698 705 712 720 727 734 741 748 747 744 740 738 736 732 728 723 718 714 709 706 701 698 693 690 686 682 679 677 677 676 675 676 677 598 597 597 597 597 598 601 604 606 611 612 615 619 623 627 632 634 640 644 648 649 646 644 640 633 629 623 620 615 612 607 604 601 596 593 590 587 585 582 578 572 571 567 564 560 557
648 651 656 665 671 678 684 690 697 705 711 718 726 733 739 744 745 743 742 739 739 735 730 726 721 718 714 710 707 703 699 694 692 688 686 684 685 683 682 683 685 603 601 600 599 600 604 604 607 609 614 616 619 623 627 631 635 639 645 653 657 657 653 647 643 637 631 625 620 615 613 608 604 600 597 594 591 587 583 581 577 572 570 568 565 561 558
641 646 652 660 668 674 681 688 695 703 710 717 725 731 736 740 742 743 741 741 740 737 733 729 724 721 718 714 712 709 705 702 699 696 694 692 692 691 690 692 693 606 606 605 604 604 606 610 609 612 616 618 621 626 628 634 636 644 650 657 663 662 656 650 645 640 635 628 623 618 614 609 606 601 597 595 591 587 584 580 577 574 572 570 567 563 560
634 639 645 654 662 670 678 685 692 701 709 717 723 729 735 739 741 741 742 741 740 738 735 731 728 726 723 720 718 714 711 709 706 703 702 701 700 698 698 699 701 611 610 608 607 609 609 612 611 615 617 620 624 626 629 633 637 645 650 657 661 661 656 651 644 638 634 628 622 617 614 610 606 602 597 594 591 588 583 578 576 574 573 570 569 565 560
625 634 639 648 656 667 675 683 690 700 708 714 720 725 732 738 739 741 742 742 742 739 738 736 733 731 728 725 722 721 719 715 713 710 708 708 707 706 706 707 708 614 612 609 609 610 613 614 614 617 620 621 623 625 629 633 637 643 648 652 656 656 652 648 643 638 633 628 622 617 613 610 605 600 597 594 590 586 582 577 576 574 572 572 569 566 563
616 626 632 644 654 663 672 681 688 697 705 712 718 725 730 734 738 740 742 741 742 741 740 740 737 736 732 730 728 726 724 721 719 715 716 714 714 714 713 713 619 616 615 612 613 615 616 616 617 618 619 620 622 626 628 632 636 639 643 646 650 649 648 643 639 635 630 626 621 618 611 609 604 600 596 592 586 584 581 578 576 574 572 569 566 565 564
609 619 629 640 651 660 668 679 687 696 704 710 717 722 729 733 738 739 741 742 743 743 741 742 740 737 737 736 733 732 730 726 725 723 723 721 721 721 719 623 621 620 619 617 616 616 617 617 618 619 619 622 623 626 627 630 632 634 637 640 643 643 641 637 636 632 627 624 619 615 610 607 603 598 594 589 586 582 581 577 575 574 572 570 568 567 565
604 618 627 639 650 658 667 678 686 694 702 709 715 721 728 732 736 739 740 743 744 743 744 744 744 743 742 740 738 736 735 732 730 729 729 728 727 727 726 626 624 623 623 620 619 619 617 618 618 620 621 620 622 624 625 627 629 631 633 634 636 638 635 633 631 628 627 621 617 612 608 604 601 596 592 586 583 582 579 576 572 573 570 569 567 567 566
604 615 627 637 647 658 667 675 685 693 700 707 715 720 726 732 734 738 740 743 745 746 748 747 746 746 746 745 744 741 740 737 736 734 733 733 733 732 731 731 628 625 623 622 621 620 620 619 619 619 620 619 618 620 621 623 626 627 629 630 631 631 629 627 626 625 622 617 613 609 605 602 598 594 589 583 582 580 577 574 572 571 569 567 567 567 566
608 618 628 639 648 658 667 676 685 693 700 707 713 720 726 730 734 738 740 743 746 747 749 749 751 750 751 749 748 747 744 742 742 741 740 739 738 737 737 737 631 627 627 625 624 622 622 619 619 618 618 618 616 616 618 618 619 622 624 624 625 625 624 622 621 620 618 615 611 607 605 601 595 592 587 582 581 579 576 573 571 569 567 565 566 567 565
614 622 630 639 648 657 667 675 684 693 699 706 713 720 725 730 734 738 739 743 747 750 751 752 752 753 753 752 752 750 749 746 746 745 744 743 743 742 741 741 633 630 628 627 625 625 622 621 619 618 616 616 614 613 614 613 614 616 617 617 619 618 618 617 617 615 614 612 608 605 601 599 593 588 582 579 578 575 573 570 569 569 566 566 566 566 565
619 626 633 642 651 660 669 678 686 693 699 706 713 721 726 730 735 738 742 745 748 751 753 754 755 757 757 756 756 755 753 751 750 749 749 747 747 746 746 745 634 631 629 627 627 624 622 620 618 616 614 612 612 610 610 608 610 610 609 610 610 611 611 612 612 611 610 609 606 602 598 595 589 582 578 575 573 571 570 568 567 566 565 564 564 565 565
625 631 638 646 653 662 670 679 687 694 699 707 713 720 724 730 735 739 743 746 750 753 753 755 757 759 760 760 761 759 758 757 756 755 753 752 750 751 751 750 635 633 631 629 627 624 622 620 617 614 611 610 609 607 606 603 603 602 602 603 602 605 605 606 608 608 607 606 603 599 594 589 583 578 574 572 569 567 567 564 564 564 564 562 564 565 566
630 635 642 650 657 665 672 680 687 693 700 707 713 721 726 729 734 738 741 745 749 753 757 758 760 764 765 764 763 764 762 762 760 759 756 754 754 754 753 754 637 634 632 630 627 624 621 619 615 612 608 606 603 603 600 598 596 595 596 595 595 596 598 600 602 604 603 603 600 595 590 584 579 575 571 568 567 563 562 562 560 560 561 560 562 563 564
632 639 646 653 659 667 675 682 688 696 701 707 714 720 724 730 734 738 742 746 751 754 756 759 762 766 767 768 768 767 767 765 763 761 759 756 756 757 756 757 755 632 631 631 626 623 620 616 613 609 605 603 600 598 595 592 589 587 586 587 586 589 591 594 596 601 600 600 597 592 584 579 576 571 567 564 562 559 558 558 558 556 558 558 559 560 563
634 642 649 655 662 671 677 684 691 696 702 708 714 720 725 729 733 737 742 747 750 754 757 761 764 768 771 771 771 771 770 768 766 763 760 757 758 757 759 757 758 634 633 630 627 622 618 614 610 606 600 598 595 592 590 586 582 579 575 577 577 579 582 586 591 597 598 598 592 586 579 575 569 565 561 558 556 555 554 554 554 554 556 555 557 559 560
637 644 652 658 666 673 680 687 693 698 702 707 713 718 724 728 731 736 742 745 749 753 759 762 766 771 772 773 773 773 771 769 766 762 759 756 757 757 759 760 760 634 633 629 626 622 617 612 606 603 601 596 591 588 583 581 576 571 567 567 566 570 575 580 583 588 590 590 585 579 572 568 564 559 555 552 549 550 549 549 550 550 553 553 556 558 560
638 647 654 661 669 677 683 689 695 699 703 708 713 718 723 725 730 734 739 745 749 754 758 764 768 772 775 776 776 775 771 768 765 761 758 756 755 756 758 760 762 763 631 627 623 618 612 607 602 603 607 592 586 582 578 574 570 564 560 558 560 564 568 574 576 579 581 581 577 571 566 561 557 554 550 546 545 543 542 543 544 547 549 551 553 554 559
641 648 657 664 671 679 687 691 697 701 704 708 711 717 720 724 727 732 736 743 748 752 758 763 768 773 777 778 779 777 774 769 764 758 755 752 752 753 755 759 764 766 763 624 620 612 607 602 597 595 592 585 582 578 576 571 565 561 558 556 558 560 563 566 569 569 571 570 568 563 559 552 548 545 542 540 538 537 536 538 539 542 545 547 550 553 558
643 651 658 667 675 683 690 694 698 701 705 708 711 714 718 721 725 729 733 739 744 749 755 762 768 773 777 778 781 778 773 766 760 755 750 747 746 747 749 755 763 765 761 756 751 605 603 598 594 591 587 582 579 575 571 568 563 559 556 554 555 557 558 559 559 561 562 560 558 553 549 545 540 536 533 530 530 529 529 530 533 537 540 543 547 552 556
644 654 663 672 680 686 693 698 700 704 705 709 710 712 715 717 720 724 729 733 740 746 752 758 765 771 775 780 782 781 773 765 756 747 742 737 736 736 741 746 753 755 753 750 604 599 596 592 590 587 584 579 575 573 570 566 561 556 554 553 552 554 553 554 553 554 553 552 548 546 540 536 531 526 525 523 522 520 522 523 526 531 535 539 544 549 553
641 656 666 674 683 691 697 701 704 705 706 707 710 709 710 712 715 718 724 729 735 741 747 754 761 768 774 783 787 782 772 760 746 736 730 727 725 726 727 734 740 743 744 744 742 739 588 586 583 581 578 576 572 569 566 562 559 555 552 550 551 550 549 548 547 547 545 543 541 537 531 527 522 517 514 513 512 513 514 516 521 526 530 536 542 548 553
