data/Capas_SouthAmerica_5M/bio_18.asc
NCOLS 559 
NROWS 819 
XLLCORNER -81.3333333333333 
YLLCORNER -55.75 
CELLSIZE 0.0833333333333333 
NODATA_value -9999 
[rows 741 to 779 of 819, columns 87 to 173 of 559]
734 -9999 640 593 529 487 431 389 401 390 364 344 309 205 166 164 157 137 132 117 117 109 87 70 55 54 48 44 39 36 35 33 31 32 33 34 33 33 32 32 32 33 32 31 32 31 32 33 33 35 36 37 37 39 39 40 40 40 39 41 42 41 43 43 44 45 46 46 50 51 53 54 55 55 60 60 58 56 -9999 -9999 -9999 -9999 -9999 -9999 -9999 -9999 -9999
725 694 661 611 537 486 435 394 388 389 363 333 271 195 168 147 135 130 128 117 107 90 73 60 54 52 47 44 40 36 34 33 32 32 32 33 32 33 30 30 31 31 31 31 31 31 33 33 34 34 35 36 38 39 38 40 40 40 41 42 44 44 45 44 45 45 47 47 50 52 55 57 58 59 59 60 58 -9999 -9999 -9999 -9999 -9999 -9999 -9999 -9999 -9999 -9999
741 687 645 600 543 485 441 398 355 389 362 299 241 187 165 145 129 111 107 112 91 79 72 61 58 53 48 42 41 38 36 34 32 33 33 32 32 32 32 31 31 31 31 31 32 32 35 35 34 35 37 38 38 40 40 40 42 43 44 46 45 47 47 47 49 48 50 50 52 54 57 57 58 58 58 59 59 -9999 -9999 -9999 -9999 -9999 -9999 -9999 -9999 -9999 -9999
-9999 -9999 -9999 613 540 469 436 408 363 371 336 267 248 184 158 140 120 104 93 82 72 65 59 57 54 49 44 41 36 37 36 35 33 33 33 31 30 32 31 31 31 31 32 32 33 33 34 34 35 36 37 37 39 40 40 42 42 43 45 45 46 47 47 47 48 49 50 50 51 53 56 58 55 58 60 59 60 -9999 -9999 -9999 -9999 -9999 -9999 -9999 -9999 -9999 -9999
760 698 -9999 597 553 502 455 412 362 344 360 312 258 208 160 138 118 102 89 75 66 59 53 47 43 40 37 35 33 32 31 31 30 32 31 30 31 28 30 31 31 31 30 31 29 30 31 32 33 33 34 34 37 39 40 42 42 43 45 44 44 45 47 47 49 50 50 52 52 54 56 58 57 58 59 59 59 -9999 -9999 -9999 -9999 -9999 -9999 -9999 -9999 -9999 -9999
-9999 710 651 620 568 517 450 410 368 325 354 316 239 245 170 141 121 101 88 75 66 57 50 45 39 37 35 33 32 31 29 29 29 30 28 31 30 28 28 31 31 31 31 30 31 32 32 32 33 34 34 36 38 39 40 42 43 43 45 45 45 46 47 48 48 49 50 52 53 54 56 57 58 59 59 60 -9999 -9999 -9999 -9999 -9999 -9999 -9999 -9999 -9999 -9999 -9999
768 718 654 602 -9999 495 454 417 373 325 320 304 292 240 177 149 123 103 101 85 73 62 49 42 37 35 34 35 33 32 32 30 30 29 29 31 31 31 31 32 30 30 31 30 32 33 33 33 33 35 35 37 39 40 40 41 44 41 41 46 46 46 47 48 49 51 50 51 53 54 55 56 58 60 59 59 -9999 -9999 -9999 -9999 -9999 -9999 -9999 -9999 -9999 -9999 -9999
760 714 663 579 515 484 449 408 373 324 306 238 290 271 178 147 131 112 91 83 71 63 52 42 38 38 39 37 35 35 35 34 33 32 33 32 32 32 31 31 30 30 31 31 31 32 32 33 34 34 35 36 38 39 39 41 41 41 43 45 47 47 47 48 48 49 50 52 54 54 54 55 58 58 58 58 -9999 -9999 -9999 -9999 -9999 -9999 -9999 -9999 -9999 -9999 -9999
760 708 651 573 515 476 443 406 366 347 285 241 257 267 186 144 128 113 99 90 71 58 51 43 41 44 43 43 40 40 38 37 37 37 35 32 30 29 30 31 30 31 31 31 33 33 34 33 34 35 36 37 39 39 40 41 43 44 43 44 45 48 48 49 49 51 -9999 51 53 55 56 55 56 57 58 -9999 -9999 -9999 -9999 -9999 -9999 -9999 -9999 -9999 -9999 -9999 -9999
772 720 -9999 566 516 480 447 409 366 318 271 241 236 258 175 145 127 128 100 87 70 58 54 43 45 42 43 40 42 38 38 36 38 37 33 32 30 30 31 29 30 31 32 32 33 33 34 35 35 36 37 38 38 40 41 43 43 43 42 42 44 48 48 48 49 50 51 -9999 53 53 53 53 55 -9999 -9999 -9999 -9999 -9999 -9999 -9999 -9999 -9999 -9999 -9999 -9999 -9999 -9999
762 714 626 563 514 477 447 409 366 307 263 235 218 229 165 141 110 100 87 72 66 56 46 40 36 35 33 30 30 31 30 30 30 30 29 29 29 29 29 30 30 31 32 32 33 35 34 37 37 38 40 41 39 40 41 42 42 42 43 45 49 49 49 49 50 52 54 54 -9999 -9999 -9999 -9999 -9999 -9999 -9999 -9999 -9999 -9999 -9999 -9999 -9999 -9999 -9999 -9999 -9999 -9999 -9999
764 712 621 556 518 481 451 419 375 315 287 247 200 164 138 116 98 83 68 57 47 39 37 34 32 30 30 27 26 26 27 28 28 29 29 29 28 29 30 30 32 32 35 35 34 34 36 39 39 39 39 38 41 43 43 43 44 45 47 48 48 48 50 50 51 52 55 -9999 -9999 -9999 -9999 -9999 -9999 -9999 -9999 -9999 -9999 -9999 -9999 -9999 -9999 -9999 -9999 -9999 -9999 -9999 -9999
763 -9999 -9999 582 533 492 464 435 395 324 272 242 220 176 141 116 97 83 67 55 45 37 34 33 31 31 29 30 27 27 28 31 32 30 30 30 30 31 32 32 32 33 34 34 34 35 37 39 39 40 41 41 42 43 43 45 44 45 46 47 48 50 53 52 -9999 -9999 -9999 -9999 -9999 -9999 -9999 -9999 -9999 -9999 -9999 -9999 -9999 -9999 -9999 -9999 -9999 -9999 -9999 -9999 -9999 -9999 -9999
751 705 647 572 541 500 475 448 393 355 325 247 207 209 163 126 101 92 71 61 59 55 52 49 41 38 35 39 39 36 36 35 32 31 32 32 32 32 33 34 34 34 34 34 36 36 39 40 40 40 41 42 42 44 43 44 46 47 48 49 52 54 -9999 -9999 -9999 -9999 -9999 -9999 -9999 -9999 -9999 -9999 -9999 -9999 -9999 -9999 -9999 -9999 -9999 -9999 -9999 -9999 -9999 -9999 -9999 -9999 -9999
747 699 644 587 547 507 483 459 430 383 312 261 204 189 165 133 106 91 88 78 84 79 73 69 56 49 43 42 41 39 37 35 35 33 33 33 33 33 34 34 35 35 36 36 36 37 39 39 40 42 41 43 44 47 47 47 50 48 50 51 53 -9999 -9999 -9999 -9999 -9999 -9999 -9999 -9999 -9999 -9999 -9999 -9999 -9999 -9999 -9999 -9999 -9999 -9999 -9999 -9999 -9999 -9999 -9999 -9999 -9999 -9999
743 -9999 644 600 539 506 486 457 437 411 322 292 237 179 149 137 119 126 121 99 90 80 81 70 71 63 57 46 41 38 36 35 35 34 34 34 35 35 36 38 38 39 39 39 39 39 40 40 41 42 44 46 46 47 49 49 50 50 51 55 -9999 -9999 -9999 -9999 -9999 -9999 -9999 -9999 -9999 -9999 -9999 -9999 -9999 -9999 -9999 -9999 -9999 -9999 -9999 -9999 -9999 -9999 -9999 -9999 -9999 -9999 -9999
738 691 642 -9999 -9999 -9999 476 449 430 418 377 325 252 184 170 151 141 133 136 128 122 114 106 97 81 65 57 50 44 40 39 38 36 36 36 37 37 37 36 37 37 40 41 39 40 41 41 43 43 44 46 47 46 49 48 50 52 52 55 56 -9999 -9999 -9999 -9999 -9999 -9999 -9999 -9999 -9999 -9999 -9999 -9999 -9999 -9999 -9999 -9999 -9999 -9999 -9999 -9999 -9999 -9999 -9999 -9999 -9999 -9999 -9999
728 682 630 -9999 548 506 -9999 453 426 409 397 295 226 217 189 146 148 155 125 109 113 126 99 79 80 76 68 51 45 40 40 40 38 38 38 38 38 39 39 39 39 41 42 44 43 42 43 44 44 47 48 48 50 51 52 52 53 54 59 61 -9999 -9999 -9999 -9999 -9999 -9999 -9999 -9999 -9999 -9999 -9999 -9999 -9999 -9999 -9999 -9999 -9999 -9999 -9999 -9999 -9999 -9999 -9999 -9999 -9999 -9999 -9999
711 666 624 -9999 544 501 469 461 441 401 361 269 253 200 171 153 128 132 110 107 114 117 105 72 61 60 61 51 45 43 41 41 41 40 39 40 40 40 40 42 42 43 43 43 45 45 45 46 50 48 50 50 53 51 51 54 55 55 58 -9999 -9999 -9999 -9999 -9999 -9999 -9999 -9999 -9999 -9999 -9999 -9999 -9999 -9999 -9999 -9999 -9999 -9999 -9999 -9999 -9999 -9999 -9999 -9999 -9999 -9999 -9999 -9999
-9999 -9999 -9999 572 536 502 467 445 429 388 343 272 214 212 148 132 115 119 100 93 77 67 60 56 54 52 49 47 44 43 43 41 41 40 40 40 42 42 42 43 44 44 44 46 45 46 47 47 48 50 51 54 53 54 55 57 57 58 59 61 -9999 -9999 -9999 -9999 -9999 -9999 -9999 -9999 -9999 -9999 -9999 -9999 -9999 -9999 -9999 -9999 -9999 -9999 -9999 -9999 -9999 -9999 -9999 -9999 -9999 -9999 -9999
702 660 617 575 539 505 473 444 425 361 324 324 304 268 158 129 113 101 88 79 72 67 61 55 51 48 48 47 43 43 43 41 40 41 41 42 42 42 43 44 44 45 45 47 48 48 48 49 49 51 51 55 54 56 57 58 61 62 -9999 -9999 -9999 -9999 -9999 -9999 -9999 -9999 -9999 -9999 -9999 -9999 -9999 -9999 -9999 -9999 -9999 -9999 -9999 -9999 -9999 -9999 -9999 -9999 -9999 -9999 -9999 -9999 -9999
694 655 609 571 539 503 472 420 382 298 266 265 211 173 147 130 114 99 88 82 73 68 62 58 55 53 51 48 45 45 44 44 44 44 43 44 45 44 45 46 46 47 47 48 48 49 49 50 52 50 53 56 58 60 60 61 63 62 64 -9999 -9999 -9999 -9999 -9999 -9999 -9999 -9999 -9999 -9999 -9999 -9999 -9999 -9999 -9999 -9999 -9999 -9999 -9999 -9999 -9999 -9999 -9999 -9999 -9999 -9999 -9999 -9999
683 642 604 566 531 501 477 423 357 326 298 225 191 168 159 145 141 110 86 92 90 68 67 62 59 57 53 52 50 48 46 47 46 45 45 45 47 46 46 47 47 48 50 49 50 52 52 52 52 53 55 58 63 61 60 63 63 65 66 -9999 -9999 -9999 -9999 -9999 -9999 -9999 -9999 -9999 -9999 -9999 -9999 -9999 -9999 -9999 -9999 -9999 -9999 -9999 -9999 -9999 -9999 -9999 -9999 -9999 -9999 -9999 -9999
679 -9999 595 -9999 -9999 499 475 445 376 334 279 235 197 181 156 132 107 94 86 79 80 75 66 66 63 60 57 54 53 52 50 50 49 48 48 47 48 47 48 50 50 50 51 52 53 54 54 54 55 56 59 59 62 64 63 65 66 69 69 69 -9999 -9999 -9999 -9999 -9999 -9999 -9999 -9999 -9999 -9999 -9999 -9999 -9999 -9999 -9999 -9999 -9999 -9999 -9999 -9999 -9999 -9999 -9999 -9999 -9999 -9999 -9999
672 635 591 559 523 491 466 451 382 321 280 -9999 225 210 151 125 110 96 88 88 82 78 72 71 70 68 64 58 56 56 55 53 52 52 51 51 50 52 50 52 52 53 53 54 55 57 55 56 58 58 60 62 65 64 65 68 69 72 72 72 -9999 -9999 -9999 -9999 -9999 -9999 -9999 -9999 -9999 -9999 -9999 -9999 -9999 -9999 -9999 -9999 -9999 -9999 -9999 -9999 -9999 -9999 -9999 -9999 -9999 -9999 -9999
661 -9999 -9999 -9999 520 497 472 466 425 340 328 293 266 262 222 131 137 126 97 93 93 85 83 91 90 81 71 64 62 60 60 57 56 55 55 53 54 53 54 55 54 54 54 57 58 58 58 59 60 61 63 65 67 67 70 72 72 74 73 72 72 -9999 -9999 -9999 -9999 -9999 -9999 -9999 -9999 -9999 -9999 -9999 -9999 -9999 -9999 -9999 -9999 -9999 -9999 -9999 -9999 -9999 -9999 -9999 -9999 -9999 -9999
-9999 -9999 596 565 -9999 -9999 461 459 411 340 321 -9999 247 266 204 186 129 147 111 98 99 93 89 95 95 86 75 70 69 66 64 63 63 60 59 58 57 57 58 57 57 57 57 58 60 59 61 62 63 65 66 67 69 70 73 74 75 77 75 74 73 -9999 -9999 -9999 -9999 -9999 -9999 -9999 -9999 -9999 -9999 -9999 -9999 -9999 -9999 -9999 -9999 -9999 -9999 -9999 -9999 -9999 -9999 -9999 -9999 -9999 -9999
-9999 -9999 595 565 528 491 467 453 425 348 321 289 266 -9999 168 157 109 106 96 103 104 97 93 101 104 92 84 79 75 72 72 69 67 65 63 62 61 62 59 59 59 61 61 60 60 62 63 64 65 67 71 76 71 73 74 76 79 77 76 77 75 75 -9999 -9999 -9999 -9999 -9999 -9999 -9999 -9999 -9999 -9999 -9999 -9999 -9999 -9999 -9999 -9999 -9999 -9999 -9999 -9999 -9999 -9999 -9999 -9999 -9999
658 -9999 -9999 562 533 -9999 475 451 413 -9999 -9999 283 291 267 250 151 -9999 94 86 117 109 93 94 98 94 89 84 82 81 79 74 71 68 67 65 64 64 61 61 62 61 62 63 61 62 63 66 66 67 68 70 72 71 74 75 76 80 84 83 -9999 -9999 -9999 -9999 -9999 -9999 -9999 -9999 -9999 -9999 -9999 -9999 -9999 -9999 -9999 -9999 -9999 -9999 -9999 -9999 -9999 -9999 -9999 -9999 -9999 -9999 -9999 -9999
657 -9999 590 559 532 499 474 453 431 385 -9999 312 261 216 197 182 139 -9999 -9999 94 93 99 97 99 95 90 85 83 79 80 77 73 72 70 67 66 64 64 64 63 63 63 62 63 64 66 68 67 68 69 71 72 72 75 76 79 80 82 82 81 83 82 -9999 -9999 -9999 -9999 -9999 -9999 -9999 -9999 -9999 -9999 -9999 -9999 -9999 -9999 -9999 -9999 -9999 -9999 -9999 -9999 -9999 -9999 -9999 -9999 -9999
647 620 -9999 -9999 528 504 480 471 456 393 350 317 -9999 -9999 -9999 160 138 109 -9999 95 94 97 96 98 98 94 88 86 82 80 78 78 79 76 71 69 67 68 67 65 64 64 64 65 67 69 69 70 69 69 72 73 75 76 76 79 79 80 82 81 82 82 82 -9999 -9999 -9999 -9999 -9999 -9999 -9999 -9999 -9999 -9999 -9999 -9999 -9999 -9999 -9999 -9999 -9999 -9999 -9999 -9999 -9999 -9999 -9999 -9999
-9999 -9999 596 572 -9999 509 -9999 470 461 393 368 323 299 247 -9999 -9999 -9999 -9999 -9999 101 99 98 95 97 99 97 91 87 85 83 80 79 78 76 74 71 71 70 70 68 66 66 67 68 70 71 72 73 72 73 75 75 77 77 78 80 80 80 83 83 83 82 83 85 -9999 -9999 -9999 -9999 -9999 -9999 -9999 -9999 -9999 -9999 -9999 -9999 -9999 -9999 -9999 -9999 -9999 -9999 -9999 -9999 -9999 -9999 -9999
666 -9999 610 583 558 -9999 501 -9999 466 -9999 397 -9999 319 273 -9999 -9999 -9999 174 135 124 120 118 112 110 109 103 98 96 91 89 85 82 80 80 79 77 75 74 73 72 70 71 72 71 72 71 72 73 74 75 77 77 78 80 80 81 81 82 82 84 83 83 84 85 -9999 -9999 -9999 -9999 -9999 -9999 -9999 -9999 -9999 -9999 -9999 -9999 -9999 -9999 -9999 -9999 -9999 -9999 -9999 -9999 -9999 -9999 -9999
664 649 625 -9999 -9999 -9999 506 479 461 -9999 405 353 325 -9999 290 243 -9999 219 168 145 155 152 137 129 126 120 113 110 103 96 92 89 87 85 83 82 81 78 77 76 77 77 76 76 76 76 75 77 78 77 79 79 78 79 80 83 83 83 82 82 81 80 82 83 85 -9999 -9999 -9999 -9999 -9999 -9999 -9999 -9999 -9999 -9999 -9999 -9999 -9999 -9999 -9999 -9999 -9999 -9999 -9999 -9999 -9999 -9999
-9999 -9999 -9999 615 586 -9999 -9999 -9999 470 443 397 368 337 325 309 272 230 207 180 173 193 173 160 149 155 143 134 124 112 108 101 93 92 90 87 88 86 84 80 81 83 82 79 78 80 80 80 80 80 79 79 81 82 82 83 84 84 86 86 83 81 80 81 81 83 85 -9999 -9999 -9999 -9999 -9999 -9999 -9999 -9999 -9999 -9999 -9999 -9999 -9999 -9999 -9999 -9999 -9999 -9999 -9999 -9999 -9999
697 683 655 -9999 587 560 -9999 520 -9999 -9999 423 397 376 -9999 -9999 291 270 253 -9999 197 203 192 197 185 176 165 139 132 122 113 107 99 98 96 94 96 93 90 87 86 87 83 81 84 83 83 84 86 84 81 82 81 83 83 84 87 88 87 -9999 84 82 79 79 78 79 81 82 -9999 -9999 -9999 -9999 -9999 -9999 -9999 -9999 -9999 -9999 -9999 -9999 -9999 -9999 -9999 -9999 -9999 -9999 -9999 -9999
721 695 672 644 -9999 591 567 543 515 470 439 408 382 349 321 310 273 239 -9999 223 220 232 235 223 179 180 149 146 133 117 116 110 103 100 103 103 100 97 94 91 88 86 86 90 91 89 88 89 87 83 82 84 84 85 88 -9999 -9999 -9999 -9999 -9999 -9999 -9999 77 77 77 77 78 78 -9999 -9999 -9999 -9999 -9999 -9999 -9999 -9999 -9999 -9999 -9999 -9999 -9999 -9999 -9999 -9999 -9999 -9999 -9999
736 -9999 697 671 -9999 -9999 586 559 526 490 461 444 410 376 330 296 -9999 -9999 277 241 236 242 233 198 171 177 170 152 140 126 121 112 108 118 148 123 105 101 94 92 89 90 90 92 96 95 90 90 86 83 86 89 88 88 88 -9999 -9999 -9999 -9999 -9999 -9999 -9999 -9999 -9999 -9999 -9999 -9999 -9999 -9999 -9999 -9999 -9999 -9999 -9999 -9999 -9999 -9999 -9999 -9999 -9999 -9999 -9999 -9999 -9999 -9999 -9999 -9999
-9999 740 -9999 703 672 -9999 606 579 551 517 482 458 424 390 -9999 353 340 284 -9999 263 240 263 215 183 181 173 175 157 145 130 119 117 117 121 152 125 110 101 94 92 91 91 94 97 99 99 93 88 85 89 90 89 86 84 82 -9999 -9999 -9999 -9999 -9999 -9999 -9999 -9999 -9999 -9999 -9999 -9999 -9999 -9999 -9999 -9999 -9999 -9999 -9999 -9999 -9999 -9999 -9999 -9999 -9999 -9999 -9999 -9999 -9999 -9999 -9999 -9999
