data/Capas_SouthAmerica_5M/bio_19.asc
NCOLS 559 
NROWS 819 
XLLCORNER -81.3333333333333 
YLLCORNER -55.75 
CELLSIZE 0.0833333333333333 
NODATA_value -9999 
[rows 200 to 239 of 819, columns 455 to 545 of 559]
289 291 291 293 298 305 307 309 310 307 308 305 300 297 287 267 256 244 525 513 480 448 420 397 379 369 358 333 331 336 418 236 250 457 425 411 398 371 347 133 122 127 124 153 168 157 157 60 63 58 62 72 121 278 255 173 134 121 115 109 115 129 146 148 167 -9999 -9999 -9999 -9999 -9999 -9999 -9999 -9999 -9999 -9999 -9999 -9999 -9999 -9999 -9999 -9999 -9999 -9999 -9999 -9999 -9999 -9999 -9999 -9999 -9999 -9999
272 274 278 279 285 288 289 292 290 284 283 281 279 272 261 247 230 221 216 499 471 449 418 387 363 352 552 310 315 311 346 212 214 422 405 396 391 370 343 132 120 121 128 148 173 157 159 63 57 58 65 82 176 345 207 158 134 121 104 94 104 114 122 130 132 142 -9999 -9999 -9999 -9999 -9999 -9999 -9999 -9999 -9999 -9999 -9999 -9999 -9999 -9999 -9999 -9999 -9999 -9999 -9999 -9999 -9999 -9999 -9999 -9999 -9999
258 257 260 264 268 268 274 274 270 266 263 260 255 248 238 223 208 201 195 473 447 428 408 139 368 331 310 304 292 286 332 211 189 391 387 382 374 357 330 124 117 118 132 162 224 226 184 73 63 60 77 105 283 252 150 124 115 106 96 98 99 107 110 115 116 121 289 -9999 -9999 -9999 -9999 -9999 -9999 -9999 -9999 -9999 -9999 -9999 -9999 -9999 -9999 -9999 -9999 -9999 -9999 -9999 -9999 -9999 -9999 -9999 -9999
239 242 244 248 251 251 253 258 254 250 243 240 233 224 219 206 194 179 173 168 429 142 135 130 129 321 299 299 268 275 321 201 174 370 372 369 150 141 126 123 110 113 134 150 214 249 133 116 172 170 103 123 194 160 132 116 104 97 94 96 98 103 105 109 106 253 277 296 -9999 -9999 -9999 -9999 -9999 -9999 -9999 -9999 -9999 -9999 -9999 -9999 -9999 -9999 -9999 -9999 -9999 -9999 -9999 -9999 -9999 -9999 -9999
224 228 231 233 235 234 235 238 238 234 229 221 215 207 203 192 178 169 161 415 403 134 126 122 120 306 292 275 262 283 168 194 159 153 152 151 149 140 128 120 115 121 149 186 252 292 258 127 200 97 220 116 122 129 118 106 97 93 91 92 95 96 103 105 232 237 255 270 281 -9999 -9999 -9999 -9999 -9999 -9999 -9999 -9999 -9999 -9999 -9999 -9999 -9999 -9999 -9999 -9999 -9999 -9999 -9999 -9999 -9999 -9999
210 211 214 216 218 220 222 221 219 215 211 205 201 196 453 179 169 161 149 402 133 124 122 337 312 296 297 267 276 363 222 191 154 142 139 139 143 142 137 126 136 153 160 201 228 217 224 224 201 201 217 229 239 241 237 228 95 89 87 87 201 96 103 216 222 229 236 248 263 265 -9999 -9999 -9999 -9999 -9999 -9999 -9999 -9999 -9999 -9999 -9999 -9999 -9999 -9999 -9999 -9999 -9999 -9999 -9999 -9999 -9999
200 202 204 206 204 206 206 206 915 199 198 193 188 186 174 163 157 150 142 133 129 124 117 321 297 280 282 256 299 213 247 154 143 135 128 124 131 141 134 145 152 178 191 203 217 205 198 201 214 224 221 224 226 215 216 209 205 201 196 193 200 95 102 215 215 217 222 235 245 250 250 245 224 -9999 -9999 -9999 -9999 -9999 -9999 -9999 -9999 -9999 -9999 -9999 -9999 -9999 -9999 -9999 -9999 -9999 -9999
189 193 194 193 192 190 190 190 903 187 186 180 179 175 165 410 150 144 385 371 123 117 111 311 290 279 272 247 282 194 216 138 130 128 122 114 108 120 142 184 166 190 206 209 220 202 194 197 218 253 252 252 222 210 202 207 207 198 193 200 198 201 207 209 207 211 217 220 230 232 236 235 219 198 -9999 -9999 -9999 -9999 -9999 -9999 -9999 -9999 -9999 -9999 -9999 -9999 -9999 -9999 -9999 -9999 -9999
184 183 189 187 184 178 884 881 173 171 171 173 170 166 158 402 390 383 370 357 117 111 105 300 288 280 256 254 292 175 195 127 120 115 107 103 96 97 123 156 162 184 202 212 208 205 194 193 204 238 242 289 237 214 209 225 213 201 206 201 193 196 202 204 208 212 216 222 227 227 226 226 219 201 -9999 -9999 -9999 -9999 -9999 -9999 -9999 -9999 -9999 -9999 -9999 -9999 -9999 -9999 -9999 -9999 -9999
173 178 181 181 914 888 859 855 160 162 164 164 165 159 155 397 381 372 360 118 110 104 306 290 276 262 250 247 109 167 160 118 111 105 99 93 90 93 102 130 148 172 195 212 209 202 202 201 198 225 260 268 230 215 203 204 206 208 202 192 190 196 204 202 208 211 217 222 234 230 223 216 211 195 70 68 76 75 73 -9999 -9999 -9999 -9999 -9999 -9999 -9999 -9999 -9999 -9999 -9999 -9999
172 175 181 180 174 886 837 836 846 153 157 163 160 156 151 391 379 367 353 113 107 100 300 288 272 259 250 246 94 115 111 108 104 100 92 88 86 88 99 122 143 169 189 199 203 200 204 205 201 233 263 250 251 209 198 201 206 202 197 190 190 193 197 198 200 206 222 105 235 230 223 215 205 78 64 72 74 82 82 78 -9999 -9999 -9999 -9999 -9999 -9999 -9999 -9999 -9999 -9999 -9999
170 172 177 178 174 160 841 837 826 146 150 156 159 156 148 139 370 359 342 330 103 311 95 293 284 271 266 262 102 136 126 107 31 97 91 85 85 87 98 123 139 166 188 194 199 199 195 203 201 232 231 227 224 202 197 203 202 199 197 188 187 188 185 180 84 95 104 111 111 109 106 101 95 81 76 74 76 83 81 77 73 77 -9999 106 113 -9999 102 117 128 141 159
164 168 170 175 170 159 146 142 142 144 147 150 153 152 147 135 126 116 329 321 95 91 89 89 92 88 93 97 117 142 128 109 33 30 86 80 81 85 97 113 143 157 178 195 203 204 204 205 206 214 213 214 217 216 212 207 204 205 202 196 192 187 184 78 85 95 104 115 114 110 106 99 94 85 77 83 86 82 82 80 80 76 87 89 93 93 93 101 111 121 139
160 162 164 166 166 158 149 143 140 141 145 146 146 144 144 129 117 330 314 309 89 89 88 83 83 79 91 108 126 139 127 113 112 99 85 73 74 84 97 111 136 163 190 197 218 222 208 211 212 212 213 214 205 215 214 209 209 209 202 194 190 194 186 80 81 93 102 109 111 110 103 96 89 82 77 81 81 77 78 82 79 76 75 76 74 70 74 83 93 109 127
156 156 159 160 158 155 147 145 140 142 143 144 143 139 131 119 107 311 295 289 82 81 80 81 87 82 87 104 120 136 130 111 108 97 82 78 75 82 97 113 149 171 196 214 247 241 220 217 219 211 210 210 209 207 215 207 205 202 198 194 189 188 86 82 85 90 98 101 104 105 100 93 88 80 73 73 76 75 79 81 76 72 70 67 64 66 68 74 84 104 129
148 152 154 155 152 150 144 142 143 143 142 141 140 135 126 111 100 297 281 279 76 75 72 68 69 69 81 97 107 124 124 105 96 86 80 78 78 81 94 115 142 161 185 223 246 228 215 215 221 218 217 216 222 215 209 201 195 190 185 190 186 182 84 84 85 91 95 97 100 101 95 92 85 79 71 74 74 73 78 76 77 74 73 64 61 66 68 75 90 114 147
142 145 147 146 146 143 141 140 141 148 147 140 137 131 120 109 98 287 275 74 72 71 70 71 74 69 76 88 95 113 115 97 87 81 75 78 82 88 101 115 141 159 185 215 225 206 202 205 214 214 224 218 216 209 198 187 183 173 168 167 187 179 85 88 89 94 99 101 103 102 95 90 87 84 82 80 78 74 78 74 72 75 74 63 58 62 68 82 101 130 162
135 140 142 139 140 137 135 136 137 143 142 139 134 126 118 109 102 91 81 270 69 67 70 71 73 70 75 82 89 102 107 91 80 76 74 75 82 92 105 116 137 159 175 190 201 197 194 203 207 213 220 219 208 196 189 182 177 169 182 178 188 182 84 93 99 99 106 110 105 101 98 96 93 91 87 84 81 75 71 68 66 70 64 57 52 57 68 83 104 130 167
126 132 133 130 129 128 126 126 128 131 139 137 132 127 119 108 104 94 84 75 69 65 64 67 67 66 70 77 81 96 100 83 76 73 72 76 83 92 103 111 137 158 168 176 173 178 186 196 204 211 216 211 200 188 185 182 177 180 185 198 199 188 88 91 99 101 108 113 107 101 97 98 98 92 87 86 83 75 65 69 63 58 48 49 49 54 62 78 101 124 163
116 122 124 120 120 121 117 115 115 122 130 135 132 124 118 115 109 103 90 78 69 67 64 64 62 61 64 69 73 82 94 82 67 66 70 77 88 93 99 104 126 151 165 171 172 171 183 194 203 211 213 208 198 189 184 179 175 174 179 209 199 189 188 85 91 95 99 100 100 94 94 97 98 94 89 86 84 78 72 69 59 50 42 47 49 52 66 81 99 126 163
110 113 114 113 114 111 109 104 105 115 124 134 128 121 116 116 112 104 91 80 71 64 61 64 63 60 59 55 60 70 84 80 68 68 72 77 86 89 94 104 116 143 155 163 168 171 182 194 200 205 208 206 198 190 185 178 171 170 175 224 213 187 188 186 85 86 91 96 95 90 88 89 93 91 91 79 80 79 78 69 54 47 44 44 52 65 78 105 111 136 156
104 105 106 104 107 106 103 98 99 109 119 122 121 116 113 112 108 98 89 84 74 68 62 62 60 58 57 57 61 74 84 76 69 71 73 77 81 87 93 100 109 128 143 163 163 171 191 192 194 201 200 201 198 189 182 177 170 172 178 213 198 189 191 193 87 90 93 97 91 89 85 85 85 88 87 80 83 79 80 72 58 50 43 54 74 82 84 90 100 121 145
101 99 99 97 99 100 101 98 101 105 111 112 115 110 108 106 102 97 89 83 75 70 66 63 60 59 58 58 64 73 87 75 74 70 72 76 81 87 90 96 107 122 144 156 165 176 189 189 190 196 195 191 192 183 178 169 164 176 191 227 209 192 188 194 228 116 99 94 92 89 85 80 78 78 84 91 91 87 74 71 64 54 69 90 99 88 94 95 102 120 132
93 91 92 93 91 95 99 99 103 105 105 106 109 105 104 106 95 89 85 78 72 68 67 64 60 60 60 56 56 65 81 80 77 75 72 73 77 83 87 96 108 121 130 159 172 173 181 183 188 189 188 180 178 177 172 160 160 173 204 226 218 196 183 179 185 119 116 100 96 95 81 74 70 70 74 84 84 75 69 67 77 80 82 89 91 102 123 121 122 134 133
88 87 88 88 89 89 93 97 102 103 101 99 100 101 100 98 91 83 78 71 66 61 61 61 60 59 59 61 63 69 78 82 74 72 68 70 73 77 84 90 104 114 129 150 161 164 171 178 184 187 181 167 158 160 161 151 157 177 210 222 217 197 185 175 169 85 101 104 96 86 75 69 66 66 69 76 75 71 66 62 64 61 61 65 79 105 132 120 119 129 129
85 83 83 83 85 88 90 92 97 99 96 94 93 93 93 90 85 77 74 66 62 60 58 58 58 58 58 58 59 66 78 84 75 71 69 69 72 75 77 88 94 101 115 135 146 157 162 166 183 342 180 167 154 150 151 145 154 196 213 216 210 192 184 175 174 83 96 104 94 82 74 69 65 65 67 68 68 67 63 55 49 53 55 60 61 110 114 112 112 122 122
81 81 84 81 81 82 87 88 91 89 89 90 87 86 86 82 77 71 65 63 59 60 56 54 54 57 58 60 62 67 67 79 73 72 69 67 67 71 79 82 85 90 105 123 142 152 156 164 336 349 336 328 155 151 148 146 160 194 211 214 208 185 183 178 177 81 90 87 83 79 77 68 62 63 67 67 66 61 58 49 41 48 51 51 65 96 113 115 107 114 122
77 78 77 76 79 79 85 85 82 82 84 85 81 80 77 73 69 67 61 58 55 52 54 55 54 55 59 61 65 63 66 75 72 68 64 62 65 70 76 79 84 92 99 121 137 142 150 157 326 335 335 161 152 151 148 146 163 189 202 189 182 173 178 185 82 76 78 78 73 73 72 64 60 61 63 63 60 55 50 46 40 43 52 48 53 91 118 119 116 112 128
75 76 73 73 74 74 79 77 76 76 78 76 76 73 70 67 65 60 56 55 52 49 49 54 55 54 57 60 63 65 65 71 76 72 72 69 65 70 75 78 87 94 103 116 123 137 145 150 152 154 156 152 148 143 147 154 167 182 173 160 159 173 172 182 81 78 74 70 65 61 61 58 57 59 63 60 56 52 45 40 37 40 48 58 63 81 99 106 108 120 140
71 72 71 70 67 70 72 71 69 68 69 68 70 68 66 61 56 55 53 50 50 48 48 51 55 54 55 58 59 63 66 68 74 73 70 68 67 69 71 78 90 98 101 109 119 125 133 138 140 140 142 141 140 140 139 145 152 159 153 147 149 155 161 174 81 87 75 67 59 49 47 50 56 55 57 56 53 50 47 41 34 35 44 62 67 82 96 97 119 130 160
68 69 68 67 63 65 64 62 64 60 62 63 65 62 60 56 54 52 49 48 47 45 44 47 48 53 54 54 56 60 63 65 71 70 68 65 64 69 75 82 88 93 96 102 108 114 123 123 125 134 132 133 131 136 133 132 136 142 142 139 138 142 149 165 79 78 69 59 50 43 47 53 53 53 55 53 51 46 44 41 36 33 38 52 71 88 93 102 108 116 143
70 67 65 60 60 61 56 55 56 56 57 56 58 55 54 52 51 49 44 44 43 44 44 46 45 46 49 50 52 58 59 64 68 68 66 60 61 66 74 80 83 85 87 91 97 107 111 111 115 122 126 125 123 129 128 125 125 129 131 133 132 136 140 150 75 70 63 57 52 48 50 50 49 51 52 50 47 44 42 36 36 38 40 53 71 86 97 103 116 119 150
68 66 62 56 54 54 50 48 47 49 52 52 50 48 47 44 44 41 40 39 40 43 45 45 42 41 42 44 50 51 55 59 61 62 60 55 56 59 67 77 76 75 76 89 93 102 101 104 112 125 126 120 119 123 125 122 118 121 125 127 127 126 135 63 67 66 63 60 58 50 50 49 49 49 47 47 45 40 34 33 38 38 41 53 68 87 105 118 126 142 189
64 62 56 51 48 46 44 44 43 44 46 46 47 44 41 37 34 35 35 37 38 40 43 43 39 37 36 38 41 43 44 46 50 52 51 51 51 54 63 72 72 70 76 92 88 90 89 99 113 122 120 120 117 115 116 118 112 110 119 122 122 49 53 55 57 62 66 66 63 63 57 52 48 47 48 45 42 38 33 39 45 49 55 69 79 93 107 121 144 167 241
54 54 53 48 46 43 41 40 39 38 40 42 42 41 39 35 32 29 31 34 34 39 40 39 35 35 35 35 37 38 40 40 42 44 46 45 46 51 58 61 68 71 77 94 96 85 87 99 112 123 121 116 115 113 109 108 106 100 52 53 46 47 55 58 57 58 68 76 75 68 60 53 51 48 45 42 39 40 51 60 59 58 65 74 80 93 106 128 153 208 274
47 48 48 44 41 40 38 37 38 37 38 39 37 34 32 30 29 27 26 28 31 33 32 33 32 33 33 34 34 36 35 36 38 39 42 45 45 48 53 58 65 75 81 89 96 100 95 95 98 101 103 106 108 105 103 103 104 102 51 49 46 52 55 60 61 66 69 71 72 70 62 55 50 45 42 38 39 46 55 59 60 62 71 77 83 97 113 140 176 237 290
43 43 43 43 37 37 36 34 36 35 37 36 35 32 29 28 29 26 25 28 25 29 28 30 31 30 31 30 31 31 31 34 38 39 40 43 44 46 52 57 67 90 113 114 107 135 73 125 97 93 89 88 94 98 99 100 48 57 58 49 44 42 58 59 63 68 70 70 70 69 65 65 63 60 53 65 55 64 65 64 64 66 69 76 86 101 122 148 185 242 211
40 39 39 39 35 33 32 32 33 34 35 36 32 30 28 28 25 25 26 26 26 25 24 26 27 28 30 29 28 29 29 31 32 36 41 42 46 55 62 63 88 52 68 70 72 83 86 83 110 89 84 85 86 89 96 52 54 60 63 57 53 55 65 64 64 65 67 69 66 63 69 65 84 84 73 57 57 62 68 68 66 65 71 75 86 103 127 145 175 211 244
37 36 37 35 33 30 31 31 31 32 33 32 29 26 24 24 23 23 25 24 24 23 22 23 24 10 10 28 27 26 29 29 33 38 49 55 59 63 26 33 48 65 85 94 95 93 94 92 72 61 89 93 83 85 85 47 50 56 67 69 70 69 70 64 61 62 63 62 68 73 82 91 91 90 80 76 77 76 75 73 69 63 65 73 85 102 124 146 163 191 225
34 35 34 32 29 28 28 28 29 33 33 29 27 25 22 21 21 22 22 20 8 8 8 7 8 8 10 10 9 25 28 10 13 21 55 26 31 31 36 46 59 74 98 89 94 103 101 93 93 91 87 84 58 42 42 43 45 59 67 71 69 68 67 64 63 60 65 69 77 84 96 89 84 79 79 77 88 99 92 83 74 64 67 77 87 97 113 130 156 178 205
