data/Capas_SouthAmerica_5M/bio_16.asc
NCOLS 559 
NROWS 819 
XLLCORNER -81.3333333333333 
YLLCORNER -55.75 
CELLSIZE 0.0833333333333333 
NODATA_value -9999 
[rows 117 to 155 of 819, columns 87 to 173 of 559]
837 870 967 917 897 879 882 911 925 954 982 1011 1028 1024 1048 1062 1129 1090 1028 961 1005 1068 1110 1149 1130 1072 1075 1079 1078 1083 1090 1093 1089 1079 1080 1077 1083 1093 1106 1109 1107 1133 1132 1114 1126 1131 1148 1150 1153 1163 1165 1171 1180 1195 1200 1194 1206 1195 1194 1214 1225 1224 1234 1235 1248 1254 1258 1274 1280 1286 1281 1276 1293 1304 1300 1304 1321 1332 1326 1322 1323 1325 1321 1307 1310 1303 1289
817 844 940 967 897 878 888 920 929 925 961 996 1004 1020 1029 988 996 966 981 1052 1100 1119 1114 1100 1078 1067 1068 1070 1078 1086 1090 1106 1092 1083 1078 1085 1088 1093 1112 1106 1100 1110 1116 1124 1127 1143 1166 1147 1157 1154 1177 1180 1188 1178 1171 1195 1198 1203 1199 1222 1218 1222 1232 1239 1246 1255 1267 1272 1277 1281 1276 1276 1285 1303 1305 1303 1310 1326 1320 1315 1322 1313 1306 1304 1278 1283 1291
793 826 936 933 873 882 930 942 944 919 944 969 980 979 1010 1038 1034 1097 1076 1094 1087 1083 1077 1068 1058 1050 1047 1074 1080 1079 1090 1103 1096 1080 1095 1095 1099 1105 1115 1101 1095 1113 1117 1115 1127 1144 1127 1140 1158 1150 1164 1181 1179 1167 1186 1208 1198 1178 1195 1213 1211 1223 1234 1239 1251 1254 1263 1265 1276 1278 1263 1269 1277 1285 1293 1298 1302 1314 1311 1309 1307 1303 1303 1291 1298 1270 1289
800 863 922 898 875 891 891 904 897 932 977 973 948 918 1017 1056 1080 1089 1077 1078 1070 1063 1065 1043 1023 1036 1020 1044 1067 1085 1090 1094 1084 1081 1074 1094 1099 1108 1126 1136 1103 1113 1115 1112 1123 1138 1137 1151 1161 1151 1161 1184 1174 1165 1180 1191 1187 1190 1196 1208 1208 1228 1224 1235 1248 1256 1261 1269 1270 1270 1265 1271 1270 1278 1283 1299 1305 1306 1296 1308 1294 1283 1293 1287 1291 1291 1295
792 900 926 906 892 882 871 862 880 921 941 928 949 988 1025 1024 1075 1090 1092 1064 1050 1047 1046 1046 1035 1049 1049 1066 1070 1090 1093 1079 1081 1079 1085 1083 1088 1094 1106 1118 1111 1115 1122 1121 1134 1131 1133 1148 1156 1153 1149 1161 1164 1174 1161 1174 1186 1191 1199 1205 1199 1208 1226 1237 1236 1228 1240 1255 1276 1278 1262 1260 1264 1271 1282 1284 1289 1291 1291 1298 1287 1277 1265 1273 1278 1283 1277
828 879 927 909 876 889 885 886 909 949 961 973 973 1013 1020 1031 1021 1057 1053 1056 1051 1047 1043 1047 1056 1064 1063 1072 1075 1080 1080 1067 1060 1069 1082 1077 1077 1088 1091 1096 1108 1107 1119 1113 1124 1131 1132 1141 1152 1157 1157 1164 1175 1168 1176 1188 1183 1187 1197 1205 1202 1215 1224 1231 1240 1234 1241 1248 1243 1247 1251 1251 1254 1262 1273 1270 1273 1264 1281 1283 1270 1262 1244 1255 1251 1264 1260
853 875 907 911 880 928 932 921 921 930 949 969 993 1005 1015 1018 1044 1042 1047 1051 1044 1030 1057 1061 1064 1082 1065 1070 1075 1079 1083 1074 1077 1089 1082 1064 1065 1074 1087 1085 1103 1120 1129 1130 1143 1135 1149 1149 1156 1155 1165 1186 1187 1172 1174 1183 1185 1190 1195 1206 1211 1209 1216 1213 1227 1222 1229 1244 1261 1257 1257 1244 1254 1262 1262 1262 1255 1262 1266 1269 1259 1252 1235 1245 1237 1233 1241
813 877 919 931 938 926 933 933 942 947 947 948 982 990 996 991 1014 1051 1051 1044 1035 1035 1063 1055 1056 1050 1049 1060 1062 1058 1054 1094 1098 1105 1101 1089 1081 1080 1089 1111 1118 1121 1134 1134 1136 1141 1149 1158 1135 1157 1173 1181 1175 1158 1175 1183 1173 1181 1187 1187 1206 1204 1205 1206 1207 1227 1245 1255 1257 1265 1280 1256 1244 1258 1258 1252 1251 1256 1250 1249 1248 1234 1215 1209 1231 1213 1215
839 897 914 899 911 920 916 934 929 944 939 945 973 979 969 966 980 1032 1035 1025 1026 1025 1032 1051 1057 1055 1025 1053 1068 1052 1061 1083 1089 1092 1112 1078 1106 1077 1098 1112 1120 1130 1125 1123 1121 1130 1135 1133 1140 1161 1168 1175 1177 1171 1179 1177 1177 1171 1188 1187 1207 1198 1187 1194 1212 1228 1239 1235 1234 1263 1280 1244 1236 1249 1247 1249 1249 1245 1238 1245 1243 1219 1208 1189 1184 1183 1188
876 872 872 875 891 904 929 920 907 931 955 968 970 944 934 940 970 1021 1025 1022 1012 978 996 1018 1042 1054 1038 1046 1064 1054 1058 1084 1097 1097 1085 1070 1069 1078 1074 1097 1105 1119 1128 1129 1127 1134 1147 1145 1148 1152 1154 1163 1169 1168 1168 1158 1162 1172 1180 1181 1182 1195 1197 1211 1224 1226 1234 1238 1223 1266 1290 1271 1231 1242 1249 1241 1242 1243 1235 1234 1233 1212 1200 1173 1171 1177 1167
905 921 924 899 897 891 906 912 906 918 938 960 966 941 939 947 969 985 992 1022 996 990 991 981 992 1004 1032 1033 1066 1067 1057 1069 1089 1101 1077 1058 1034 1056 1083 1096 1105 1123 1123 1131 1133 1133 1151 1157 1156 1141 1160 1152 1157 1161 1157 1148 1148 1160 1171 1171 1173 1176 1190 1203 1196 1195 1212 1229 1218 1245 1284 1232 1228 1239 1239 1234 1234 1232 1221 1217 1208 1206 1175 1170 1148 1171 1167
928 948 954 962 918 903 903 902 908 932 926 939 947 916 916 947 951 947 961 996 1001 1005 998 991 987 986 1013 1026 1054 1071 1062 1049 1054 1092 1079 1034 1015 1071 1093 1103 1107 1112 1118 1121 1136 1134 1139 1147 1142 1146 1154 1160 1165 1167 1148 1157 1152 1152 1152 1161 1171 1170 1175 1190 1186 1188 1214 1218 1220 1223 1238 1224 1227 1245 1241 1227 1226 1219 1214 1205 1188 1186 1190 1180 1150 1166 1160
916 937 923 923 933 911 900 910 925 940 925 920 919 898 907 929 941 953 945 953 974 978 976 992 987 993 1011 1016 1049 1062 1088 1083 1050 1081 1077 1041 1049 1071 1088 1093 1100 1107 1113 1114 1123 1134 1137 1143 1128 1145 1158 1166 1166 1154 1146 1160 1150 1150 1144 1154 1163 1165 1175 1178 1185 1191 1199 1194 1201 1224 1227 1227 1236 1239 1231 1221 1218 1218 1210 1194 1181 1172 1176 1173 1153 1141 1155
942 960 925 912 905 882 879 901 916 942 944 925 913 903 894 885 914 912 930 944 951 964 973 987 971 988 986 1017 1036 1041 1031 1067 1054 1058 1030 1038 1057 1067 1072 1080 1092 1100 1110 1121 1132 1131 1152 1145 1134 1146 1167 1173 1164 1155 1152 1161 1149 1151 1145 1153 1144 1132 1136 1141 1140 1165 1189 1193 1211 1224 1226 1225 1241 1235 1225 1218 1204 1202 1197 1174 1170 1166 1166 1173 1149 1119 1148
943 907 897 899 905 894 885 883 917 942 946 948 949 969 899 878 890 897 919 939 975 980 973 961 947 983 998 1020 1013 1027 1039 1025 1033 1040 1031 1047 1054 1058 1052 1087 1073 1080 1097 1111 1132 1140 1143 1146 1141 1167 1163 1160 1154 1139 1148 1154 1133 1131 1139 1131 1129 1130 1125 1127 1129 1147 1159 1178 1197 1216 1224 1231 1232 1232 1221 1209 1196 1191 1180 1165 1157 1154 1148 1155 1155 1121 1124
923 908 893 906 898 894 883 890 900 916 930 966 966 1001 974 890 880 907 923 925 957 978 969 959 944 981 1029 1018 1005 1014 1020 1023 1035 1036 1040 1085 1068 1038 1057 1070 1073 1075 1087 1114 1128 1137 1147 1145 1148 1150 1146 1160 1153 1141 1125 1128 1123 1116 1116 1113 1111 1109 1112 1118 1129 1139 1161 1176 1203 1221 1241 1235 1241 1223 1208 1195 1187 1176 1165 1153 1149 1141 1136 1141 1134 1125 1104
916 923 922 912 894 899 889 911 907 918 919 948 945 1009 995 951 877 916 940 937 934 946 978 988 978 990 1005 1014 1014 1014 1031 1041 1041 1058 1084 1091 1031 1039 1062 1056 1059 1073 1094 1097 1099 1136 1150 1147 1135 1143 1135 1152 1142 1132 1143 1124 1108 1107 1115 1111 1120 1113 1109 1113 1117 1125 1151 1173 1198 1221 1243 1252 1238 1220 1201 1192 1179 1170 1154 1144 1136 1133 1122 1130 1126 1109 1061
919 922 934 913 897 878 899 902 912 941 937 945 929 982 965 890 872 937 925 935 936 970 975 988 996 998 1002 1013 999 1025 1033 1045 1074 1049 1066 1058 1020 1022 1066 1063 1058 1076 1076 1093 1109 1130 1129 1128 1144 1153 1146 1151 1140 1123 1131 1120 1101 1096 1111 1117 1107 1109 1109 1105 1107 1118 1139 1163 1192 1217 1231 1237 1228 1215 1196 1184 1160 1149 1143 1135 1117 1115 1102 1107 1104 1092 1039
908 931 927 915 912 891 900 906 908 931 923 931 915 930 907 863 873 910 912 925 966 973 986 981 991 993 1003 999 1007 1013 1026 1030 1066 1041 1023 1020 1035 1060 1045 1052 1043 1052 1066 1086 1113 1110 1127 1128 1119 1140 1148 1136 1126 1115 1101 1102 1096 1102 1103 1101 1107 1105 1105 1105 1112 1123 1140 1160 1182 1205 1221 1220 1213 1200 1183 1170 1160 1140 1130 1118 1105 1106 1092 1083 1083 1076 1030
928 932 920 912 907 901 900 909 908 906 907 921 901 901 914 932 919 903 906 920 939 953 967 972 979 988 995 1001 1016 1018 1013 1021 1012 1025 1030 1022 1032 1060 1047 1032 1059 1079 1045 1060 1084 1113 1129 1118 1121 1129 1124 1110 1100 1098 1103 1102 1098 1103 1105 1102 1108 1109 1110 1112 1117 1130 1142 1157 1172 1190 1200 1201 1200 1184 1176 1154 1143 1125 1117 1106 1092 1083 1064 1067 1058 1055 1021
927 916 912 908 908 901 898 898 910 903 899 909 893 895 920 946 953 909 915 917 930 956 964 968 971 978 993 997 1008 997 1004 1014 1013 1021 1003 1016 1023 1063 1056 1026 1047 1071 1064 1063 1085 1102 1094 1101 1101 1105 1109 1107 1104 1099 1103 1103 1095 1084 1096 1100 1108 1107 1107 1110 1120 1129 1141 1154 1168 1177 1181 1182 1180 1168 1156 1143 1130 1114 1102 1092 1083 1075 1057 1056 1051 1055 1021
941 928 904 903 908 889 890 916 906 903 890 901 891 897 922 979 953 892 897 904 917 937 958 957 966 962 978 982 998 994 1001 1024 1024 1012 1008 997 1016 1047 1024 1023 1033 1052 1059 1063 1074 1071 1080 1088 1082 1092 1104 1095 1094 1098 1100 1105 1103 1101 1086 1097 1104 1102 1106 1112 1120 1132 1139 1145 1151 1162 1167 1163 1158 1147 1139 1125 1116 1105 1094 1081 1068 1058 1040 1027 1034 1033 1024
952 943 914 906 903 908 907 921 919 902 894 890 883 894 911 930 936 944 901 903 911 911 925 939 957 969 969 992 997 997 994 1005 1010 1019 1019 1017 1025 1024 1027 1038 1017 1044 1058 1072 1071 1064 1077 1079 1080 1091 1104 1094 1090 1089 1088 1093 1098 1101 1094 1090 1101 1103 1104 1110 1120 1124 1133 1138 1145 1152 1153 1151 1146 1140 1127 1115 1101 1091 1080 1070 1060 1042 1020 1015 1006 990 978
947 943 925 912 916 913 912 926 926 914 894 883 875 887 903 911 899 933 893 906 918 918 924 943 961 963 971 973 976 983 988 995 1007 1010 1015 1002 1015 1019 1052 1077 1047 1031 1048 1054 1061 1056 1061 1066 1069 1072 1077 1078 1084 1085 1082 1085 1085 1091 1090 1089 1092 1101 1098 1109 1118 1124 1130 1135 1139 1140 1141 1137 1132 1124 1112 1102 1091 1079 1063 1055 1047 1029 1010 1009 1005 1002 991
951 951 936 915 912 916 917 928 922 923 911 886 888 918 930 896 916 933 921 912 914 926 921 940 939 945 954 957 960 971 969 980 996 1003 1004 1003 1012 1029 1034 1052 1065 1022 1024 1033 1039 1046 1053 1057 1062 1069 1073 1076 1077 1079 1082 1081 1081 1087 1085 1083 1091 1092 1102 1107 1116 1119 1125 1129 1128 1126 1125 1126 1117 1111 1101 1088 1073 1064 1050 1030 1028 1013 990 998 998 994 989
956 952 933 919 923 928 927 933 931 938 946 923 897 904 934 933 902 943 936 903 906 917 917 940 943 936 945 951 956 968 967 981 992 995 996 1010 998 1003 1036 1061 1045 1012 1015 1034 1036 1038 1045 1056 1058 1061 1058 1063 1067 1073 1075 1076 1077 1080 1074 1077 1085 1084 1096 1106 1113 1116 1118 1118 1118 1119 1112 1108 1101 1096 1086 1070 1056 1042 1035 1020 1010 993 985 985 987 983 976
969 965 953 934 925 933 933 926 924 922 935 921 898 892 910 946 902 933 936 911 914 915 917 934 940 937 944 942 950 956 970 973 980 986 986 986 987 983 993 1018 1004 1000 1021 1036 1028 1030 1041 1048 1056 1056 1057 1058 1060 1066 1065 1068 1072 1080 1078 1067 1068 1074 1087 1099 1107 1110 1112 1110 1113 1107 1102 1099 1089 1081 1070 1062 1049 1033 1017 998 981 973 974 974 971 970 969
971 964 953 952 935 936 927 926 921 917 921 924 887 895 918 942 918 898 930 907 909 915 916 925 948 941 933 935 942 948 954 966 965 968 970 971 976 980 978 982 994 988 1012 1032 1022 1029 1033 1039 1045 1048 1049 1048 1051 1064 1066 1064 1065 1071 1068 1049 1045 1058 1068 1090 1102 1105 1109 1109 1109 1103 1100 1095 1088 1075 1064 1051 1037 1022 1000 983 962 957 964 963 961 958 959
970 961 961 946 936 935 925 927 920 914 931 917 894 900 901 930 945 907 897 898 902 912 918 927 931 941 944 935 939 944 949 950 951 959 965 966 967 966 970 977 981 981 1001 1006 1012 1021 1026 1033 1037 1043 1043 1045 1049 1053 1059 1055 1062 1069 1065 1056 1068 1073 1071 1072 1092 1101 1102 1104 1106 1102 1091 1085 1076 1068 1053 1037 1020 1005 986 976 953 939 951 945 945 944 941
966 962 956 940 933 931 931 921 919 916 910 902 896 897 898 923 934 917 891 894 901 906 914 921 930 941 944 940 940 938 945 948 950 958 964 963 962 963 964 980 980 982 991 1003 1010 1019 1023 1028 1035 1038 1039 1047 1044 1045 1050 1048 1053 1055 1059 1060 1062 1072 1074 1081 1080 1087 1085 1099 1105 1102 1095 1079 1070 1055 1044 1027 1005 988 977 965 944 928 937 939 935 932 929
971 962 952 944 941 936 927 924 927 917 909 903 900 897 903 911 933 906 900 894 894 903 913 918 925 929 934 933 933 935 937 941 943 952 956 958 959 955 966 984 973 979 987 996 1000 1009 1015 1020 1025 1029 1037 1038 1035 1038 1038 1039 1043 1040 1038 1042 1051 1064 1071 1073 1083 1090 1083 1096 1099 1098 1092 1078 1050 1033 1023 1012 995 981 966 954 934 923 928 923 916 916 910
975 965 954 945 941 934 925 925 922 920 910 903 900 897 901 904 914 888 886 893 897 902 910 919 920 923 923 923 927 933 932 933 934 939 945 949 953 966 977 977 963 971 982 988 995 1003 1007 1011 1015 1019 1022 1027 1029 1029 1029 1031 1030 1032 1030 1030 1042 1045 1050 1062 1071 1080 1076 1086 1091 1088 1082 1059 1039 1028 1003 990 973 960 945 937 927 917 916 912 905 902 892
982 965 961 952 948 939 933 927 919 914 910 902 898 898 901 903 895 886 889 902 899 904 908 916 916 918 919 920 920 929 929 931 935 936 940 935 943 949 959 958 958 961 967 977 984 993 998 1006 1010 1015 1019 1016 1016 1020 1020 1018 1018 1027 1031 1039 1043 1045 1048 1050 1055 1064 1069 1067 1065 1073 1069 1063 1045 1023 1007 992 976 961 943 940 927 902 899 902 893 883 876
980 968 959 950 943 938 932 924 920 915 910 907 898 899 896 890 883 886 891 896 903 898 902 911 910 909 911 914 918 920 922 922 927 932 934 934 932 933 944 952 957 961 963 966 973 981 990 999 1004 1013 1012 1010 1010 1013 1011 1011 1016 1016 1020 1025 1034 1040 1042 1048 1056 1057 1063 1062 1060 1057 1062 1052 1038 1017 1001 987 970 957 948 939 925 909 882 877 880 871 860
974 965 955 947 941 937 927 918 913 910 906 903 893 891 892 889 882 883 889 897 903 891 900 907 902 900 906 912 912 915 916 917 924 926 924 927 929 928 932 943 947 948 954 959 961 967 979 989 1000 1008 1007 1004 1001 994 991 994 999 1000 1003 1008 1017 1028 1031 1035 1036 1042 1049 1047 1051 1047 1046 1034 1026 1012 996 980 968 953 942 930 916 903 889 863 865 856 845
967 957 949 940 935 934 922 910 906 902 898 898 891 888 886 882 888 892 887 893 894 887 893 897 898 898 901 906 907 910 911 912 915 915 915 918 921 922 925 932 931 937 942 944 949 948 956 968 982 991 985 984 986 990 979 981 983 983 988 993 1004 1010 1016 1022 1024 1034 1036 1037 1041 1034 1030 1023 1007 997 984 971 957 950 936 923 911 901 889 876 857 847 836
955 952 946 935 929 924 914 907 901 894 891 893 888 889 883 882 891 904 896 887 879 882 889 888 891 895 896 900 898 902 903 907 909 909 911 913 918 915 914 916 918 926 932 934 936 944 949 954 963 971 969 967 971 976 975 978 978 980 986 990 991 995 999 1006 1017 1023 1024 1026 1026 1021 1015 1013 1003 991 976 962 954 944 929 914 903 893 884 870 861 848 845
959 943 929 928 921 914 906 903 900 892 888 889 880 881 879 876 884 901 886 885 877 870 878 880 882 882 886 895 894 894 899 900 904 903 903 907 910 911 913 916 921 924 930 931 935 939 943 948 951 955 959 959 962 964 969 974 979 983 983 989 990 991 995 1000 1003 1009 1014 1013 1012 1005 1000 996 991 983 973 958 945 931 923 914 901 895 881 869 859 844 837
948 940 930 924 915 902 900 898 892 884 883 878 874 873 870 869 875 881 886 884 867 869 873 877 878 877 882 888 886 889 892 896 897 897 898 904 910 913 916 920 923 925 929 930 930 933 932 937 938 942 948 952 953 958 963 968 973 974 979 984 986 986 992 992 996 998 1001 999 1000 995 988 989 986 975 963 953 940 934 924 912 899 887 876 865 855 848 833
