data/Capas_SouthAmerica_5M/bio_17.asc
NCOLS 559 
NROWS 819 
XLLCORNER -81.3333333333333 
YLLCORNER -55.75 
CELLSIZE 0.0833333333333333 
NODATA_value -9999 
[rows 164 to 204 of 819, columns 276 to 367 of 559]
284 283 284 286 290 293 294 294 296 297 300 302 302 302 306 308 307 310 309 311 315 319 326 328 333 341 347 347 346 338 332 323 313 305 301 298 295 295 294 287 275 266 254 241 236 223 210 195 182 178 171 162 155 147 140 134 133 126 126 128 127 127 129 133 136 136 139 146 158 164 172 181 191 204 213 219 216 214 217 219 216 213 207 209 208 210 210 210 210 210 211 212
282 279 279 282 285 285 282 283 286 287 287 290 291 294 293 294 295 297 297 299 302 306 310 313 314 319 324 322 321 316 311 303 294 291 287 287 286 285 283 279 269 255 254 233 222 215 200 187 180 175 166 155 146 141 134 127 126 123 121 120 122 123 125 128 132 135 136 143 150 159 169 179 191 199 205 212 212 216 217 216 213 205 204 206 209 210 212 211 215 214 217 219
277 276 274 272 272 272 271 272 275 278 281 284 285 287 287 286 287 285 286 287 288 288 292 298 299 299 301 302 300 296 292 286 278 272 269 271 271 273 277 282 277 261 249 223 206 199 190 183 175 166 157 149 139 132 126 120 120 116 114 115 117 121 121 122 127 131 134 136 144 153 165 178 184 191 202 205 207 212 211 206 201 202 206 207 207 211 216 215 215 218 221 223
269 267 266 264 263 262 263 264 268 270 271 274 276 277 278 276 274 272 270 271 272 275 277 280 283 281 280 277 276 276 274 264 261 254 252 250 253 255 259 261 266 268 252 229 207 188 183 176 161 155 147 138 131 129 122 116 113 109 109 108 111 117 119 121 123 130 132 136 143 150 159 166 180 187 191 194 202 204 200 200 204 204 204 204 205 209 211 213 218 221 225 229
261 258 258 257 257 258 257 259 263 262 263 266 266 266 266 266 266 263 264 262 263 261 260 260 258 258 258 258 258 254 252 246 239 236 233 231 235 238 242 245 247 254 238 215 197 181 172 160 149 138 132 126 125 119 113 111 107 104 103 102 108 113 113 119 124 124 134 136 136 139 152 162 172 185 196 204 200 193 200 203 201 199 198 200 201 204 207 213 217 224 229 235
256 254 252 251 252 252 252 253 253 254 254 256 255 254 255 254 253 252 249 249 247 245 245 242 241 240 238 238 235 232 229 226 221 217 214 215 217 212 213 215 219 219 208 193 178 166 156 144 136 130 124 120 113 107 104 108 107 102 101 103 107 108 117 122 118 117 120 123 131 141 151 168 181 188 191 192 196 199 197 195 193 192 192 193 197 202 206 213 220 227 233 237
252 247 246 248 249 246 244 246 245 244 244 244 245 242 243 243 241 237 235 233 232 230 234 227 224 223 219 219 216 218 212 203 200 198 194 194 195 191 189 189 185 182 177 166 156 144 138 131 125 120 117 112 105 104 103 105 105 100 101 102 104 107 109 107 111 118 126 133 140 150 164 170 176 191 193 193 196 193 190 189 188 185 186 182 190 196 203 212 220 227 234 242
247 244 245 244 243 240 239 237 238 238 237 236 235 234 231 232 227 225 221 217 214 213 212 207 206 206 198 196 194 197 192 184 184 179 179 174 175 176 171 166 162 154 146 139 131 129 125 123 118 111 109 106 102 100 97 97 97 98 95 92 95 96 98 106 117 124 128 134 142 153 161 170 177 190 195 191 187 186 185 183 182 179 170 169 181 190 202 210 219 226 234 234
241 240 238 237 235 235 232 233 234 232 231 230 229 225 223 220 214 211 206 202 199 198 198 193 192 187 182 178 177 168 165 163 159 162 159 160 160 159 156 149 140 130 121 116 114 116 112 109 109 101 99 97 95 97 94 90 87 85 88 92 95 99 106 114 120 124 130 139 144 150 160 170 170 177 183 184 182 181 180 178 177 174 165 178 186 189 199 209 216 220 224 238
235 234 230 228 228 228 227 227 228 227 225 225 222 218 214 209 203 202 201 192 189 189 186 182 173 171 163 160 157 153 149 146 143 140 141 144 143 140 133 127 121 112 103 99 100 105 105 105 101 103 106 93 88 87 87 90 90 91 92 94 98 104 110 116 119 123 128 135 141 147 155 158 155 168 173 177 175 175 175 175 173 168 169 180 185 189 198 205 214 212 229 235
232 227 228 224 222 220 221 219 220 219 220 221 218 214 211 208 199 190 183 181 180 182 180 167 157 156 145 146 146 144 143 139 138 133 132 130 131 130 125 121 114 105 96 93 94 98 101 101 97 94 90 87 90 94 95 93 93 96 98 100 105 109 111 114 117 123 128 134 140 145 150 155 154 162 167 170 170 170 171 171 170 166 175 178 182 187 193 200 210 217 233 235
228 223 225 221 218 215 214 216 216 217 217 218 216 214 212 207 197 187 177 173 169 167 166 159 150 144 140 140 140 138 134 128 127 124 122 123 123 123 122 115 109 104 98 95 94 96 103 103 94 90 90 92 95 92 95 99 100 102 103 102 106 108 110 114 119 123 129 134 137 142 146 152 154 157 162 164 167 166 168 168 169 169 173 174 178 181 190 199 213 220 222 231
223 220 219 217 213 212 210 212 214 216 216 216 216 217 215 208 200 189 174 164 156 156 152 150 146 143 144 138 135 135 133 134 130 129 124 122 118 116 115 113 109 104 97 97 96 100 105 99 94 92 94 97 98 102 101 101 104 102 104 105 108 109 112 117 121 122 127 131 136 140 145 149 151 153 158 160 165 164 166 165 168 170 172 174 177 179 189 199 211 216 217 223
223 216 212 212 208 207 206 208 211 214 214 219 221 222 219 214 207 196 183 167 160 156 157 151 151 153 148 142 140 139 135 136 132 127 124 124 124 127 120 114 108 104 101 100 99 103 104 101 101 101 99 102 110 110 105 105 105 105 106 107 111 111 114 118 120 124 128 131 136 139 143 147 151 148 149 155 160 158 161 164 166 168 170 174 177 182 193 196 204 209 215 219
217 212 211 207 207 203 201 204 209 212 214 220 225 228 231 225 217 204 193 181 169 165 160 162 161 154 148 146 141 139 139 136 135 132 134 133 127 120 116 114 107 104 104 105 105 107 109 113 113 109 111 118 120 113 112 109 107 109 109 111 113 114 116 118 121 124 128 130 135 139 141 145 150 148 141 148 154 155 156 158 160 165 168 172 176 182 189 192 199 203 207 211
213 212 210 206 206 204 201 202 203 207 214 222 236 238 243 234 222 215 203 188 185 180 175 171 163 157 151 149 146 143 139 138 139 137 135 130 124 121 115 113 115 120 121 135 112 114 113 116 125 129 129 123 119 118 115 114 113 113 114 115 116 117 117 121 123 125 128 131 134 138 140 142 145 148 136 141 146 148 151 153 156 160 164 167 171 174 180 186 191 196 199 202
214 208 207 203 203 203 197 198 201 210 219 226 232 240 242 241 237 228 219 214 199 187 186 175 168 162 158 152 147 145 142 139 140 135 132 130 126 122 116 117 126 125 125 130 127 122 118 127 130 130 126 120 118 118 118 119 118 117 116 118 119 119 121 123 126 126 129 131 133 135 137 141 139 141 142 135 142 145 146 148 151 155 157 160 164 168 173 178 184 188 190 192
215 207 201 199 196 196 195 197 205 219 227 233 244 253 260 262 254 243 234 227 217 205 194 181 173 166 160 153 151 146 146 143 138 135 135 135 132 125 120 122 132 139 136 134 132 128 131 128 122 124 128 123 119 118 118 121 119 120 120 121 122 122 125 125 126 126 128 129 131 132 134 133 136 135 138 130 138 142 140 143 146 149 152 154 157 160 166 172 176 179 179 182
216 211 210 207 202 199 199 206 218 229 233 241 255 270 280 282 271 257 248 237 226 209 197 185 178 169 163 158 153 152 147 142 143 141 143 140 137 127 123 132 137 141 139 136 136 135 130 125 119 125 126 126 121 118 119 122 122 123 124 124 123 124 126 126 125 125 127 128 128 127 130 134 131 130 131 124 131 132 136 139 141 145 147 149 151 154 157 163 167 170 172 174
220 215 208 204 202 202 210 220 219 222 234 248 265 280 294 304 282 268 252 241 225 209 197 188 180 175 168 162 158 153 152 152 148 145 143 142 139 131 127 134 135 139 138 132 133 131 127 122 120 123 121 121 124 119 119 122 123 122 124 125 124 124 124 127 127 126 125 126 128 126 128 125 124 127 124 124 130 131 130 134 139 140 141 143 145 148 151 156 159 162 163 164
207 204 204 208 215 221 222 219 219 229 244 262 276 286 292 294 290 273 253 240 225 214 201 192 185 178 171 164 161 158 157 155 152 149 147 144 143 132 131 139 136 138 139 134 136 128 122 119 123 123 122 121 124 125 123 123 122 124 124 125 124 124 126 124 125 125 126 123 124 125 124 126 127 129 128 127 125 125 128 130 133 135 138 137 139 141 144 148 150 151 155 154
203 205 214 225 227 230 228 228 230 242 252 262 271 283 287 289 283 267 253 242 230 217 203 195 188 180 174 169 165 163 160 158 155 150 148 149 146 132 136 140 140 144 140 135 134 125 121 124 123 123 123 125 126 127 123 123 125 124 124 126 125 125 124 125 123 125 124 124 119 119 121 123 123 125 127 131 126 123 124 127 129 130 132 132 132 134 138 141 143 143 146 147
207 213 220 230 237 235 236 237 242 248 256 265 272 275 283 279 272 262 250 237 231 218 205 198 190 183 177 173 168 165 163 160 158 156 155 151 143 134 141 140 140 142 136 133 128 127 127 124 125 127 126 125 126 127 127 128 125 126 127 126 128 123 127 125 126 123 121 122 121 118 118 118 121 123 124 124 123 123 126 128 125 127 127 126 126 129 132 134 136 137 139 141
210 218 234 238 241 245 248 253 255 259 261 268 269 273 274 272 267 256 248 236 229 215 206 199 192 185 180 176 172 171 168 165 164 161 157 154 145 137 148 144 147 142 136 134 133 131 130 128 128 127 128 129 129 130 128 130 132 127 127 127 128 127 127 125 126 125 123 120 121 121 120 117 120 122 120 119 124 126 125 126 126 123 123 121 121 124 126 127 129 131 131 134
218 231 239 243 251 261 267 271 269 269 270 272 272 274 272 267 261 255 244 234 226 215 208 203 196 188 183 180 178 175 172 169 168 164 159 157 144 144 149 148 149 143 140 138 137 134 133 129 129 132 132 129 130 134 131 131 133 132 130 129 129 131 128 126 126 125 124 123 120 122 124 120 120 117 113 123 123 127 126 128 129 126 122 119 118 119 119 120 124 124 128 129
235 242 246 253 265 274 282 286 284 280 278 276 276 276 271 267 260 251 242 232 224 216 210 204 199 194 189 184 182 179 176 173 170 166 164 158 148 151 153 151 151 148 145 144 141 138 134 134 135 133 131 134 137 134 138 135 135 136 134 132 130 131 129 128 126 123 125 124 121 122 120 122 119 111 116 119 125 126 128 126 127 124 121 118 112 112 113 117 120 123 121 121
248 252 260 265 272 282 295 306 298 289 284 282 277 275 269 265 260 251 243 235 227 220 214 209 203 196 192 189 187 182 180 177 175 173 167 159 153 159 158 156 155 154 150 146 144 140 140 138 136 138 138 137 141 138 142 140 139 138 138 137 134 134 131 129 126 124 125 125 121 122 120 121 119 115 123 122 126 129 130 128 128 129 123 118 112 109 109 112 116 116 116 116
259 263 268 271 278 292 299 305 302 293 288 283 280 277 270 263 258 252 243 237 231 225 217 212 206 202 197 193 190 188 185 183 178 174 169 162 160 166 163 160 158 157 153 152 148 146 144 142 140 142 141 143 140 138 141 140 140 139 142 140 134 136 134 131 129 126 125 125 125 123 122 120 115 122 128 129 129 135 130 134 132 129 124 115 110 108 107 109 109 110 110 110
267 268 273 277 286 293 298 297 298 292 287 284 282 277 271 264 258 252 245 239 232 227 221 215 210 207 202 197 193 193 190 187 184 180 174 167 170 170 166 164 163 164 159 153 148 143 143 139 140 143 140 143 141 141 136 140 138 138 142 137 135 136 136 132 132 128 126 125 126 122 120 115 124 133 133 135 137 141 138 138 137 135 126 116 111 107 105 106 105 106 104 106
273 272 278 282 286 293 295 291 290 288 284 281 278 275 270 265 260 255 247 239 235 229 224 220 214 210 205 200 198 197 194 191 189 184 181 175 178 174 173 170 168 164 155 152 148 143 139 137 138 139 138 138 138 136 133 134 135 135 136 135 133 128 130 131 129 125 123 125 125 125 116 122 131 133 136 140 144 142 147 144 143 140 126 117 114 109 106 106 105 104 103 102
270 275 278 280 280 287 286 284 282 277 276 277 276 274 269 263 259 254 250 244 240 233 228 224 218 214 208 205 203 202 199 196 194 190 185 183 183 180 179 176 170 161 158 153 147 139 138 138 135 135 135 135 135 136 133 131 130 131 131 130 128 123 124 125 125 123 121 124 127 122 121 130 133 138 142 148 151 156 153 151 143 137 127 120 117 111 108 107 105 103 102 100
272 274 275 272 272 274 278 278 274 273 272 270 270 271 268 264 261 258 253 248 242 237 231 226 223 218 212 210 208 206 203 202 199 191 190 190 187 185 181 178 174 166 162 150 142 139 136 137 138 132 134 132 133 133 127 127 129 128 126 126 124 121 121 121 121 124 124 125 125 124 129 131 135 141 146 152 156 159 158 154 146 147 131 119 115 111 109 105 104 104 101 99
271 273 273 270 267 266 269 271 267 259 266 268 271 271 270 266 263 259 256 251 245 240 235 230 225 218 215 214 209 204 205 202 194 191 196 192 190 188 182 180 175 171 164 149 138 135 134 137 139 141 135 131 130 128 125 126 129 128 124 124 120 120 121 119 118 121 122 123 125 129 131 134 138 143 147 154 159 162 161 156 149 144 137 123 117 112 108 105 104 99 99 99
267 266 265 265 261 263 264 262 256 252 257 263 267 269 268 267 263 261 257 249 245 241 236 231 226 223 221 220 216 209 204 200 193 198 197 193 192 190 186 182 179 176 161 148 138 137 135 135 134 134 132 128 129 127 127 126 127 124 122 118 119 118 118 115 117 120 122 126 130 134 133 136 141 144 148 154 157 156 158 154 150 145 138 127 118 111 108 105 105 101 100 96
260 260 261 261 258 260 258 254 250 250 256 259 261 262 262 263 260 256 250 246 244 238 236 232 229 223 219 215 218 214 204 195 195 203 200 196 192 191 189 184 186 179 164 152 143 140 139 133 134 138 131 129 126 125 125 123 122 122 120 116 114 115 115 114 120 118 122 128 128 137 138 140 143 145 147 152 155 156 155 153 149 144 139 129 118 109 108 105 104 100 100 97
254 253 255 256 254 251 250 248 246 250 254 256 256 257 256 259 258 254 250 246 242 239 237 233 232 224 219 217 216 208 196 195 202 204 203 199 197 193 189 190 193 185 168 158 151 145 140 135 134 132 128 125 123 121 122 124 118 119 117 112 115 115 114 115 117 117 120 122 126 132 139 141 145 146 149 150 154 154 154 152 148 144 136 127 118 111 105 102 102 101 98 97
249 249 249 247 246 245 245 247 245 248 251 253 253 255 255 256 253 250 249 247 242 237 236 234 229 226 231 222 206 196 201 204 206 206 205 203 201 195 193 190 188 177 167 157 152 147 140 135 132 128 125 122 121 118 119 118 117 117 111 113 115 113 112 115 114 114 118 120 123 129 133 140 145 146 149 149 149 150 152 149 146 141 132 125 117 109 103 101 98 97 96 96
248 247 244 244 243 241 241 242 244 246 248 248 250 251 251 252 248 249 248 244 241 235 232 232 227 229 228 211 206 205 207 207 205 205 203 205 202 196 191 189 184 173 162 153 149 145 137 132 128 125 123 121 118 115 120 119 117 113 110 114 114 113 112 115 114 115 116 114 122 124 130 132 139 142 148 149 149 147 145 145 138 133 127 120 114 109 104 101 98 99 96 94
243 236 234 238 240 239 239 239 239 245 244 243 246 247 249 248 247 245 243 242 237 235 233 231 230 222 215 213 213 212 215 211 206 201 202 203 197 193 186 181 178 170 157 149 144 141 132 127 126 121 120 117 115 116 118 117 114 110 113 113 110 110 112 112 112 110 111 114 116 119 125 129 131 135 134 141 143 139 134 130 129 126 120 116 110 107 102 100 100 99 97 96
237 230 229 234 237 235 234 236 238 240 242 240 241 242 243 244 243 242 243 243 241 238 239 233 226 228 224 218 215 216 219 212 206 207 205 199 192 189 184 177 171 162 153 145 138 132 128 124 121 119 116 113 113 114 114 113 112 112 112 112 110 109 108 111 109 109 108 109 111 114 119 124 128 129 129 134 134 131 128 124 119 116 113 110 107 103 100 99 99 98 97 97
234 231 229 231 229 228 231 235 237 236 237 239 239 242 241 243 244 244 243 245 245 242 238 233 230 233 228 221 218 222 221 213 208 207 203 195 187 184 183 176 166 156 147 138 133 130 126 123 120 119 117 113 113 114 113 112 111 110 110 110 110 108 108 109 105 103 104 102 109 110 113 119 124 126 125 126 124 124 122 118 112 111 107 105 101 100 97 97 96 97 98 98
