data/Capas_SouthAmerica_5M/bio_16.asc
NCOLS 559 
NROWS 819 
XLLCORNER -81.3333333333333 
YLLCORNER -55.75 
CELLSIZE 0.0833333333333333 
NODATA_value -9999 
[rows 195 to 233 of 819, columns 87 to 173 of 559]
778 780 787 789 792 797 802 806 812 833 828 844 866 877 889 901 907 910 912 913 915 917 916 910 912 912 909 904 903 898 893 901 897 896 897 901 906 908 907 912 917 917 918 917 915 916 915 910 905 893 877 856 834 810 787 766 757 757 762 768 776 789 798 810 818 827 833 839 847 853 858 860 865 870 872 878 882 884 885 887 893 898 903 910 915 922 931
768 769 773 775 778 782 786 794 808 811 811 832 850 864 876 885 892 896 903 903 905 909 908 904 901 901 898 897 895 893 890 886 890 883 883 889 892 892 891 902 904 907 907 909 913 914 915 918 915 906 890 871 846 822 798 782 771 770 771 777 782 788 800 809 819 824 831 839 844 851 857 860 865 869 871 876 877 879 882 888 893 898 901 908 915 920 930
756 759 761 761 766 774 776 785 794 799 802 821 837 851 862 869 877 886 893 896 899 899 900 899 897 896 894 893 888 886 885 884 881 877 871 876 875 875 877 888 897 900 903 905 909 914 916 924 928 922 906 883 857 833 812 796 783 782 782 786 789 791 803 812 820 826 831 839 845 850 856 860 864 868 870 871 876 882 884 889 892 895 901 908 910 918 927
750 751 751 750 754 758 761 771 777 791 799 810 823 841 850 860 871 880 886 888 892 892 894 894 891 889 886 883 882 877 876 876 869 867 865 863 863 865 870 871 878 886 891 896 902 911 916 923 938 939 921 896 867 842 821 805 796 793 796 797 797 800 808 816 824 827 834 843 847 852 858 861 866 865 868 871 878 881 883 887 890 894 898 902 907 915 924
741 742 741 741 742 744 752 759 767 777 790 804 816 831 844 854 865 872 877 882 886 887 888 887 885 882 881 878 872 870 867 863 859 856 854 855 851 852 853 855 854 863 871 879 889 899 909 921 939 958 932 897 869 847 827 815 808 809 809 806 806 811 816 821 828 833 837 845 853 854 860 863 867 870 871 873 879 880 884 886 891 892 897 900 904 912 920
736 736 731 729 733 738 746 752 760 772 782 800 814 826 838 848 860 866 871 876 878 881 882 883 880 880 877 873 869 861 858 855 851 846 843 841 837 833 833 834 840 848 855 865 875 884 893 906 921 936 920 888 861 843 833 824 821 820 819 816 818 822 826 828 831 838 842 848 855 858 862 865 872 873 871 874 877 880 884 883 890 891 894 899 903 909 917
731 728 723 724 726 731 737 744 755 769 783 800 813 825 835 846 855 863 869 873 877 877 877 878 876 873 872 867 861 855 850 847 843 836 831 829 823 815 814 819 828 840 850 858 864 869 874 879 887 892 887 869 849 841 837 834 834 831 828 828 831 834 837 838 838 843 849 851 857 861 864 867 872 874 872 874 877 880 884 884 886 890 892 896 900 905 913
725 720 718 718 722 727 733 737 752 769 784 800 815 825 833 845 852 858 865 869 872 875 875 873 872 869 866 862 856 852 848 841 833 826 816 811 805 796 802 809 820 830 840 848 855 857 859 860 855 858 862 856 849 845 846 845 843 842 843 841 844 846 849 850 849 849 853 855 859 863 868 870 871 870 873 876 879 880 882 885 884 885 889 893 897 903 909
718 712 716 720 721 722 725 736 756 772 788 802 815 825 836 845 852 857 864 868 870 872 873 872 869 868 864 858 852 849 843 835 826 819 812 804 801 796 797 802 813 824 833 839 846 848 850 850 847 850 856 856 854 855 855 853 852 854 854 854 857 860 860 862 861 860 859 862 864 867 871 872 871 870 877 877 878 880 881 882 884 884 886 889 894 900 905
713 711 716 724 725 727 731 746 764 779 794 805 818 828 838 847 852 859 863 868 868 870 872 870 869 867 861 855 848 846 841 834 827 821 812 806 800 797 798 804 812 820 829 834 841 841 843 844 848 848 854 857 860 861 863 861 864 866 866 868 871 872 873 872 871 871 869 866 869 873 876 875 871 875 877 878 880 881 880 881 879 883 883 886 888 895 898
718 717 721 726 732 740 747 760 775 786 799 812 824 833 842 850 857 862 865 866 866 867 870 870 868 863 861 855 848 846 841 834 826 820 814 810 805 804 805 807 812 821 827 831 834 835 838 842 847 851 856 861 864 869 870 873 876 878 879 883 884 884 884 885 883 884 881 879 876 876 877 876 878 882 881 882 881 882 881 880 879 880 880 879 883 889 895
717 722 733 742 750 755 763 776 786 794 808 819 829 838 847 854 860 864 865 866 866 867 868 867 866 864 861 854 848 845 838 834 826 821 816 813 809 809 809 809 817 823 827 831 834 834 835 843 850 856 861 866 871 877 881 885 888 890 893 897 899 900 898 898 897 895 894 889 884 883 882 882 884 885 886 884 882 881 882 880 880 880 877 876 877 881 888
725 733 742 753 763 772 782 790 796 806 815 826 835 845 854 860 865 867 869 871 868 868 867 866 864 864 861 854 852 846 839 836 830 823 819 816 812 814 815 814 819 825 828 831 832 836 839 846 855 861 868 873 878 885 891 896 901 904 910 912 914 916 916 914 911 907 905 901 898 895 891 887 888 890 889 886 886 886 882 882 881 880 878 873 874 877 882
733 742 752 765 777 792 800 805 809 818 825 833 843 852 859 865 867 868 872 870 869 871 870 868 865 863 861 855 852 846 843 837 833 826 823 818 819 819 818 819 823 827 828 830 832 838 845 851 859 867 873 878 886 894 901 906 912 917 923 927 929 930 929 925 923 918 917 914 911 907 902 897 894 892 889 888 886 886 884 883 884 881 877 875 872 871 874
736 746 761 774 792 812 816 817 821 826 833 841 849 856 864 870 870 872 871 872 873 872 870 867 866 865 862 855 851 848 845 839 835 830 827 825 825 824 822 823 827 831 831 830 836 842 851 857 866 874 879 888 896 903 911 918 924 930 937 942 946 945 944 940 937 934 930 926 921 916 911 908 906 900 898 894 891 890 888 887 886 884 882 881 881 880 881
735 748 765 782 801 822 827 825 827 833 839 846 855 862 870 873 875 873 874 875 874 874 871 869 869 865 860 855 852 850 847 844 839 833 832 830 829 829 828 829 831 830 830 835 840 848 856 863 870 879 887 896 905 913 922 929 937 944 952 959 962 962 960 955 953 950 943 938 932 927 921 918 916 910 907 905 901 898 898 896 895 894 893 892 891 894 900
734 749 765 781 799 817 824 828 831 837 843 849 857 863 872 876 876 874 876 877 877 874 872 871 867 863 859 856 853 849 849 845 839 837 835 832 832 833 831 830 831 832 835 837 844 853 860 870 878 887 897 905 913 923 932 940 948 958 967 973 978 979 976 972 967 963 956 948 942 937 932 927 924 921 915 912 909 906 906 904 905 903 901 902 905 911 920
733 747 764 780 795 810 820 828 833 839 844 853 858 864 869 874 875 876 877 875 876 874 871 870 865 861 860 858 856 850 849 846 843 839 837 835 836 836 833 833 834 838 838 846 851 858 867 877 886 894 902 913 923 933 944 953 960 970 979 990 994 996 992 986 980 975 968 959 951 947 943 938 932 928 923 919 917 915 913 913 913 911 912 915 920 928 937
728 743 758 775 790 803 814 823 829 835 842 852 858 862 866 871 875 875 878 875 876 872 870 870 864 861 860 858 856 854 851 848 845 842 840 838 839 837 837 838 838 841 844 851 855 864 873 882 891 899 910 920 930 940 951 961 969 981 993 1004 1013 1015 1009 1002 992 985 976 970 961 956 951 946 940 935 932 928 926 922 921 921 920 919 922 928 934 942 952
723 738 753 770 784 796 807 817 825 832 840 850 855 861 862 868 871 872 874 875 874 870 870 868 866 864 859 857 857 854 852 848 846 844 843 841 841 841 841 841 842 844 851 856 860 870 878 888 895 907 915 925 936 946 957 966 978 990 1002 1016 1030 1030 1022 1012 1002 992 981 976 968 962 958 953 947 940 939 935 932 929 928 928 926 928 932 938 944 952 960
719 734 748 764 777 791 801 811 821 828 837 845 852 856 861 864 868 870 871 872 873 871 868 865 867 864 863 860 858 856 853 851 848 846 845 842 844 845 844 846 848 852 856 860 866 875 885 893 902 912 921 931 939 950 961 974 984 996 1009 1022 1032 1032 1026 1018 1008 998 989 982 976 969 966 959 953 949 946 942 938 938 935 933 935 938 944 947 953 961 969
717 731 744 759 773 786 797 808 817 827 833 840 848 855 860 866 867 868 870 871 872 870 868 867 866 866 863 861 859 857 854 855 851 850 847 849 847 845 848 851 852 856 859 864 873 880 892 899 908 918 929 935 945 955 967 977 987 998 1009 1019 1026 1028 1025 1018 1008 1002 995 986 980 975 970 965 958 954 952 948 943 943 942 942 945 949 952 956 961 969 976
713 727 741 756 769 783 792 804 815 824 831 838 843 851 857 861 864 865 867 867 868 868 870 869 865 864 863 861 860 856 856 856 853 852 851 851 851 851 852 853 856 859 864 870 879 887 896 905 914 923 931 940 949 960 970 979 987 997 1006 1016 1021 1022 1020 1015 1010 1003 997 991 984 979 974 969 963 960 957 951 948 947 949 951 952 956 960 963 967 973 980
713 726 740 755 767 778 791 801 812 820 828 833 841 846 853 857 861 865 868 868 869 866 867 866 865 861 863 863 861 859 857 855 853 855 854 853 853 853 854 856 858 865 870 875 884 893 903 911 918 927 936 944 955 964 971 978 987 996 1003 1011 1017 1018 1014 1012 1009 1004 997 992 987 981 977 973 968 963 959 956 953 954 956 958 959 962 966 968 971 978 985
714 729 739 753 766 777 787 799 808 818 825 833 839 845 852 854 858 864 867 865 866 864 866 864 863 863 862 861 859 858 857 854 854 855 853 854 855 855 855 855 860 869 872 880 890 897 907 914 922 931 939 947 957 965 971 979 986 994 1000 1004 1010 1010 1009 1007 1005 1001 997 993 987 982 978 975 970 966 963 959 959 959 961 961 964 968 970 975 976 982 988
715 730 743 753 766 777 786 797 807 815 822 830 837 842 847 852 857 861 862 862 864 863 863 861 862 861 862 861 859 858 857 855 855 855 854 856 855 855 854 858 863 871 875 884 893 902 912 919 927 936 942 949 955 964 970 976 982 990 995 999 1001 1001 1001 1002 999 995 994 990 986 984 980 978 974 969 965 962 962 963 963 964 967 970 973 975 980 985 989
721 732 743 755 765 778 787 797 806 813 822 827 834 842 845 850 852 856 859 861 863 862 861 862 862 861 863 863 861 859 855 855 856 856 857 857 855 855 857 860 867 871 879 887 895 904 914 922 931 939 947 952 957 963 968 974 979 983 988 991 993 995 994 994 994 993 991 987 985 982 979 977 973 970 965 961 963 963 964 966 968 971 974 977 982 987 993
724 734 745 756 766 775 786 796 805 814 820 826 833 841 843 849 851 854 856 859 861 859 861 861 863 863 861 861 861 858 857 857 858 857 857 857 856 857 858 861 866 871 880 890 898 908 918 926 935 943 949 954 959 963 966 971 975 977 982 985 987 987 988 990 989 989 987 985 982 980 976 975 972 969 964 963 965 963 965 967 969 971 975 979 983 988 994
727 739 749 756 767 775 785 795 805 813 820 827 834 838 844 847 851 852 856 859 859 856 858 859 860 862 860 859 859 857 854 855 857 858 858 858 857 859 858 862 866 872 880 891 900 909 920 931 937 944 948 956 959 963 965 967 969 972 974 977 977 979 982 984 985 984 985 981 979 977 974 973 969 965 963 964 966 965 965 969 970 971 973 979 983 989 994
732 742 749 759 768 777 787 797 805 813 819 826 833 836 841 846 849 852 855 856 857 856 857 858 859 861 859 859 858 856 856 856 856 857 857 859 857 859 860 861 867 874 884 892 903 912 921 932 941 947 952 957 961 964 963 963 967 965 966 968 971 974 975 979 980 981 981 979 976 974 971 967 964 962 962 964 964 965 966 967 970 970 973 978 983 989 994
737 745 754 763 772 779 789 798 806 814 819 826 833 837 840 843 847 849 851 854 854 855 856 856 855 858 858 857 856 854 855 856 858 857 856 856 855 857 858 862 866 873 885 894 903 914 923 934 942 950 956 960 962 963 961 960 960 959 959 958 960 965 970 973 974 978 980 979 976 971 966 962 960 961 961 961 962 963 963 966 968 970 972 976 981 988 994
739 747 756 765 772 782 791 801 807 814 820 827 832 835 838 841 844 847 850 851 851 855 855 855 853 856 856 855 852 853 853 855 856 854 854 855 855 856 857 859 865 872 884 894 905 914 925 936 945 953 958 962 963 962 959 957 954 951 950 949 950 956 960 964 970 974 978 977 973 968 961 960 960 958 959 959 959 959 961 963 966 968 970 975 981 986 990
740 750 758 766 774 784 793 801 808 816 822 828 833 836 840 843 844 844 847 849 850 849 851 853 852 852 853 849 851 852 851 851 852 851 853 853 855 856 857 858 863 871 883 894 903 914 925 937 947 956 962 965 964 962 957 952 947 942 938 937 940 946 951 957 962 968 974 974 968 963 957 958 957 956 956 957 956 957 958 960 962 964 968 972 978 982 987
744 751 761 768 777 786 794 802 810 818 824 829 835 839 842 844 843 843 844 846 847 848 849 849 850 850 849 848 847 849 850 850 849 849 851 852 852 854 854 856 858 868 880 892 902 913 925 938 949 959 969 969 965 959 953 947 940 935 926 921 925 932 940 948 954 961 967 968 963 961 958 955 953 952 952 951 951 953 954 957 959 961 966 968 972 978 982
744 752 762 770 780 792 800 807 813 819 825 830 835 839 841 843 842 842 843 842 843 842 843 845 846 846 844 845 844 845 845 846 846 845 845 848 849 851 853 854 857 865 875 887 900 912 924 936 950 965 980 973 966 957 950 943 935 927 918 913 919 928 935 942 948 955 959 960 958 955 953 950 949 950 947 945 946 947 951 952 954 956 959 961 967 972 980
743 752 765 775 783 794 803 810 816 821 828 832 837 840 842 841 842 843 843 842 841 839 839 841 842 841 841 841 842 841 840 841 843 844 842 843 846 849 852 853 854 860 871 883 893 907 919 932 946 961 970 967 960 954 948 942 932 925 918 915 919 926 931 937 941 947 951 952 952 951 948 946 944 942 943 942 942 942 944 945 949 949 953 957 961 968 973
746 753 765 776 788 798 807 814 820 827 830 835 838 839 841 842 843 843 844 842 842 839 838 838 837 836 836 838 839 838 837 837 837 839 837 840 842 843 845 846 848 857 863 876 887 901 912 926 939 950 958 956 954 948 943 936 930 925 920 917 920 923 928 932 937 942 944 945 945 945 944 941 940 940 939 936 936 937 938 940 941 945 947 951 956 962 970
745 757 766 779 792 804 813 819 824 829 832 836 838 839 839 840 842 843 842 842 841 839 836 833 832 832 833 833 831 833 831 831 830 832 832 835 835 838 843 842 844 847 857 869 882 895 907 920 931 940 945 947 946 940 937 932 926 922 918 919 919 923 925 928 933 935 936 939 939 939 936 935 933 934 932 931 928 931 934 935 937 940 944 948 953 959 966
741 758 769 783 797 807 818 824 829 832 834 836 837 838 838 839 840 842 843 842 840 838 835 829 825 825 825 826 828 825 822 821 822 822 824 830 835 837 838 841 841 844 854 866 878 889 901 912 922 928 934 935 936 936 931 928 924 923 919 919 919 920 922 924 927 929 932 933 933 932 930 930 928 927 925 923 923 924 926 926 930 935 938 944 950 955 961
