data/Capas_SouthAmerica_5M/bio_14.asc
NCOLS 559 
NROWS 819 
XLLCORNER -81.3333333333333 
YLLCORNER -55.75 
CELLSIZE 0.0833333333333333 
NODATA_value -9999 
[rows 168 to 209 of 819, columns 190 to 284 of 559]
153 153 155 157 159 163 164 167 169 169 169 169 169 168 167 166 164 162 160 158 155 152 151 149 148 147 146 146 147 147 148 148 151 152 151 150 148 145 141 136 131 127 125 126 128 130 132 130 135 137 137 138 136 133 133 133 131 131 130 131 130 132 130 130 129 127 123 119 115 112 111 107 103 101 98 96 94 93 92 90 89 89 87 85 85 82 80 79 79 78 77 76 75 76 77
153 153 155 159 162 166 168 172 172 172 171 171 171 170 168 167 166 163 161 159 157 154 153 151 150 149 149 149 150 150 150 151 153 154 154 154 152 148 144 140 135 132 130 129 130 132 132 129 131 136 135 133 133 130 131 130 128 128 130 130 129 130 130 131 131 127 124 120 117 110 109 105 101 100 97 96 93 92 91 90 89 87 85 83 81 80 78 77 76 75 75 75 74 74 74
154 152 155 160 165 169 173 175 176 176 175 173 172 172 171 169 168 165 162 160 158 156 154 154 152 153 152 151 152 153 152 153 153 153 155 155 155 153 148 143 139 136 133 132 132 133 132 132 129 134 132 130 128 126 126 125 124 125 127 128 128 129 129 129 131 128 124 120 116 110 105 104 100 99 97 95 93 92 90 89 87 84 81 80 79 78 76 74 74 74 73 71 70 71 70
156 154 157 164 169 174 177 179 180 179 178 177 175 174 173 171 168 166 164 162 160 158 156 157 155 154 154 154 154 151 151 153 155 154 155 157 158 153 148 144 141 137 135 134 136 134 130 130 129 130 130 127 126 123 122 121 121 122 123 123 123 126 127 129 130 128 124 120 115 109 102 99 96 94 94 94 92 91 88 86 84 81 79 77 77 76 75 73 72 71 70 68 68 67 67
162 160 164 171 176 181 184 186 186 185 183 181 179 177 175 173 170 168 166 163 162 160 159 158 157 155 154 155 152 151 153 154 155 155 157 156 158 156 152 147 143 140 137 135 135 131 129 129 126 125 126 124 124 123 122 120 120 121 121 121 122 123 125 127 130 128 124 120 115 109 103 97 94 94 93 91 90 88 85 84 82 79 78 76 75 74 72 71 70 68 67 66 65 65 65
170 174 176 181 186 190 192 193 191 191 189 186 183 178 177 175 171 168 166 164 163 161 159 157 156 153 153 153 153 152 151 152 152 155 156 156 156 154 151 146 143 138 134 133 133 132 131 131 129 125 120 120 122 121 120 119 117 117 117 118 121 122 125 129 131 128 125 121 116 110 105 99 96 93 90 88 86 85 83 82 80 78 76 74 73 71 69 68 65 65 64 63 63 63 62
180 184 190 192 199 202 202 200 198 197 193 188 183 177 176 173 172 170 166 163 161 160 159 155 153 153 152 152 151 150 149 148 150 153 154 152 150 150 148 144 138 135 134 131 130 130 129 129 127 123 118 115 117 117 116 114 113 112 114 116 118 119 120 123 124 127 125 121 115 109 104 98 93 90 88 87 84 83 82 80 78 77 75 73 70 68 67 65 63 62 61 60 60 59 58
188 195 201 205 210 213 212 208 203 200 195 189 184 178 175 172 170 170 164 161 159 159 156 154 154 151 148 148 148 147 146 147 148 150 149 147 147 144 142 140 136 134 132 129 129 129 127 124 122 118 116 112 108 109 110 109 108 108 110 113 113 112 114 115 118 121 120 117 112 107 103 98 92 88 86 84 84 82 80 78 76 75 73 71 69 67 64 62 62 60 58 57 56 56 56
196 204 211 214 219 218 216 211 204 200 195 190 185 180 175 171 169 166 162 159 157 156 155 152 152 149 146 145 143 144 143 145 147 146 144 144 142 140 140 138 134 131 129 127 127 124 121 120 117 116 112 110 105 104 105 104 104 104 107 108 107 107 107 109 112 115 114 112 109 106 102 97 92 89 86 84 82 80 79 77 75 73 71 69 66 65 62 60 58 57 56 55 54 54 54
202 210 217 221 227 226 222 215 207 200 195 189 183 179 175 171 168 165 159 155 153 153 151 150 149 146 145 142 141 142 142 141 141 141 141 140 138 138 137 135 130 127 126 124 122 119 118 116 114 113 109 106 101 98 101 99 99 100 100 102 100 100 101 103 105 108 106 105 105 103 100 97 93 90 86 84 82 80 77 75 72 70 68 67 65 64 61 58 56 55 53 52 51 51 52
202 208 218 224 230 231 223 215 206 201 193 188 180 176 172 167 163 160 158 154 152 150 149 147 146 144 143 140 139 138 138 137 138 138 138 135 135 134 132 129 126 124 122 121 118 115 114 113 111 108 105 101 97 93 94 94 93 94 94 94 94 95 96 97 100 101 101 101 100 99 97 96 93 91 88 86 84 81 78 75 72 69 68 66 63 60 58 56 55 53 52 49 48 49 50
201 208 215 221 224 224 219 210 203 195 191 186 180 175 169 164 160 158 156 151 148 147 144 141 141 142 140 137 137 135 134 133 134 135 133 133 131 129 129 125 122 119 118 116 113 111 109 108 106 103 100 96 93 89 86 87 86 87 87 87 88 88 89 91 94 95 96 96 96 95 96 94 92 91 90 88 85 82 79 75 72 70 68 65 62 60 56 55 54 52 51 49 47 47 48
195 200 207 214 218 214 213 206 199 191 187 183 178 172 167 163 156 153 152 147 145 144 141 138 137 137 136 134 133 133 132 131 131 131 131 130 129 127 123 120 118 116 114 112 110 107 105 103 100 98 95 93 90 85 81 81 81 82 82 81 82 83 84 85 87 90 91 92 93 93 93 94 93 91 90 88 86 82 79 76 73 70 67 65 63 59 56 54 53 51 50 49 45 45 47
191 195 202 210 210 206 204 201 195 189 181 180 174 170 163 159 154 150 147 145 143 142 139 136 134 134 132 131 131 130 129 128 129 127 127 128 127 124 121 120 116 114 112 110 108 105 102 100 97 95 91 88 85 83 79 75 75 75 76 76 75 77 78 81 82 84 86 86 89 91 93 95 94 93 91 89 86 83 80 76 72 69 67 65 62 60 57 54 51 49 48 47 46 45 48
187 190 196 197 200 199 195 193 188 184 177 175 169 165 161 155 151 146 143 142 139 137 136 133 133 132 131 129 128 126 126 127 124 124 124 124 124 122 120 118 114 110 109 108 106 102 99 97 94 91 88 85 82 79 76 72 69 69 69 71 71 72 74 75 76 79 81 83 86 90 92 95 95 94 92 91 87 84 80 76 73 71 68 65 63 61 59 56 55 53 51 49 48 49 53
184 186 188 182 189 191 190 186 181 176 172 168 164 161 157 151 146 142 140 138 137 134 132 129 128 129 129 127 126 125 124 124 121 121 121 121 122 119 117 115 111 108 106 105 103 100 97 94 91 88 86 82 79 76 74 70 67 64 63 64 66 68 69 70 71 73 76 78 81 85 89 94 97 94 93 91 87 83 80 77 74 70 68 66 64 63 62 59 56 54 52 51 52 55 54
178 182 183 179 181 183 180 175 173 168 165 161 157 154 150 146 140 136 135 134 132 130 127 126 125 124 125 125 123 123 123 121 119 119 119 119 118 115 115 112 108 106 103 102 101 98 95 92 88 85 82 78 76 72 70 66 64 60 59 58 62 64 64 66 67 68 71 75 79 82 86 90 94 94 93 90 87 85 81 77 74 71 68 65 63 60 59 57 56 56 57 58 57 55 54
171 174 176 174 171 172 172 169 167 164 160 156 151 147 144 141 137 134 131 128 126 124 122 121 120 121 121 120 120 118 120 120 119 118 119 119 116 114 113 110 107 105 103 102 99 94 92 90 85 82 79 75 73 69 66 64 61 58 55 54 56 60 59 59 61 66 67 69 75 80 84 87 90 92 92 91 87 84 81 78 74 71 67 64 62 61 58 58 61 64 63 63 61 60 59
167 169 170 168 167 166 164 164 161 157 154 151 146 141 137 134 131 129 124 123 122 119 118 116 117 117 118 117 117 117 117 116 117 117 117 116 114 112 112 108 106 106 104 101 99 95 89 86 83 78 77 74 71 67 65 62 59 56 54 52 51 53 54 54 57 69 84 69 70 74 79 83 85 89 91 91 87 84 81 79 76 72 68 67 65 60 61 62 64 67 69 67 66 65 65
163 162 164 162 161 160 159 155 153 150 147 144 141 136 131 128 124 122 119 117 115 114 114 114 114 112 113 114 114 112 114 114 114 114 113 111 112 110 109 106 105 104 102 100 98 94 91 86 82 80 76 71 67 64 62 60 57 54 51 50 49 52 54 54 53 63 74 62 66 70 75 78 82 86 88 90 90 88 82 79 78 75 70 65 63 61 63 65 71 72 72 73 73 73 72
159 158 156 155 154 152 152 149 145 143 141 138 134 130 126 123 120 117 115 114 111 110 110 111 110 110 111 110 110 110 110 110 109 110 110 109 108 108 106 105 104 103 103 100 98 95 92 87 83 80 75 71 68 66 63 59 54 51 50 50 50 51 54 55 56 54 55 61 66 69 74 76 79 80 84 84 84 86 84 81 77 74 68 64 62 64 67 71 74 75 78 81 83 83 81
155 154 151 150 148 146 145 144 140 136 135 132 128 125 121 118 115 113 111 110 109 106 105 106 106 107 107 108 107 108 109 109 108 108 107 107 106 105 103 103 103 103 102 99 98 97 94 90 85 79 75 69 67 64 59 55 51 47 48 48 48 49 50 52 53 54 57 62 66 69 74 76 80 84 84 82 82 81 78 78 77 73 70 67 65 67 73 75 77 80 85 89 91 92 89
151 151 148 146 143 141 139 134 131 132 129 124 122 120 116 111 109 110 107 105 104 102 100 101 101 103 104 105 106 106 108 108 107 104 104 104 105 103 103 101 102 102 101 100 99 96 94 91 85 80 75 70 68 63 60 56 53 49 46 46 48 49 49 52 55 57 60 65 67 74 78 81 83 90 87 84 84 80 78 78 76 74 73 72 70 72 77 79 82 83 86 90 96 100 97
145 145 143 141 138 135 131 129 129 129 127 121 116 115 112 108 105 103 100 99 97 98 97 98 96 97 99 101 102 104 104 103 103 103 104 104 104 103 103 103 104 101 100 99 98 96 95 93 87 83 79 74 69 66 63 59 56 53 52 52 53 52 53 55 57 59 63 66 69 73 76 80 84 89 89 88 85 84 83 81 80 79 77 78 79 78 79 81 83 83 85 91 94 97 99
139 138 138 135 133 131 126 127 124 122 119 116 112 109 107 105 101 98 95 95 92 92 93 94 95 95 95 98 99 101 102 102 102 103 102 101 102 103 101 101 103 101 99 98 98 96 96 95 93 90 86 81 76 73 67 62 59 57 56 54 55 56 56 58 59 60 62 66 70 73 76 80 84 88 88 85 87 90 88 84 82 83 83 80 79 80 80 81 82 84 87 89 93 93 96
131 131 132 130 128 124 122 122 118 116 115 110 106 105 102 99 96 94 90 89 88 87 88 90 92 93 95 94 96 98 100 101 102 101 100 101 102 101 100 100 100 101 100 100 100 101 101 99 96 96 90 85 81 75 69 65 64 62 60 58 58 59 59 61 60 61 63 68 71 75 79 82 83 83 84 85 89 85 85 85 85 85 83 80 80 81 82 81 83 85 87 89 90 90 91
127 126 127 125 123 119 117 117 116 112 108 107 103 101 99 96 91 88 86 84 82 82 83 85 89 91 93 95 97 100 100 101 102 101 100 102 101 99 98 97 99 100 100 102 103 105 104 100 100 100 98 92 87 81 75 71 67 64 63 61 61 62 62 61 63 64 66 70 73 76 76 77 81 86 86 85 84 86 87 86 87 86 83 82 81 81 81 82 83 85 85 88 87 87 86
125 124 122 120 117 115 114 113 111 107 104 103 100 98 95 93 88 85 82 81 79 79 80 83 86 89 91 94 97 97 98 99 100 100 101 100 99 98 97 98 99 102 102 103 105 103 100 103 102 103 101 99 93 86 80 76 72 67 65 65 64 64 64 64 65 66 68 72 74 76 77 81 85 87 88 85 82 88 90 89 88 87 85 82 81 82 82 83 84 83 83 83 85 85 84
120 120 116 113 112 111 110 107 106 105 101 99 97 95 93 89 87 84 82 78 75 75 79 81 84 87 90 94 96 98 99 98 97 97 98 98 99 99 99 100 97 99 101 102 100 99 102 104 101 102 102 101 96 90 84 80 76 72 70 68 68 66 67 68 68 70 72 74 76 76 78 84 85 87 89 85 87 89 88 87 86 88 85 84 84 83 83 83 85 84 83 82 82 83 83
116 116 111 108 109 106 105 104 102 100 99 97 94 93 91 88 86 84 82 79 77 78 80 83 84 88 91 94 96 98 96 96 98 99 98 98 99 98 98 100 99 99 99 97 98 102 103 101 99 105 102 100 98 94 88 83 79 76 73 72 71 69 69 70 71 73 73 76 77 79 80 82 84 88 88 88 88 87 87 86 87 87 86 84 83 84 83 82 83 83 83 82 81 81 80
113 110 108 105 105 103 102 100 99 97 96 96 94 92 89 87 86 83 82 79 78 78 81 83 85 86 88 91 93 96 96 98 99 100 99 99 99 97 98 99 99 101 102 101 102 100 97 99 102 103 102 100 97 95 90 87 82 79 77 75 73 72 73 72 72 75 76 77 79 80 82 83 85 86 89 90 87 87 86 85 83 87 85 84 83 83 84 82 82 83 82 82 81 80 79
109 107 104 103 100 100 100 98 97 95 94 93 92 91 88 87 85 82 81 81 78 78 80 81 84 86 90 94 96 96 97 99 98 98 99 99 99 98 99 100 98 98 98 98 99 99 97 96 98 99 98 97 96 94 91 88 85 81 79 77 76 75 75 75 76 77 77 78 79 82 84 84 85 87 90 88 88 88 85 83 81 81 83 82 80 80 79 79 81 81 80 80 81 80 79
105 104 100 98 97 97 97 95 94 94 93 90 90 90 89 87 85 83 82 81 81 80 81 84 86 85 90 94 94 95 97 98 97 97 97 97 97 97 99 99 98 95 93 92 97 98 96 97 96 95 95 96 94 92 90 88 86 83 81 79 77 76 76 78 80 79 78 80 81 84 84 84 84 86 88 89 89 86 82 82 79 79 79 79 77 75 73 74 74 74 75 75 77 80 78
103 102 98 94 95 95 94 93 92 92 91 90 90 90 88 87 86 83 82 81 82 82 84 87 87 87 90 92 92 93 96 97 97 97 97 96 96 98 99 99 97 94 92 93 95 97 97 97 95 93 94 94 92 91 91 89 86 85 82 81 80 78 78 77 78 79 80 82 83 83 84 83 84 86 86 87 87 83 82 81 78 76 73 73 73 71 71 69 69 70 71 72 75 77 78
101 100 97 95 94 93 92 91 91 90 91 90 89 87 86 84 83 84 84 85 85 85 87 87 85 88 91 92 91 94 95 95 96 97 95 96 97 98 99 97 92 93 93 94 97 97 97 96 95 95 92 92 90 89 90 89 87 85 83 82 81 80 79 78 78 79 80 82 81 82 83 85 85 86 85 85 84 80 80 78 77 74 70 70 69 68 66 63 62 64 67 69 71 73 75
97 97 96 94 93 93 92 92 91 90 90 90 90 88 86 85 86 85 84 86 88 88 88 85 87 90 91 90 92 95 95 95 95 95 95 95 96 97 95 93 90 91 91 94 94 94 94 93 92 93 92 89 88 87 87 86 84 83 82 83 81 80 79 80 79 79 80 80 82 82 83 84 84 85 84 82 82 79 78 76 74 71 68 68 67 65 63 60 60 63 66 66 67 70 72
96 94 94 92 91 91 90 91 91 89 88 88 87 86 86 86 86 86 85 86 85 87 86 84 90 91 89 89 91 93 94 94 95 94 93 95 95 95 93 90 92 92 91 93 93 92 91 91 89 90 89 87 86 84 84 83 81 81 82 82 81 81 79 79 80 80 79 79 81 82 83 84 82 84 83 80 79 77 75 74 72 70 68 67 65 63 62 61 60 62 63 63 65 67 70
94 93 92 92 91 91 89 88 87 86 85 84 83 84 84 84 84 84 84 83 85 84 82 86 90 89 90 90 90 91 93 94 95 94 93 93 94 94 94 92 89 89 90 89 90 89 88 88 89 88 87 86 84 82 81 83 82 82 81 79 78 79 81 80 79 79 78 79 81 81 82 82 82 82 81 79 77 76 73 72 70 69 67 65 63 62 60 60 59 60 61 60 62 65 67
92 91 91 90 90 90 88 86 85 86 84 83 82 82 83 82 82 83 83 81 83 83 83 85 88 87 88 90 91 92 93 93 93 92 92 90 91 89 90 88 86 86 88 88 88 87 86 86 85 84 85 84 83 82 80 80 82 81 78 77 77 78 79 80 81 80 79 80 80 81 81 81 81 81 79 77 76 73 72 71 70 69 66 65 62 60 60 59 58 58 58 59 60 63 65
90 90 89 90 89 89 88 86 85 84 84 83 82 82 81 81 79 80 82 80 81 80 81 82 84 84 84 87 90 90 89 89 90 89 88 87 86 85 84 85 85 84 85 86 87 84 84 84 85 85 84 83 82 81 81 79 78 78 76 77 77 77 77 79 80 80 79 80 80 80 79 80 80 79 76 74 72 71 69 67 66 67 65 63 61 60 58 57 56 57 57 57 58 60 62
88 88 89 89 89 89 88 85 87 85 85 82 81 80 79 79 77 77 78 76 78 79 80 79 81 82 85 84 88 88 87 86 85 85 84 84 83 81 81 85 84 83 82 82 83 83 82 84 83 83 82 80 81 78 78 77 75 76 76 75 75 75 75 75 76 78 77 77 78 79 78 77 76 75 73 72 70 68 67 65 65 64 63 60 59 58 57 56 54 55 55 55 56 57 59
86 88 90 88 87 88 88 85 86 85 85 82 80 79 77 78 77 76 76 76 77 78 78 77 79 80 84 82 84 85 84 86 85 83 82 82 81 80 80 82 82 81 82 82 81 82 82 82 81 81 81 78 78 77 76 77 76 75 74 73 71 71 71 72 73 76 76 76 77 76 74 74 73 73 71 70 67 65 65 64 63 62 60 60 58 56 55 54 52 53 54 54 54 56 56
