data/Capas_SouthAmerica_5M/bio_17.asc
NCOLS 559 
NROWS 819 
XLLCORNER -81.3333333333333 
YLLCORNER -55.75 
CELLSIZE 0.0833333333333333 
NODATA_value -9999 
[rows 246 to 286 of 819, columns 276 to 367 of 559]
71 73 72 70 70 69 69 69 68 68 68 67 66 66 66 67 67 66 63 62 63 63 62 61 61 61 60 60 60 59 58 58 57 57 58 60 59 61 63 61 60 60 59 59 60 59 60 59 60 60 61 61 60 60 60 60 61 60 61 61 62 63 62 63 63 63 63 63 61 62 62 63 63 63 63 64 63 62 61 60 59 60 57 57 57 57 58 59 59 59 61 62
69 69 70 69 68 68 67 66 65 66 66 64 64 65 68 66 64 64 64 63 61 61 60 61 60 59 58 59 59 59 57 58 58 58 57 57 58 60 64 62 63 59 59 58 58 57 58 58 59 59 59 59 58 58 58 58 59 59 59 60 60 60 61 61 62 61 61 60 59 59 59 60 61 61 63 64 62 60 59 58 57 56 55 55 54 56 58 58 57 59 62 62
68 67 66 65 65 65 65 65 63 63 63 63 63 63 64 63 64 62 63 64 65 62 61 62 60 59 59 58 58 56 58 58 58 56 58 58 60 59 61 63 62 59 58 58 57 57 58 58 58 57 59 58 57 56 56 56 56 58 56 57 57 58 58 59 59 59 58 58 58 58 57 57 59 60 62 66 61 59 58 57 54 54 53 53 54 55 56 56 56 55 57 60
66 66 64 63 62 63 62 61 61 61 62 61 61 62 61 61 62 63 62 64 67 66 65 64 63 62 61 61 59 57 57 57 57 57 56 57 58 59 63 60 60 59 58 57 57 57 58 57 57 55 56 57 55 55 55 55 54 55 55 56 56 57 57 58 58 57 55 56 57 57 55 56 57 58 59 62 61 56 55 54 53 52 52 52 54 53 55 56 55 55 56 56
64 63 62 62 60 60 61 60 59 60 59 59 60 59 60 58 59 60 61 61 62 64 67 67 66 64 63 63 61 60 58 56 56 56 56 55 56 57 58 58 58 57 58 56 56 56 57 56 56 56 55 55 55 54 53 53 53 53 54 54 56 55 55 55 56 56 54 54 54 54 55 55 55 55 58 58 58 56 54 53 52 50 51 51 52 50 51 53 52 55 53 53
62 62 59 59 59 58 58 58 58 58 57 57 59 59 58 57 57 58 58 58 59 59 60 60 61 63 62 62 60 61 60 58 58 56 56 56 54 55 58 57 56 55 55 54 55 54 54 54 54 54 54 53 52 52 52 52 52 52 52 53 53 54 53 53 55 55 53 53 52 52 52 52 53 53 53 53 53 52 52 51 50 50 50 50 51 50 51 53 53 52 51 50
62 60 59 58 57 56 57 57 56 55 55 55 56 56 55 55 55 56 57 55 56 55 56 57 57 57 58 59 58 59 58 58 58 55 54 54 54 55 57 56 55 55 55 53 53 53 53 54 52 53 54 52 51 52 52 52 51 50 50 50 50 51 50 52 52 53 52 51 51 50 49 50 50 50 50 50 50 50 50 49 50 49 50 50 49 50 50 51 50 49 51 49
59 58 56 57 56 55 54 55 55 54 53 54 53 53 53 54 53 52 53 54 54 53 54 55 54 54 57 57 57 57 59 58 59 58 57 55 55 56 57 57 55 56 54 53 54 54 52 53 51 52 52 51 50 50 49 50 50 49 51 50 50 51 50 51 51 51 49 49 49 49 49 49 49 49 49 49 48 48 48 48 48 48 48 48 48 51 48 49 47 48 48 48
58 57 56 55 54 53 53 53 54 53 53 52 52 51 52 51 51 51 52 52 53 53 53 54 53 53 53 55 55 55 56 57 59 58 58 58 58 58 56 56 57 57 55 53 53 53 52 52 50 50 49 50 49 49 50 50 50 49 48 49 49 48 48 48 49 48 48 47 47 47 47 48 47 48 49 49 47 46 47 47 46 45 47 46 47 48 48 46 46 47 47 46
56 57 53 53 53 52 53 52 51 50 51 50 51 51 51 50 50 51 51 50 51 53 52 53 53 53 54 54 54 55 55 57 56 56 57 57 57 57 56 56 58 59 57 54 53 51 51 50 49 49 49 49 49 48 48 49 49 47 47 48 47 47 47 48 47 47 47 47 47 46 46 46 46 46 46 48 47 47 47 44 44 44 45 44 47 46 47 44 45 45 44 45
56 54 53 51 50 50 51 49 48 48 49 49 48 48 47 49 48 49 50 50 50 51 52 53 53 53 54 55 54 55 55 56 56 56 56 55 54 55 55 56 58 59 56 54 52 51 49 50 50 50 47 47 47 47 48 47 46 46 46 46 45 46 46 45 46 46 45 45 45 44 45 45 44 43 43 43 44 47 46 45 46 43 43 44 43 44 43 44 45 44 43 43
54 52 51 51 51 50 48 47 47 47 48 47 46 45 45 47 48 48 49 49 49 50 51 51 51 52 54 54 53 53 55 55 56 55 55 55 55 55 55 56 57 58 56 55 51 50 49 48 49 48 46 46 46 47 47 47 46 46 45 45 45 45 45 45 43 43 43 43 44 43 43 42 42 42 43 42 42 46 43 44 44 43 42 41 41 41 40 40 41 42 41 42
51 52 51 50 49 49 48 47 46 45 47 49 45 46 46 45 47 45 46 47 48 49 49 50 51 51 52 53 53 54 54 56 54 55 54 55 55 55 57 57 57 55 56 55 51 49 48 48 48 48 46 45 44 45 44 44 44 45 44 44 44 44 44 42 43 42 42 42 43 43 43 42 42 42 40 40 42 43 42 42 41 41 40 40 41 40 41 40 40 39 40 39
51 50 49 49 48 48 48 48 46 44 45 47 44 44 44 44 45 45 46 47 48 47 47 50 50 51 51 53 53 53 53 53 54 55 54 54 54 54 55 56 56 56 56 54 52 49 49 47 46 46 45 44 44 45 44 43 43 44 43 41 42 42 42 42 42 42 40 41 42 42 40 41 41 40 40 40 41 40 42 42 40 40 39 40 40 39 40 39 40 39 38 38
51 50 49 48 47 47 46 47 44 44 43 45 42 43 42 43 45 45 45 47 48 48 48 48 50 50 51 52 53 52 53 53 54 54 54 54 54 53 54 54 56 56 53 53 49 48 48 47 45 45 44 44 44 44 42 42 41 42 41 40 42 40 40 40 40 40 39 39 40 40 40 40 40 39 39 38 39 39 40 41 40 39 39 38 38 38 39 37 38 38 38 35
50 49 48 49 47 47 45 45 43 43 41 43 43 42 42 41 42 43 44 46 47 49 48 49 50 52 51 54 53 53 52 53 54 53 53 54 54 53 54 54 54 53 53 50 50 46 45 44 44 43 42 42 42 42 41 41 40 40 40 39 39 40 39 39 39 39 39 39 39 39 38 39 38 39 38 37 38 39 38 40 38 37 39 38 37 39 38 36 36 38 36 35
53 52 47 46 45 44 44 44 43 42 41 41 42 42 41 42 43 44 45 45 45 49 48 49 50 50 51 52 53 54 53 52 52 53 54 53 55 54 53 53 53 51 51 49 49 47 45 43 43 42 42 41 40 40 40 40 40 37 39 39 38 38 38 38 38 37 37 38 38 38 38 38 36 36 36 37 37 37 37 38 37 36 38 37 37 38 38 38 36 36 34 34
49 50 47 46 44 42 42 41 42 40 42 42 41 42 41 40 42 44 44 44 44 44 47 48 49 50 51 51 53 53 53 52 52 52 52 53 53 53 53 52 52 50 51 49 46 46 44 43 42 41 41 41 39 40 40 38 37 37 37 37 37 37 37 37 36 36 37 37 35 37 36 36 36 35 35 36 36 34 36 36 36 36 37 34 36 37 37 36 36 36 34 33
47 46 45 44 43 41 41 41 41 40 40 41 40 40 40 41 42 44 45 44 44 46 47 47 49 51 50 52 52 51 53 52 52 52 52 52 50 51 52 51 49 50 51 47 46 45 43 42 40 40 39 38 38 38 38 38 37 37 36 37 37 35 36 36 36 34 35 35 35 34 34 34 35 35 35 35 34 33 34 35 33 34 33 33 33 36 35 34 34 35 34 33
46 44 45 44 42 41 41 39 39 39 39 40 38 39 39 40 40 41 42 42 43 45 49 47 48 48 50 52 52 51 52 53 52 52 52 52 51 51 50 50 49 49 49 47 45 45 44 42 40 39 38 38 37 38 38 37 36 36 36 36 35 35 34 35 35 34 34 33 34 34 34 34 34 34 33 33 34 34 33 34 33 34 33 32 33 32 32 33 33 33 31 31
45 44 44 45 42 41 41 40 38 37 38 39 38 40 38 39 40 40 41 43 43 45 48 48 48 50 51 51 50 51 53 53 53 53 53 51 51 50 49 49 48 47 46 46 44 45 42 41 40 38 38 37 36 36 36 35 35 35 35 34 34 34 34 34 34 34 33 32 34 32 33 33 33 33 33 32 33 33 32 32 31 33 32 32 32 32 31 30 32 29 31 29
45 46 48 46 42 41 41 41 41 38 38 38 37 38 39 39 40 39 41 43 43 44 46 45 48 49 51 54 52 52 52 53 53 54 54 52 52 50 50 49 47 47 47 44 44 43 42 41 40 38 36 36 36 36 35 36 36 34 34 34 35 34 33 33 33 33 33 32 32 32 32 32 32 31 31 31 32 32 31 31 31 31 31 31 31 31 30 30 32 30 30 29
45 44 43 41 40 41 41 40 39 37 36 38 36 37 40 37 38 39 39 43 44 44 45 45 46 50 51 52 53 52 53 53 51 53 54 51 53 52 52 49 46 45 44 44 42 41 40 39 38 37 35 35 34 33 33 33 33 32 32 33 36 32 33 33 33 32 33 32 32 32 32 31 31 31 30 30 30 30 32 30 30 29 29 29 29 31 29 29 29 28 27 28
43 43 42 42 41 41 40 39 37 37 37 37 36 37 39 37 38 39 39 42 40 43 44 44 45 47 48 50 51 53 53 52 51 52 52 51 51 52 50 47 48 47 45 42 42 40 39 38 38 36 34 34 33 31 31 31 32 32 32 32 32 32 32 32 32 32 33 32 32 32 31 31 31 30 29 29 29 29 28 29 29 27 28 29 28 28 29 27 28 28 27 27
43 42 41 39 39 38 37 37 36 38 37 36 35 36 37 36 39 37 39 39 40 42 40 41 43 46 46 47 48 49 51 52 51 50 54 52 51 50 48 46 46 44 42 42 39 39 39 37 35 35 34 32 32 32 31 32 31 29 29 29 30 29 30 32 31 30 31 33 32 31 31 31 31 30 28 28 28 29 29 28 27 27 27 27 27 28 29 28 28 26 26 25
39 40 39 38 38 36 36 36 36 35 36 36 34 35 34 35 36 36 38 36 39 39 40 42 43 45 45 46 48 47 48 50 51 52 52 50 48 46 46 45 44 42 41 38 37 37 37 36 35 33 33 31 30 30 31 33 32 29 28 28 28 29 29 30 29 30 31 32 31 30 30 31 31 29 28 28 28 26 26 26 26 26 26 26 26 26 26 26 25 25 25 25
39 39 38 39 37 35 35 34 35 35 34 34 34 33 33 33 34 35 35 37 39 38 39 40 41 43 44 45 46 45 47 47 47 49 50 49 48 45 44 45 43 42 39 37 37 36 34 35 34 32 31 30 30 28 29 29 29 27 27 28 28 29 28 29 30 30 31 31 30 30 30 31 31 29 28 27 27 27 25 26 25 25 25 24 24 23 25 24 25 25 25 25
38 39 37 39 36 35 34 33 34 33 32 35 34 33 32 33 34 34 35 35 38 40 39 39 39 41 43 42 42 42 44 43 47 47 47 47 45 42 43 42 41 39 37 37 36 35 33 33 32 32 31 29 28 28 28 25 27 28 26 26 27 27 27 29 30 30 31 31 31 30 30 29 29 28 28 26 27 26 26 25 25 25 24 23 23 23 23 23 23 22 23 22
37 38 37 38 37 35 35 34 32 32 32 31 31 32 31 31 32 34 34 35 37 37 37 39 39 40 42 41 42 41 44 43 44 44 44 43 42 41 41 41 39 39 36 35 35 33 35 33 32 31 30 29 27 26 25 24 23 25 24 25 26 26 27 28 29 29 31 32 32 31 32 30 29 28 26 26 26 25 25 25 23 24 23 23 23 23 22 22 21 22 21 22
36 37 36 36 36 36 33 32 31 31 30 30 30 31 30 32 31 31 32 33 36 36 36 37 36 39 40 40 40 39 42 41 40 41 41 39 38 39 38 38 35 35 34 34 34 34 34 32 31 30 29 27 26 25 24 22 22 23 24 25 25 26 26 27 28 28 29 30 31 31 31 30 28 27 26 26 26 24 24 23 22 23 23 23 23 22 21 21 21 20 20 20
35 36 35 36 36 36 33 32 31 30 30 29 30 30 30 31 32 33 32 32 33 34 35 36 36 36 37 39 40 38 37 38 38 38 38 36 36 35 35 34 33 33 32 33 32 33 32 31 30 30 27 27 26 25 24 22 22 22 23 25 26 26 26 27 28 29 31 30 33 32 31 30 28 27 25 25 23 23 23 23 21 21 21 22 22 20 20 20 20 19 19 19
35 34 34 34 34 35 35 32 31 30 29 30 31 30 30 30 30 31 32 32 32 32 31 34 35 35 35 36 37 35 36 37 35 35 34 34 34 32 32 30 30 30 30 30 31 31 30 28 28 28 27 26 25 24 22 22 22 23 23 24 25 26 26 27 29 30 31 31 30 31 30 29 27 26 25 25 24 23 21 21 21 20 19 19 20 19 18 19 19 18 18 18
33 33 33 32 32 33 33 32 31 30 29 29 29 29 28 29 29 29 31 30 31 31 31 31 31 32 32 33 33 34 34 34 34 32 33 32 31 28 28 27 26 27 28 29 30 31 29 28 27 27 26 25 24 23 23 22 21 21 23 24 25 24 26 28 29 30 32 31 31 30 31 29 27 25 25 24 23 22 21 21 19 19 19 19 18 18 18 17 17 17 17 19
33 33 32 33 33 32 33 32 31 30 30 29 29 28 29 29 29 29 29 31 31 30 30 31 31 31 30 30 30 30 31 32 31 31 31 28 28 28 26 25 25 25 25 27 27 29 28 26 26 25 24 23 23 22 22 21 21 21 22 22 24 25 25 28 29 30 32 33 31 30 28 26 25 24 22 22 22 20 20 19 19 19 19 17 17 17 17 17 17 17 18 17
33 33 32 32 33 32 33 32 31 31 30 29 29 29 29 30 29 28 28 29 31 30 30 30 30 30 30 30 29 28 29 29 29 27 27 28 25 26 25 23 22 22 22 23 25 25 25 24 24 24 23 22 22 21 20 20 21 21 21 21 23 24 24 26 27 30 31 32 30 28 28 25 24 22 21 20 20 20 20 18 18 17 17 17 17 17 17 17 16 16 16 16
33 32 32 31 33 32 34 34 32 30 30 28 29 29 29 29 29 29 29 29 30 28 28 28 28 28 28 27 27 27 27 26 26 25 25 25 25 25 23 22 21 19 18 21 22 23 23 23 23 23 21 22 21 21 20 20 20 21 21 22 22 23 25 24 26 30 29 30 30 29 26 24 22 21 21 19 20 20 18 18 18 17 17 17 17 16 17 15 15 16 16 16
33 35 33 32 32 33 33 32 32 32 30 29 28 28 29 29 27 29 27 27 28 27 27 30 28 27 26 26 26 26 26 25 24 23 23 22 23 21 20 19 18 18 18 17 19 20 21 21 20 20 20 21 20 19 20 21 21 21 21 22 22 23 24 24 25 28 27 27 28 26 24 24 21 20 21 17 17 19 16 15 16 17 15 15 14 14 15 15 15 15 15 16
33 34 32 32 33 32 34 33 33 34 32 30 29 29 29 30 29 29 29 26 27 28 29 29 30 29 26 26 26 24 24 24 22 22 22 21 21 20 19 18 17 16 16 17 17 19 20 19 19 19 20 20 19 20 20 20 20 21 20 21 21 23 22 23 24 25 27 27 25 24 22 22 20 19 17 17 17 18 16 15 14 15 15 15 14 13 13 14 14 14 15 14
33 34 32 31 32 32 33 32 33 35 33 31 30 29 27 29 28 28 29 27 26 27 27 32 32 27 26 26 25 23 22 22 22 22 20 19 21 20 18 18 17 16 16 16 16 18 18 19 19 18 18 18 18 18 19 19 20 20 21 21 21 22 22 22 23 23 26 22 23 23 22 23 20 18 17 17 17 15 14 14 13 13 13 13 13 12 12 14 14 14 14 14
33 33 33 32 32 33 33 31 33 33 33 33 29 28 27 28 27 30 29 27 26 26 27 29 29 28 25 25 25 25 22 21 22 20 19 19 19 19 18 16 17 16 15 15 16 16 17 18 17 17 17 17 18 18 18 18 18 20 21 21 21 21 21 22 21 22 22 23 23 23 20 20 20 18 17 15 15 16 14 13 12 12 12 12 12 12 12 12 12 14 14 14
33 33 34 33 31 32 33 32 32 31 31 30 29 29 27 28 27 29 29 27 26 26 26 26 27 27 25 24 22 23 22 21 20 20 18 19 18 18 17 16 16 15 15 15 15 15 16 17 16 16 17 17 17 17 18 18 18 19 20 20 20 21 21 21 21 22 21 21 21 21 19 18 18 16 16 16 15 13 12 12 12 11 11 12 12 12 11 11 13 14 14 14
