data/Capas_SouthAmerica_5M/bio_17.asc
NCOLS 559 
NROWS 819 
XLLCORNER -81.3333333333333 
YLLCORNER -55.75 
CELLSIZE 0.0833333333333333 
NODATA_value -9999 
[rows 328 to 368 of 819, columns 184 to 275 of 559]
149 147 145 143 141 136 135 133 133 132 132 127 124 126 126 125 123 122 121 118 116 113 108 105 105 104 100 96 93 92 89 86 84 82 81 78 76 75 73 71 71 69 69 68 66 64 65 65 62 62 62 61 60 59 60 59 59 59 59 58 59 57 57 58 58 60 60 62 63 61 59 56 57 59 59 61 65 62 63 61 62 65 67 68 68 68 70 70 70 68 68 69
155 155 153 150 148 145 142 142 141 140 139 133 129 132 133 131 128 130 127 124 122 119 116 112 109 107 105 101 98 96 93 90 88 84 84 80 79 77 76 74 72 70 70 69 69 66 65 64 63 62 63 62 60 59 60 61 58 59 58 59 59 58 57 58 59 60 60 60 60 62 63 61 59 60 60 61 62 63 63 64 65 65 66 69 70 70 71 70 70 67 70 69
163 162 160 158 154 154 152 152 149 149 148 142 139 140 140 140 138 136 135 131 129 127 123 117 115 112 109 107 104 100 97 95 90 88 86 83 81 80 77 75 74 72 71 70 69 68 66 66 64 63 63 62 61 61 61 61 60 60 59 59 59 59 57 58 58 60 60 61 59 61 63 63 62 63 63 63 63 65 66 68 68 69 67 69 69 71 72 72 70 69 69 69
171 168 167 165 163 163 163 162 159 157 156 153 151 153 153 149 149 148 145 142 137 134 129 126 121 116 115 113 108 104 102 99 95 93 90 88 84 83 80 77 74 74 72 70 69 67 66 65 66 65 63 63 62 63 62 61 61 60 60 60 61 59 59 59 60 62 61 62 62 63 63 63 63 65 65 65 64 66 67 69 69 69 70 70 71 73 74 73 72 73 71 71
178 176 175 177 177 174 172 173 171 170 168 166 159 160 162 162 159 158 156 150 147 144 138 131 127 125 120 118 114 110 107 103 99 95 92 89 88 85 80 78 77 75 74 72 70 69 68 68 66 66 64 64 64 62 62 61 60 60 59 61 64 62 61 61 63 62 62 64 64 66 64 65 65 67 68 66 66 67 68 69 70 70 71 71 73 75 76 74 74 74 73 71
186 186 188 188 189 184 182 184 183 182 182 178 173 171 171 171 168 165 162 162 158 152 145 140 134 130 127 124 120 114 110 106 102 97 95 93 89 86 82 80 79 77 76 73 72 69 69 70 67 66 65 65 64 63 63 61 62 62 61 61 63 64 61 61 63 65 67 65 67 66 66 67 67 68 71 71 70 70 72 72 72 72 73 75 77 78 77 76 75 74 76 74
195 196 196 199 198 196 196 195 196 193 192 189 187 183 182 182 179 178 174 170 166 160 153 149 143 137 132 129 124 119 114 110 107 102 98 94 92 87 85 82 80 78 76 75 74 71 70 71 71 68 65 66 65 64 63 63 63 63 61 61 63 65 62 61 63 67 67 67 66 68 68 69 70 71 71 71 75 74 73 74 74 73 75 76 77 78 77 76 76 76 78 76
207 206 207 209 207 208 209 210 209 209 206 201 201 197 191 190 187 184 182 176 173 167 162 157 151 144 137 132 130 124 119 116 111 107 102 97 94 91 87 84 81 80 78 77 76 72 71 71 71 70 67 67 67 66 65 63 63 63 63 62 63 66 64 64 65 67 67 68 68 69 71 72 73 74 75 74 75 75 75 75 75 77 77 79 79 80 80 79 78 77 77 78
215 216 218 220 221 220 223 223 222 222 220 216 212 209 205 199 196 193 191 186 182 174 169 165 159 151 146 139 135 129 123 119 113 111 107 101 97 92 89 86 83 81 79 78 75 74 72 72 71 70 67 67 68 68 66 63 64 64 64 64 63 64 65 65 67 69 69 69 69 70 73 74 73 76 77 77 77 76 77 78 78 79 79 79 79 81 81 80 78 78 78 76
221 224 230 234 236 236 235 238 236 235 235 231 228 223 220 213 208 206 200 196 192 185 177 171 165 158 151 146 140 135 127 122 117 114 111 103 99 95 92 89 85 83 81 79 77 76 76 74 72 72 70 69 69 68 67 65 64 64 64 64 64 66 66 67 70 70 70 70 73 75 75 76 76 78 79 78 78 78 79 78 79 81 82 82 82 82 81 81 81 79 78 78
231 233 239 244 247 250 251 251 249 248 246 244 241 238 235 227 222 217 210 207 200 195 185 180 173 164 158 149 143 137 131 127 120 119 113 105 100 97 95 91 88 86 82 82 79 77 78 76 75 72 72 70 70 69 67 65 64 64 65 66 67 66 66 70 71 73 73 74 74 75 78 77 79 79 79 80 81 81 81 81 82 83 84 84 84 84 84 83 83 82 79 79
242 247 252 256 260 261 265 266 265 263 263 261 258 252 247 242 235 227 222 215 210 203 194 186 179 172 163 157 150 144 137 130 125 120 114 108 104 101 97 93 91 88 84 83 82 79 78 77 75 74 75 73 72 72 69 66 66 66 66 67 66 66 68 70 73 74 76 77 78 78 79 79 80 82 82 83 85 86 84 84 86 87 86 87 86 85 85 86 84 82 80 80
252 257 260 269 273 276 280 280 280 278 277 277 274 268 264 256 250 241 234 226 218 210 199 192 184 177 168 161 155 149 143 134 128 123 117 112 106 103 100 97 95 91 88 85 83 82 80 78 77 76 75 74 73 73 71 69 67 67 67 67 66 67 68 70 74 75 78 79 78 81 83 82 83 85 86 85 86 88 87 88 89 91 90 90 89 89 87 86 85 83 82 80
261 267 272 280 284 288 291 295 295 293 292 293 288 284 278 271 265 254 245 238 229 218 208 199 191 183 174 167 160 153 148 139 130 126 120 113 108 105 102 99 96 93 90 88 86 84 82 81 80 78 76 75 73 73 71 69 69 68 67 67 66 66 69 71 75 78 80 80 82 82 84 87 88 90 90 90 90 92 91 92 92 95 94 94 92 91 90 88 86 86 83 81
270 278 283 292 297 300 301 305 309 310 308 307 306 302 295 287 279 270 259 247 239 227 218 208 198 190 182 172 162 157 152 144 135 127 122 115 111 107 103 100 99 97 92 89 87 86 84 84 82 81 79 76 73 74 71 70 70 68 68 67 66 67 69 72 75 78 81 84 85 87 87 91 92 94 93 94 94 95 96 98 100 99 96 95 95 93 93 90 88 87 85 82
277 284 295 301 309 313 318 318 320 324 323 324 321 319 313 304 293 284 273 263 248 237 228 214 206 198 187 176 166 159 153 147 139 133 126 120 116 111 107 101 101 98 94 91 88 86 87 86 86 82 82 77 76 74 73 72 71 71 68 69 67 69 71 73 76 79 83 87 89 92 94 96 96 96 98 98 99 100 101 101 103 102 100 101 99 95 94 91 89 88 87 83
284 294 303 313 321 328 333 335 338 339 339 339 338 333 329 321 310 301 283 272 259 245 236 222 212 203 195 184 171 162 156 148 142 136 131 124 119 114 108 103 100 98 95 94 92 89 89 89 88 84 82 78 77 76 74 72 70 71 69 68 69 69 73 76 78 83 85 89 91 96 98 100 102 103 103 104 105 105 105 107 106 105 102 101 101 98 95 94 92 91 87 84
295 304 315 323 333 341 344 348 349 352 353 355 356 351 346 338 325 316 301 282 268 255 240 230 220 209 199 190 180 171 160 151 144 140 134 128 122 116 111 106 103 100 97 94 94 92 90 91 88 87 84 81 80 77 76 74 72 71 69 68 68 72 76 78 81 86 88 91 95 98 102 103 107 108 107 110 111 111 111 111 110 107 106 104 104 102 100 96 94 92 88 84
304 315 325 333 345 354 360 365 366 365 366 369 370 368 362 353 338 325 311 294 275 262 244 233 224 212 203 195 184 174 164 153 146 141 136 131 126 120 115 110 107 104 102 97 97 94 92 93 92 89 86 84 83 78 76 76 73 72 71 69 71 74 77 81 83 87 91 95 99 102 105 109 111 112 114 116 117 117 115 114 113 110 110 108 106 104 102 98 95 93 89 86
305 323 335 344 356 365 372 375 377 379 378 381 384 385 381 370 351 336 320 303 285 268 254 239 226 216 208 196 187 176 168 155 148 143 137 133 126 124 121 114 112 110 108 101 99 97 93 93 93 90 87 86 84 80 78 78 76 73 73 73 74 76 81 84 87 92 96 101 105 110 113 115 116 118 120 121 122 121 119 117 115 113 113 111 108 106 104 100 98 93 89 87
304 326 341 355 365 375 380 380 378 383 389 393 396 399 397 385 365 347 329 310 292 275 259 243 230 220 210 197 188 178 169 160 151 145 137 133 130 126 121 120 117 115 111 107 103 100 97 94 95 93 90 88 86 82 80 79 77 76 77 77 80 82 85 88 92 96 102 107 111 116 120 123 126 125 127 127 128 126 125 122 121 119 116 113 110 108 107 103 100 95 92 88
291 326 345 362 372 382 388 386 382 381 387 397 406 417 416 398 374 353 335 313 297 279 263 247 234 220 208 197 188 181 168 159 154 146 138 134 130 127 123 122 119 118 115 108 106 101 99 97 97 96 92 90 87 84 83 81 81 81 82 83 85 86 89 94 97 102 108 114 117 122 125 131 134 133 134 134 134 132 130 128 126 122 119 115 112 110 108 104 101 97 92 90
245 302 336 366 380 390 396 395 384 379 384 398 411 424 425 404 378 356 337 318 300 282 265 251 235 221 208 200 189 181 171 162 156 148 138 135 130 127 124 121 119 118 115 113 108 105 101 99 99 98 93 91 90 87 86 85 85 85 86 87 90 91 95 99 104 108 115 121 124 129 132 136 138 141 140 139 139 139 137 133 130 126 122 118 116 112 110 104 101 96 92 91
212 284 324 350 381 396 408 407 389 378 381 394 408 417 415 400 379 358 336 315 297 281 266 252 237 221 208 197 187 180 174 163 155 150 141 133 130 126 121 122 121 116 115 113 112 109 103 103 102 102 99 95 92 88 88 88 88 88 90 91 94 97 101 105 109 114 121 128 133 135 139 143 145 148 149 146 146 146 141 136 133 130 125 121 118 114 109 104 103 98 92 92
168 257 284 333 360 389 407 411 392 379 381 388 400 404 401 386 372 354 334 314 299 281 265 250 238 223 211 199 188 177 170 160 154 147 142 132 128 126 122 119 119 116 114 114 115 110 109 107 106 104 100 97 94 91 91 90 90 92 94 95 98 104 107 111 116 121 126 134 138 142 147 153 155 154 156 154 152 150 145 142 137 133 128 125 120 117 111 106 102 100 93 91
150 190 278 298 351 376 386 394 390 381 379 383 391 394 386 375 363 345 328 314 295 277 263 248 237 220 208 197 187 176 167 158 151 147 140 133 128 128 123 118 117 117 115 113 114 110 106 108 105 105 103 99 97 96 95 93 93 95 96 98 102 107 111 116 123 127 130 136 144 151 157 163 165 164 162 162 159 154 150 144 141 138 130 126 122 118 113 109 105 102 96 92
118 124 226 289 322 351 377 378 376 376 373 373 378 379 372 364 354 338 320 309 292 275 260 244 232 223 211 198 186 178 168 159 152 144 139 133 129 128 121 116 118 117 115 115 114 110 110 109 105 103 103 103 99 97 97 96 96 97 101 103 107 111 115 121 127 132 136 143 151 158 168 172 175 173 169 167 165 161 156 149 145 139 131 126 124 118 114 109 104 101 96 93
75 96 196 242 216 327 348 355 367 368 367 367 367 365 361 351 341 329 315 298 285 270 258 244 235 222 213 201 188 179 168 158 151 143 135 133 126 124 120 116 116 121 119 112 113 112 110 109 104 103 103 102 99 100 99 97 98 100 103 106 109 114 118 124 129 134 140 148 158 165 173 179 182 180 178 173 169 164 159 152 146 142 135 130 124 118 115 110 104 101 98 94
69 85 114 91 112 154 334 328 343 364 358 352 356 355 347 340 330 318 306 294 282 266 255 245 233 226 215 202 191 181 169 157 149 141 134 129 125 122 117 114 116 119 118 113 108 108 111 111 107 106 102 102 101 102 101 99 100 103 105 107 111 116 121 127 133 138 143 149 159 169 177 184 190 190 185 177 172 166 162 155 148 143 136 131 124 119 115 110 107 103 101 95
54 49 58 56 56 141 202 284 308 328 344 329 327 337 323 316 305 297 288 280 272 261 250 239 231 226 213 202 189 176 167 159 151 146 140 133 125 121 117 111 114 114 113 114 111 109 109 107 108 106 103 105 103 103 103 102 103 106 108 110 115 118 121 126 133 139 143 151 160 172 180 187 197 198 191 181 173 168 163 156 150 143 137 130 125 120 114 112 107 102 99 96
37 35 28 36 42 59 46 189 286 304 317 302 288 293 286 264 268 270 262 252 245 248 241 229 222 218 206 194 185 174 166 160 155 155 150 138 127 121 116 112 111 112 109 110 107 106 108 107 108 105 104 102 103 104 104 103 104 107 108 111 115 119 124 127 134 137 144 153 163 170 180 186 194 195 188 181 173 166 160 154 149 143 136 129 124 120 116 113 106 102 99 98
30 27 23 18 25 30 26 65 112 115 170 271 260 238 232 257 231 237 224 230 230 218 224 218 204 204 198 190 180 172 165 161 158 157 151 139 127 121 116 111 112 113 107 110 106 104 106 103 103 103 103 100 99 103 101 103 107 105 108 110 116 121 122 128 137 142 143 152 161 166 174 181 186 189 182 175 169 163 158 150 146 142 136 129 123 119 116 111 107 103 98 97
39 45 39 16 16 25 16 20 40 31 59 135 170 132 114 185 209 201 180 191 180 193 188 199 192 189 189 181 173 166 162 159 153 150 139 132 126 117 114 112 110 109 107 105 102 104 107 100 98 100 102 98 100 99 99 101 103 104 107 111 113 117 121 124 129 137 142 148 156 162 167 171 175 178 176 170 165 159 155 149 144 138 133 128 123 118 115 108 105 101 98 95
47 49 40 17 16 15 15 19 19 15 25 32 38 52 37 62 181 139 127 152 144 137 150 160 173 167 164 171 167 161 158 156 150 149 141 136 128 119 114 110 108 105 104 104 101 100 101 100 98 98 98 98 98 97 98 100 101 103 105 108 113 115 120 123 127 133 139 144 149 155 159 164 165 166 166 162 159 155 150 144 140 136 131 127 122 117 112 107 105 101 96 94
28 25 14 17 18 17 15 23 18 13 13 14 15 20 36 103 140 140 113 112 112 107 118 129 131 149 134 140 153 155 154 154 151 150 145 136 126 120 113 109 105 103 101 99 99 97 94 92 93 93 94 94 94 98 98 97 99 100 104 107 110 113 117 121 124 129 135 140 144 149 153 155 158 157 156 153 152 148 144 138 135 130 126 124 121 116 112 107 103 99 95 94
15 15 12 12 11 13 15 21 19 15 15 14 21 22 28 67 53 69 72 78 76 79 84 104 100 110 133 118 125 138 145 144 147 154 151 135 125 118 112 108 105 100 98 98 98 96 95 90 89 91 91 91 93 98 95 94 97 99 102 105 108 112 115 120 122 125 130 135 138 142 146 149 150 148 146 146 144 142 138 134 131 129 125 121 118 113 108 105 102 98 95 92
28 31 15 13 13 14 18 19 16 14 14 15 18 27 15 21 22 30 30 35 44 54 69 81 82 93 118 99 100 118 121 131 137 142 139 130 122 115 109 105 101 97 93 97 94 92 89 87 89 90 89 88 90 91 91 93 93 95 99 101 104 109 110 115 117 121 124 130 132 134 138 139 142 138 138 136 137 133 128 126 125 125 120 118 115 113 107 103 101 97 95 91
25 25 24 19 22 18 19 14 12 12 14 16 14 17 22 22 26 28 30 32 39 46 53 62 70 78 90 92 89 99 114 121 120 126 125 119 115 111 105 101 96 95 91 89 87 85 85 86 86 84 86 86 87 87 88 89 91 93 95 99 101 104 108 110 114 116 120 123 126 129 131 132 135 133 130 128 127 126 124 121 119 118 116 116 113 109 106 100 97 94 93 91
18 17 21 20 19 18 15 13 9 9 11 18 20 17 20 19 22 23 26 30 36 42 46 51 54 67 72 78 75 89 110 109 105 112 115 113 109 105 100 96 93 89 87 85 83 81 82 82 82 85 83 83 82 84 85 86 89 91 92 95 97 100 103 106 109 113 115 117 120 123 126 126 126 125 125 122 121 120 119 117 115 114 113 112 108 105 104 99 94 91 90 89
10 10 17 18 16 16 13 12 11 9 7 9 13 20 18 16 16 19 23 28 35 41 45 46 50 56 63 69 76 82 101 96 98 100 105 104 101 97 93 89 87 83 81 81 79 79 76 79 78 78 79 80 79 80 81 83 84 88 91 92 94 97 99 102 104 107 110 113 112 114 119 118 121 119 118 115 114 113 113 113 111 109 109 108 105 101 100 96 93 90 87 87
12 13 16 15 17 13 12 11 12 7 7 8 9 15 13 11 12 17 22 25 29 37 44 49 55 56 60 65 69 78 88 87 92 93 94 93 92 88 84 83 80 80 77 75 75 75 73 72 74 75 77 77 78 79 79 80 81 84 87 88 91 95 96 98 98 103 105 109 109 109 109 110 112 112 113 114 109 107 108 107 106 104 103 102 100 99 96 94 92 89 87 85
