data/Capas_SouthAmerica_5M/bio_13.asc
NCOLS 559 
NROWS 819 
XLLCORNER -81.3333333333333 
YLLCORNER -55.75 
CELLSIZE 0.0833333333333333 
NODATA_value -9999 
[rows 429 to 467 of 819, columns 88 to 175 of 559]
-9999 -9999 -9999 -9999 -9999 -9999 -9999 -9999 -9999 -9999 -9999 -9999 -9999 -9999 -9999 -9999 -9999 -9999 -9999 -9999 -9999 -9999 -9999 -9999 -9999 -9999 -9999 -9999 -9999 -9999 -9999 -9999 -9999 -9999 -9999 -9999 -9999 -9999 -9999 -9999 -9999 2 2 0 0 0 0 0 0 0 1 1 1 1 2 2 3 4 5 7 8 8 8 9 8 9 10 11 12 13 14 16 16 18 21 25 28 28 29 26 26 27 27 28 30 32 33 33
-9999 -9999 -9999 -9999 -9999 -9999 -9999 -9999 -9999 -9999 -9999 -9999 -9999 -9999 -9999 -9999 -9999 -9999 -9999 -9999 -9999 -9999 -9999 -9999 -9999 -9999 -9999 -9999 -9999 -9999 -9999 -9999 -9999 -9999 -9999 -9999 -9999 -9999 -9999 -9999 -9999 2 1 0 0 0 0 0 0 0 1 1 1 1 2 2 3 3 5 6 7 7 8 9 8 9 10 11 12 13 14 15 16 17 21 27 25 24 26 25 28 27 27 28 29 31 32 32
-9999 -9999 -9999 -9999 -9999 -9999 -9999 -9999 -9999 -9999 -9999 -9999 -9999 -9999 -9999 -9999 -9999 -9999 -9999 -9999 -9999 -9999 -9999 -9999 -9999 -9999 -9999 -9999 -9999 -9999 -9999 -9999 -9999 -9999 -9999 -9999 -9999 -9999 -9999 -9999 -9999 1 1 0 0 0 0 0 0 0 1 1 1 1 2 2 3 3 4 5 6 6 7 8 8 9 9 11 12 13 14 15 16 19 23 24 23 23 25 26 28 26 27 28 28 30 31 32
-9999 -9999 -9999 -9999 -9999 -9999 -9999 -9999 -9999 -9999 -9999 -9999 -9999 -9999 -9999 -9999 -9999 -9999 -9999 -9999 -9999 -9999 -9999 -9999 -9999 -9999 -9999 -9999 -9999 -9999 -9999 -9999 -9999 -9999 -9999 -9999 -9999 -9999 -9999 -9999 -9999 -9999 -9999 1 0 0 0 0 0 0 1 1 1 1 2 2 3 3 4 5 5 6 7 8 8 9 9 10 12 13 14 15 15 18 24 24 23 23 25 27 26 26 27 28 29 29 30 31
-9999 -9999 -9999 -9999 -9999 -9999 -9999 -9999 -9999 -9999 -9999 -9999 -9999 -9999 -9999 -9999 -9999 -9999 -9999 -9999 -9999 -9999 -9999 -9999 -9999 -9999 -9999 -9999 -9999 -9999 -9999 -9999 -9999 -9999 -9999 -9999 -9999 -9999 -9999 -9999 -9999 -9999 -9999 1 0 0 0 0 0 0 1 1 1 1 2 2 2 3 4 5 5 5 6 8 8 9 9 10 11 12 14 15 15 17 22 24 27 25 26 26 26 27 27 29 29 29 30 32
-9999 -9999 -9999 -9999 -9999 -9999 -9999 -9999 -9999 -9999 -9999 -9999 -9999 -9999 -9999 -9999 -9999 -9999 -9999 -9999 -9999 -9999 -9999 -9999 -9999 -9999 -9999 -9999 -9999 -9999 -9999 -9999 -9999 -9999 -9999 -9999 -9999 -9999 -9999 -9999 -9999 -9999 -9999 0 0 0 0 0 0 0 1 1 1 1 2 2 2 3 4 4 4 5 7 8 8 9 9 10 11 12 13 14 15 19 21 23 29 29 26 26 26 26 27 29 30 30 30 31
-9999 -9999 -9999 -9999 -9999 -9999 -9999 -9999 -9999 -9999 -9999 -9999 -9999 -9999 -9999 -9999 -9999 -9999 -9999 -9999 -9999 -9999 -9999 -9999 -9999 -9999 -9999 -9999 -9999 -9999 -9999 -9999 -9999 -9999 -9999 -9999 -9999 -9999 -9999 -9999 -9999 -9999 0 0 0 0 0 0 0 0 0 1 1 1 1 2 2 4 4 4 5 6 7 9 8 8 9 10 11 12 13 13 15 18 23 24 27 28 26 26 25 26 26 27 29 30 30 31
-9999 -9999 -9999 -9999 -9999 -9999 -9999 -9999 -9999 -9999 -9999 -9999 -9999 -9999 -9999 -9999 -9999 -9999 -9999 -9999 -9999 -9999 -9999 -9999 -9999 -9999 -9999 -9999 -9999 -9999 -9999 -9999 -9999 -9999 -9999 -9999 -9999 -9999 -9999 -9999 -9999 -9999 0 0 0 0 0 0 0 0 0 1 1 1 1 2 3 4 4 5 5 6 7 9 7 8 9 11 11 11 12 14 16 18 20 21 24 23 24 24 24 24 24 25 28 29 29 31
-9999 -9999 -9999 -9999 -9999 -9999 -9999 -9999 -9999 -9999 -9999 -9999 -9999 -9999 -9999 -9999 -9999 -9999 -9999 -9999 -9999 -9999 -9999 -9999 -9999 -9999 -9999 -9999 -9999 -9999 -9999 -9999 -9999 -9999 -9999 -9999 -9999 -9999 -9999 -9999 -9999 -9999 0 0 0 0 0 1 0 0 0 1 1 1 1 2 3 3 4 4 5 6 7 8 7 8 11 11 11 11 12 15 18 20 19 19 21 23 25 26 26 23 24 25 28 28 28 30
-9999 -9999 -9999 -9999 -9999 -9999 -9999 -9999 -9999 -9999 -9999 -9999 -9999 -9999 -9999 -9999 -9999 -9999 -9999 -9999 -9999 -9999 -9999 -9999 -9999 -9999 -9999 -9999 -9999 -9999 -9999 -9999 -9999 -9999 -9999 -9999 -9999 -9999 -9999 -9999 -9999 -9999 0 0 0 0 0 0 0 0 0 1 1 1 1 2 2 3 4 4 5 7 8 8 8 9 11 11 11 11 13 16 19 23 21 19 20 25 25 26 28 23 23 24 28 28 27 30
-9999 -9999 -9999 -9999 -9999 -9999 -9999 -9999 -9999 -9999 -9999 -9999 -9999 -9999 -9999 -9999 -9999 -9999 -9999 -9999 -9999 -9999 -9999 -9999 -9999 -9999 -9999 -9999 -9999 -9999 -9999 -9999 -9999 -9999 -9999 -9999 -9999 -9999 -9999 -9999 -9999 -9999 0 0 0 0 0 1 1 1 1 0 1 1 1 2 2 3 4 5 7 9 7 7 8 9 11 10 10 12 15 19 22 22 23 21 18 19 23 25 26 24 23 24 26 27 28 30
-9999 -9999 -9999 -9999 -9999 -9999 -9999 -9999 -9999 -9999 -9999 -9999 -9999 -9999 -9999 -9999 -9999 -9999 -9999 -9999 -9999 -9999 -9999 -9999 -9999 -9999 -9999 -9999 -9999 -9999 -9999 -9999 -9999 -9999 -9999 -9999 -9999 -9999 -9999 -9999 -9999 -9999 0 1 1 1 1 1 1 1 1 1 1 1 1 2 2 4 5 6 7 8 7 8 9 11 11 10 11 13 22 24 18 18 22 18 18 19 22 25 25 26 25 26 25 28 32 34
-9999 -9999 -9999 -9999 -9999 -9999 -9999 -9999 -9999 -9999 -9999 -9999 -9999 -9999 -9999 -9999 -9999 -9999 -9999 -9999 -9999 -9999 -9999 -9999 -9999 -9999 -9999 -9999 -9999 -9999 -9999 -9999 -9999 -9999 -9999 -9999 -9999 -9999 -9999 -9999 -9999 -9999 0 1 1 1 1 1 1 1 1 1 1 2 2 2 3 4 5 6 7 7 7 8 11 13 11 10 12 14 19 20 15 18 24 19 18 19 23 22 22 25 24 24 26 28 36 40
-9999 -9999 -9999 -9999 -9999 -9999 -9999 -9999 -9999 -9999 -9999 -9999 -9999 -9999 -9999 -9999 -9999 -9999 -9999 -9999 -9999 -9999 -9999 -9999 -9999 -9999 -9999 -9999 -9999 -9999 -9999 -9999 -9999 -9999 -9999 -9999 -9999 -9999 -9999 -9999 -9999 2 0 1 1 1 1 1 1 1 1 1 2 2 2 2 3 4 5 7 6 6 7 8 11 13 12 11 16 18 19 23 20 18 17 18 18 18 19 20 22 26 24 24 25 30 37 36
-9999 -9999 -9999 -9999 -9999 -9999 -9999 -9999 -9999 -9999 -9999 -9999 -9999 -9999 -9999 -9999 -9999 -9999 -9999 -9999 -9999 -9999 -9999 -9999 -9999 -9999 -9999 -9999 -9999 -9999 -9999 -9999 -9999 -9999 -9999 -9999 -9999 -9999 -9999 -9999 -9999 3 1 1 1 1 1 1 1 1 1 1 2 2 2 2 2 4 5 6 6 6 7 9 12 14 15 16 15 14 19 20 19 16 16 16 18 19 19 20 25 26 24 24 26 30 30 30
-9999 -9999 -9999 -9999 -9999 -9999 -9999 -9999 -9999 -9999 -9999 -9999 -9999 -9999 -9999 -9999 -9999 -9999 -9999 -9999 -9999 -9999 -9999 -9999 -9999 -9999 -9999 -9999 -9999 -9999 -9999 -9999 -9999 -9999 -9999 -9999 -9999 -9999 -9999 -9999 -9999 2 1 1 1 1 1 1 2 2 2 2 2 2 2 2 3 5 5 5 6 6 7 9 13 15 17 17 17 14 17 19 15 16 18 17 20 20 19 20 26 24 23 24 26 32 29 28
-9999 -9999 -9999 -9999 -9999 -9999 -9999 -9999 -9999 -9999 -9999 -9999 -9999 -9999 -9999 -9999 -9999 -9999 -9999 -9999 -9999 -9999 -9999 -9999 -9999 -9999 -9999 -9999 -9999 -9999 -9999 -9999 -9999 -9999 -9999 -9999 -9999 -9999 -9999 -9999 -9999 3 2 1 1 1 1 1 1 1 3 2 3 3 1 2 4 5 6 5 6 6 8 10 12 17 19 17 18 15 17 21 16 16 16 19 20 19 19 20 23 23 23 23 25 30 28 28
-9999 -9999 -9999 -9999 -9999 -9999 -9999 -9999 -9999 -9999 -9999 -9999 -9999 -9999 -9999 -9999 -9999 -9999 -9999 -9999 -9999 -9999 -9999 -9999 -9999 -9999 -9999 -9999 -9999 -9999 -9999 -9999 -9999 -9999 -9999 -9999 -9999 -9999 -9999 -9999 -9999 3 2 1 1 1 1 1 1 1 2 3 2 2 1 3 4 6 7 5 5 7 8 11 15 23 18 14 15 19 17 18 15 18 20 22 20 18 19 21 24 23 24 24 26 26 27 28
-9999 -9999 -9999 -9999 -9999 -9999 -9999 -9999 -9999 -9999 -9999 -9999 -9999 -9999 -9999 -9999 -9999 -9999 -9999 -9999 -9999 -9999 -9999 -9999 -9999 -9999 -9999 -9999 -9999 -9999 -9999 -9999 -9999 -9999 -9999 -9999 -9999 -9999 -9999 -9999 -9999 5 1 2 1 1 1 1 1 1 1 1 1 1 1 3 3 5 8 6 5 7 9 11 14 18 16 14 13 15 17 15 18 21 22 21 19 18 19 22 25 24 25 25 25 27 29 29
-9999 -9999 -9999 -9999 -9999 -9999 -9999 -9999 -9999 -9999 -9999 -9999 -9999 -9999 -9999 -9999 -9999 -9999 -9999 -9999 -9999 -9999 -9999 -9999 -9999 -9999 -9999 -9999 -9999 -9999 -9999 -9999 -9999 -9999 -9999 -9999 -9999 -9999 -9999 -9999 -9999 -9999 2 2 1 1 1 1 1 1 1 1 1 2 2 2 3 5 8 7 6 8 10 13 14 17 17 14 13 16 18 14 18 16 22 21 19 18 19 21 26 26 26 25 26 31 29 28
-9999 -9999 -9999 -9999 -9999 -9999 -9999 -9999 -9999 -9999 -9999 -9999 -9999 -9999 -9999 -9999 -9999 -9999 -9999 -9999 -9999 -9999 -9999 -9999 -9999 -9999 -9999 -9999 -9999 -9999 -9999 -9999 -9999 -9999 -9999 -9999 -9999 -9999 -9999 -9999 -9999 -9999 5 2 1 1 1 1 2 2 1 1 2 2 2 3 4 6 8 7 8 9 9 11 11 15 17 16 15 17 16 16 15 17 17 21 21 18 20 20 22 23 24 25 28 34 29 29
-9999 -9999 -9999 -9999 -9999 -9999 -9999 -9999 -9999 -9999 -9999 -9999 -9999 -9999 -9999 -9999 -9999 -9999 -9999 -9999 -9999 -9999 -9999 -9999 -9999 -9999 -9999 -9999 -9999 -9999 -9999 -9999 -9999 -9999 -9999 -9999 -9999 -9999 -9999 -9999 -9999 -9999 6 1 2 2 2 2 2 2 1 1 2 2 2 3 5 8 9 8 8 9 10 13 10 14 16 20 18 15 15 17 17 18 16 19 18 18 19 20 21 22 23 25 32 32 28 30
-9999 -9999 -9999 -9999 -9999 -9999 -9999 -9999 -9999 -9999 -9999 -9999 -9999 -9999 -9999 -9999 -9999 -9999 -9999 -9999 -9999 -9999 -9999 -9999 -9999 -9999 -9999 -9999 -9999 -9999 -9999 -9999 -9999 -9999 -9999 -9999 -9999 -9999 -9999 -9999 -9999 -9999 8 1 2 2 2 2 3 3 2 2 1 2 3 4 7 11 9 9 9 8 8 10 13 16 17 19 19 13 13 17 20 20 18 17 17 20 18 21 24 24 22 25 31 29 28 34
-9999 -9999 -9999 -9999 -9999 -9999 -9999 -9999 -9999 -9999 -9999 -9999 -9999 -9999 -9999 -9999 -9999 -9999 -9999 -9999 -9999 -9999 -9999 -9999 -9999 -9999 -9999 -9999 -9999 -9999 -9999 -9999 -9999 -9999 -9999 -9999 -9999 -9999 -9999 -9999 -9999 -9999 -9999 2 2 3 2 3 3 3 2 2 2 2 3 4 8 10 9 10 9 8 8 10 14 20 17 19 20 16 14 18 22 25 22 18 19 20 18 24 26 23 25 26 27 29 29 34
-9999 -9999 -9999 -9999 -9999 -9999 -9999 -9999 -9999 -9999 -9999 -9999 -9999 -9999 -9999 -9999 -9999 -9999 -9999 -9999 -9999 -9999 -9999 -9999 -9999 -9999 -9999 -9999 -9999 -9999 -9999 -9999 -9999 -9999 -9999 -9999 -9999 -9999 -9999 -9999 -9999 -9999 -9999 1 2 2 2 2 3 4 3 2 2 2 2 4 6 9 9 10 9 8 10 12 13 19 19 17 17 16 14 16 18 20 21 21 27 23 18 24 23 24 25 25 26 29 30 32
-9999 -9999 -9999 -9999 -9999 -9999 -9999 -9999 -9999 -9999 -9999 -9999 -9999 -9999 -9999 -9999 -9999 -9999 -9999 -9999 -9999 -9999 -9999 -9999 -9999 -9999 -9999 -9999 -9999 -9999 -9999 -9999 -9999 -9999 -9999 -9999 -9999 -9999 -9999 -9999 -9999 -9999 -9999 1 1 2 2 2 3 4 4 3 2 2 2 4 5 7 8 10 11 12 10 12 14 19 18 17 19 20 16 18 19 20 22 22 26 23 18 22 26 24 24 25 26 27 32 35
-9999 -9999 -9999 -9999 -9999 -9999 -9999 -9999 -9999 -9999 -9999 -9999 -9999 -9999 -9999 -9999 -9999 -9999 -9999 -9999 -9999 -9999 -9999 -9999 -9999 -9999 -9999 -9999 -9999 -9999 -9999 -9999 -9999 -9999 -9999 -9999 -9999 -9999 -9999 -9999 -9999 -9999 4 1 1 2 2 3 4 4 4 3 2 2 2 3 5 6 8 12 11 10 9 13 15 17 15 16 19 18 20 23 23 23 24 21 19 17 20 22 26 26 24 25 27 28 31 35
-9999 -9999 -9999 -9999 -9999 -9999 -9999 -9999 -9999 -9999 -9999 -9999 -9999 -9999 -9999 -9999 -9999 -9999 -9999 -9999 -9999 -9999 -9999 -9999 -9999 -9999 -9999 -9999 -9999 -9999 -9999 -9999 -9999 -9999 -9999 -9999 -9999 -9999 -9999 -9999 8 4 2 1 1 2 2 2 3 3 3 2 2 2 3 4 5 7 9 11 10 9 10 14 15 16 13 14 15 17 18 22 28 31 26 22 17 17 23 25 24 27 27 28 28 29 33 34
-9999 -9999 -9999 -9999 -9999 -9999 -9999 -9999 -9999 -9999 -9999 -9999 -9999 -9999 -9999 -9999 -9999 -9999 -9999 -9999 -9999 -9999 -9999 -9999 -9999 -9999 -9999 -9999 -9999 -9999 -9999 -9999 -9999 -9999 -9999 -9999 -9999 -9999 -9999 -9999 4 2 2 1 2 2 2 2 3 3 3 2 2 2 3 4 5 7 10 11 9 9 13 13 13 17 15 13 16 20 17 22 25 28 22 17 16 21 26 31 27 29 30 31 32 29 32 34
-9999 -9999 -9999 -9999 -9999 -9999 -9999 -9999 -9999 -9999 -9999 -9999 -9999 -9999 -9999 -9999 -9999 -9999 -9999 -9999 -9999 -9999 -9999 -9999 -9999 -9999 -9999 -9999 -9999 -9999 -9999 -9999 -9999 -9999 -9999 -9999 -9999 -9999 -9999 -9999 3 2 2 1 2 2 2 2 3 3 3 2 2 2 3 3 5 7 9 12 11 10 13 14 12 15 18 15 17 19 16 18 20 22 17 15 18 24 27 30 30 27 29 32 33 32 33 34
-9999 -9999 -9999 -9999 -9999 -9999 -9999 -9999 -9999 -9999 -9999 -9999 -9999 -9999 -9999 -9999 -9999 -9999 -9999 -9999 -9999 -9999 -9999 -9999 -9999 -9999 -9999 -9999 -9999 -9999 -9999 -9999 -9999 -9999 -9999 -9999 -9999 -9999 -9999 5 2 2 2 1 1 2 2 2 2 3 3 3 2 2 2 3 5 7 11 11 10 7 12 14 13 14 15 16 17 16 14 17 19 16 15 16 24 27 23 23 26 27 31 34 33 35 35 34
-9999 -9999 -9999 -9999 -9999 -9999 -9999 -9999 -9999 -9999 -9999 -9999 -9999 -9999 -9999 -9999 -9999 -9999 -9999 -9999 -9999 -9999 -9999 -9999 -9999 -9999 -9999 -9999 -9999 -9999 -9999 -9999 -9999 -9999 -9999 -9999 -9999 -9999 -9999 -9999 3 2 2 2 2 2 3 3 2 3 3 3 2 2 3 4 6 8 10 11 10 10 13 14 15 15 16 18 16 17 15 14 17 14 16 17 22 24 21 22 25 29 33 35 35 36 36 34
-9999 -9999 -9999 -9999 -9999 -9999 -9999 -9999 -9999 -9999 -9999 -9999 -9999 -9999 -9999 -9999 -9999 -9999 -9999 -9999 -9999 -9999 -9999 -9999 -9999 -9999 -9999 -9999 -9999 -9999 -9999 -9999 -9999 -9999 -9999 -9999 -9999 -9999 -9999 -9999 4 2 2 2 2 2 2 2 2 3 3 3 2 2 2 4 6 7 10 9 12 13 13 13 16 17 17 18 17 18 17 15 15 15 19 18 23 22 19 20 25 29 33 33 39 40 37 35
-9999 -9999 -9999 -9999 -9999 -9999 -9999 -9999 -9999 -9999 -9999 -9999 -9999 -9999 -9999 -9999 -9999 -9999 -9999 -9999 -9999 -9999 -9999 -9999 -9999 -9999 -9999 -9999 -9999 -9999 -9999 -9999 -9999 -9999 -9999 -9999 -9999 -9999 -9999 -9999 5 2 2 2 2 3 2 2 2 2 3 3 2 2 3 5 7 9 11 10 12 15 14 13 17 19 19 17 18 19 19 16 14 19 21 21 22 20 20 20 24 32 34 33 36 37 37 38
-9999 -9999 -9999 -9999 -9999 -9999 -9999 -9999 -9999 -9999 -9999 -9999 -9999 -9999 -9999 -9999 -9999 -9999 -9999 -9999 -9999 -9999 -9999 -9999 -9999 -9999 -9999 -9999 -9999 -9999 -9999 -9999 -9999 -9999 -9999 -9999 -9999 -9999 -9999 -9999 5 3 2 2 2 2 2 3 3 3 3 4 3 3 3 5 6 8 8 9 12 16 17 15 17 18 20 22 21 21 20 16 14 21 23 24 20 20 19 20 24 29 31 33 35 38 37 38
-9999 -9999 -9999 -9999 -9999 -9999 -9999 -9999 -9999 -9999 -9999 -9999 -9999 -9999 -9999 -9999 -9999 -9999 -9999 -9999 -9999 -9999 -9999 -9999 -9999 -9999 -9999 -9999 -9999 -9999 -9999 -9999 -9999 -9999 -9999 -9999 -9999 -9999 -9999 -9999 6 3 3 2 2 2 2 3 3 3 3 4 3 3 3 5 6 7 7 8 9 14 17 18 18 17 19 23 25 23 19 15 15 19 21 21 19 20 19 19 22 27 30 32 33 34 35 37
-9999 -9999 -9999 -9999 -9999 -9999 -9999 -9999 -9999 -9999 -9999 -9999 -9999 -9999 -9999 -9999 -9999 -9999 -9999 -9999 -9999 -9999 -9999 -9999 -9999 -9999 -9999 -9999 -9999 -9999 -9999 -9999 -9999 -9999 -9999 -9999 -9999 -9999 -9999 -9999 6 4 3 2 2 2 2 2 3 3 3 4 3 3 4 5 6 7 7 8 10 14 15 17 16 18 19 20 23 26 20 15 17 20 23 21 19 19 18 19 22 28 32 34 33 34 35 36
-9999 -9999 -9999 -9999 -9999 -9999 -9999 -9999 -9999 -9999 -9999 -9999 -9999 -9999 -9999 -9999 -9999 -9999 -9999 -9999 -9999 -9999 -9999 -9999 -9999 -9999 -9999 -9999 -9999 -9999 -9999 -9999 -9999 -9999 -9999 -9999 -9999 -9999 -9999 -9999 5 4 3 3 3 2 2 2 2 3 3 3 3 3 3 4 7 7 8 9 10 16 15 16 17 18 23 23 24 24 19 17 21 22 25 20 19 18 18 19 23 28 30 41 35 34 35 34
-9999 -9999 -9999 -9999 -9999 -9999 -9999 -9999 -9999 -9999 -9999 -9999 -9999 -9999 -9999 -9999 -9999 -9999 -9999 -9999 -9999 -9999 -9999 -9999 -9999 -9999 -9999 -9999 -9999 -9999 -9999 -9999 -9999 -9999 -9999 -9999 -9999 -9999 -9999 -9999 5 3 3 3 3 2 2 2 3 3 4 4 3 3 5 6 8 9 9 10 11 15 17 21 22 23 24 23 21 19 19 21 26 25 25 20 20 18 19 20 23 26 32 41 33 30 32 33
