data/Capas_SouthAmerica_5M/bio_16.asc
NCOLS 559 
NROWS 819 
XLLCORNER -81.3333333333333 
YLLCORNER -55.75 
CELLSIZE 0.0833333333333333 
NODATA_value -9999 
[rows 468 to 506 of 819, columns 261 to 347 of 559]
434 437 440 443 442 443 444 446 444 444 444 445 449 450 458 460 464 467 467 466 465 458 455 451 448 444 449 454 460 464 464 461 458 457 456 455 456 455 455 455 456 456 456 456 454 452 451 452 452 454 448 448 451 451 451 457 462 462 468 467 471 470 469 466 470 483 494 505 513 520 528 538 544 546 549 552 555 556 557 559 562 565 566 575 583 595 603
441 444 446 448 448 452 452 455 453 453 453 454 455 456 459 460 463 467 467 464 460 457 454 452 449 450 455 463 473 479 474 469 465 461 459 459 458 458 458 458 460 459 458 457 456 454 453 452 447 449 445 442 444 446 445 452 453 457 463 466 468 470 467 465 470 482 491 499 506 514 521 529 536 539 541 545 547 549 552 554 557 561 564 567 574 592 612
446 450 451 453 456 457 460 463 463 461 461 461 462 462 462 462 467 468 465 460 456 452 451 450 447 452 461 469 478 484 480 474 468 464 462 461 462 462 461 461 462 462 462 462 461 460 458 451 443 444 441 436 434 442 443 444 447 452 457 463 466 469 466 467 470 475 484 492 499 507 514 522 530 532 532 535 542 548 548 547 549 554 558 557 578 603 612
453 456 456 458 460 465 465 469 471 470 470 469 469 467 464 466 468 465 462 457 453 449 446 447 450 453 460 467 473 478 478 475 471 467 464 463 464 463 463 465 466 467 469 467 466 465 459 454 444 438 434 432 430 433 436 439 444 448 454 458 463 467 468 471 472 473 478 485 494 502 506 514 526 526 527 534 543 543 542 541 543 545 544 551 573 603 619
458 461 463 465 468 471 473 476 479 478 477 477 474 470 468 470 467 463 460 453 449 446 444 445 448 451 456 462 468 472 473 473 471 470 465 464 464 464 466 468 470 472 473 477 476 472 464 458 446 437 429 428 424 425 433 439 443 449 455 457 463 468 471 470 475 478 477 481 490 494 499 507 520 519 522 530 540 539 536 539 535 536 542 555 579 615 623
462 466 469 471 475 476 478 482 485 485 484 481 477 472 472 468 465 460 457 449 445 441 442 442 444 447 451 453 459 463 467 467 469 468 467 465 465 465 466 470 474 479 480 483 483 478 471 462 450 436 430 426 424 425 432 440 447 451 458 462 466 471 471 466 477 479 488 487 488 489 495 506 520 521 521 526 535 537 536 528 530 537 546 554 580 590 587
464 469 473 477 480 482 486 487 490 490 490 485 479 475 474 467 459 455 450 446 442 439 439 440 442 443 444 448 450 455 459 461 464 466 467 468 465 466 467 471 476 482 489 491 492 488 479 468 455 439 433 432 428 428 433 441 455 461 465 468 470 470 470 470 472 480 487 497 498 499 495 505 517 519 520 525 531 530 532 527 536 542 548 554 550 554 575
470 472 478 483 487 490 491 494 495 495 492 486 483 478 474 468 461 453 446 442 438 437 438 436 437 436 438 440 443 447 451 457 460 464 465 466 467 468 468 472 479 488 497 501 501 494 486 474 459 446 437 436 436 437 446 448 459 461 464 465 469 468 470 472 473 484 488 502 502 503 500 500 508 512 517 522 527 528 523 527 532 538 541 547 544 550 557
470 473 479 486 491 494 497 501 503 501 496 489 486 479 473 465 459 451 443 438 436 435 434 434 431 431 431 433 437 441 446 451 455 460 463 466 467 466 467 470 478 490 502 511 513 505 494 480 467 454 444 443 449 454 459 461 460 461 466 465 466 471 472 479 482 490 497 499 501 501 499 495 502 512 519 520 524 527 528 524 527 529 535 540 535 537 541
469 475 479 486 493 498 503 507 507 505 499 492 484 477 471 465 459 449 442 434 433 432 429 429 429 425 424 426 430 435 441 447 451 456 461 465 468 468 464 468 478 490 504 516 524 518 503 488 472 459 450 451 451 457 462 465 464 465 469 471 470 474 474 484 489 489 492 486 490 497 499 499 507 517 520 520 525 529 530 527 533 535 529 532 531 531 530
466 474 477 487 493 501 508 510 508 506 502 495 486 476 469 463 457 450 443 434 430 430 429 426 422 420 416 419 424 433 438 443 449 454 459 465 472 474 468 471 481 493 506 519 526 516 504 489 475 463 456 457 462 466 467 470 470 470 473 478 479 481 479 483 489 489 485 487 482 496 499 499 509 518 519 517 520 526 531 531 534 534 531 536 535 533 532
465 471 476 483 491 499 510 514 507 513 502 491 482 473 467 460 454 449 442 434 428 428 428 427 423 418 415 416 421 429 435 440 446 453 459 465 471 476 473 474 482 493 502 510 513 505 497 486 474 470 470 468 470 474 476 476 478 478 486 486 488 489 491 487 482 480 478 485 487 491 501 502 505 512 518 517 518 517 524 530 533 532 528 537 535 535 534
463 466 471 478 484 490 495 498 495 498 489 482 474 467 461 456 451 446 441 435 430 426 426 426 424 421 417 420 423 427 433 439 444 449 455 460 467 471 472 474 478 485 493 497 498 494 487 479 478 478 480 480 480 480 481 490 495 492 496 495 496 490 488 485 482 478 480 487 492 493 500 504 505 513 518 517 518 515 520 525 530 531 529 529 534 538 538
455 461 464 469 476 480 481 484 482 481 479 471 463 458 455 452 447 443 440 436 436 434 430 427 427 425 422 421 423 427 432 438 443 446 452 455 460 464 467 470 474 477 482 485 485 484 477 480 485 487 487 489 488 485 492 498 501 498 500 494 490 485 483 482 478 478 480 488 494 495 501 504 506 513 516 518 514 513 517 521 525 527 526 524 528 531 535
450 454 457 462 465 467 470 468 467 466 464 458 452 449 445 444 443 441 440 440 439 439 438 436 431 426 425 423 426 427 430 435 439 443 445 450 454 458 461 463 467 470 472 475 475 474 479 486 492 495 495 497 496 491 490 496 493 490 494 487 486 482 481 484 482 478 480 488 496 497 500 505 507 512 514 514 513 510 512 518 522 525 524 525 525 527 531
443 446 449 452 452 455 455 454 451 451 447 442 440 438 438 436 436 436 435 439 441 443 446 450 439 427 426 425 425 427 429 432 435 439 442 445 448 452 456 456 458 461 463 465 474 480 486 491 499 498 500 500 500 497 496 495 491 492 493 487 484 486 481 482 482 476 483 487 493 498 500 504 506 510 511 514 509 507 507 512 516 523 524 527 531 531 532
437 438 440 443 442 441 441 438 436 434 432 428 427 428 429 428 429 431 433 436 441 444 448 449 444 435 427 424 425 425 426 429 432 434 437 440 443 446 449 449 451 453 463 470 478 484 491 498 503 505 506 506 503 501 499 498 494 493 491 492 488 489 485 482 484 482 486 491 493 496 498 503 505 506 508 511 509 503 503 505 513 521 521 524 529 531 532
429 431 431 433 431 430 427 424 421 419 416 412 413 415 418 420 423 426 429 433 438 441 444 448 444 437 429 425 422 424 425 427 428 431 434 436 438 439 441 443 450 458 467 474 479 487 495 503 510 511 510 509 502 501 500 498 497 494 492 491 493 491 488 483 483 486 485 489 493 496 498 500 502 503 504 507 506 502 498 504 513 519 523 525 525 527 529
418 421 421 421 420 416 413 410 407 406 402 397 399 402 408 413 416 422 424 429 434 438 441 443 440 439 433 427 422 420 422 423 425 427 429 431 433 435 439 447 453 461 472 474 481 489 495 501 505 510 507 505 503 501 499 500 496 492 491 491 491 490 490 488 487 487 488 489 492 493 494 497 498 498 501 503 502 501 497 500 508 514 521 525 527 527 531
414 411 411 410 410 406 402 400 397 396 389 385 387 393 399 406 411 416 422 426 430 434 437 439 440 437 433 430 427 425 425 423 424 423 426 431 434 437 443 450 457 464 471 476 480 488 494 498 501 505 503 501 503 500 500 500 498 494 491 491 491 489 489 489 489 488 488 489 489 488 489 491 492 493 495 498 500 499 499 499 503 508 513 518 525 528 530
405 404 402 401 399 395 391 389 390 386 382 379 381 387 394 399 406 412 417 424 428 431 435 438 438 436 433 432 430 428 428 427 427 428 432 436 437 440 447 453 459 465 470 475 481 486 492 496 498 501 501 498 498 499 497 496 494 493 491 489 489 488 488 488 486 484 483 485 484 482 485 486 485 486 490 492 491 491 494 492 497 500 504 509 515 525 530
397 397 394 392 390 385 382 381 382 380 378 377 379 385 390 396 402 408 414 419 425 428 432 434 435 435 434 432 433 431 433 432 433 433 438 440 443 445 449 455 460 465 469 474 480 486 488 491 494 496 498 497 500 499 498 503 503 502 495 492 487 485 485 484 483 483 481 480 479 479 479 479 481 482 483 484 482 479 484 485 487 491 492 498 502 511 521
391 391 387 387 383 378 375 377 377 374 375 377 379 384 388 394 399 405 412 417 422 425 429 430 432 435 435 436 436 436 436 435 437 439 441 443 445 450 455 457 461 466 471 473 477 483 485 488 490 490 493 495 496 497 503 509 506 504 497 493 490 487 484 483 481 479 479 478 478 479 480 477 478 476 479 477 474 473 474 475 474 478 479 482 487 489 494
387 386 383 381 376 371 370 370 373 374 373 375 378 383 385 390 397 404 410 413 418 423 426 429 430 433 435 436 438 436 440 441 442 442 443 447 449 454 457 461 462 467 472 474 477 483 485 487 488 488 489 492 494 491 501 505 505 503 498 494 492 489 487 484 483 482 479 476 477 477 476 475 475 472 471 469 467 466 464 463 462 463 460 463 468 470 477
384 381 379 375 370 368 364 367 369 370 371 375 377 381 385 390 395 402 407 412 415 422 425 428 431 433 436 438 440 442 445 446 447 447 447 450 451 454 458 461 465 469 472 475 479 479 483 485 485 483 484 488 489 489 493 496 499 498 495 491 491 489 489 484 482 479 479 477 473 474 473 470 470 466 464 461 458 457 455 453 453 451 450 450 451 459 471
380 378 375 371 368 365 365 368 366 369 372 374 377 381 385 389 396 400 404 409 415 420 424 429 434 438 442 444 445 446 451 450 451 450 449 452 455 457 462 463 465 469 471 474 478 479 481 482 484 481 481 484 485 487 493 495 495 493 490 490 487 486 485 484 481 477 477 475 475 472 469 468 463 460 457 456 448 449 445 446 450 451 451 451 451 453 459
376 375 371 369 367 363 365 365 367 370 372 373 375 379 384 389 394 398 404 409 415 421 428 434 441 444 444 448 448 452 453 455 455 455 454 454 458 461 465 467 467 468 472 475 479 479 481 482 482 482 482 482 480 481 485 493 492 491 488 487 488 484 481 481 480 475 476 473 472 469 466 462 457 454 451 449 444 440 445 448 451 453 454 453 453 452 454
372 371 369 367 365 363 366 366 366 367 370 374 376 378 382 386 394 400 407 412 419 425 429 437 442 443 447 451 455 456 458 460 460 459 458 459 462 465 466 467 467 471 473 476 478 479 481 483 484 481 480 480 481 480 479 482 485 487 487 483 483 482 480 478 476 476 475 470 468 464 462 457 452 449 444 441 438 437 442 447 451 455 455 456 457 458 455
369 366 365 364 364 365 365 364 364 367 370 373 377 380 383 388 393 401 407 414 419 425 432 439 443 446 451 454 457 459 460 461 464 462 463 463 463 467 469 469 471 470 474 475 477 478 481 483 482 480 478 478 478 477 479 478 480 481 484 482 480 480 479 476 476 475 474 468 464 460 458 452 447 445 440 435 434 435 442 450 453 457 458 460 461 461 458
367 364 362 363 362 365 366 365 365 368 371 375 378 381 384 388 394 398 406 413 417 425 431 437 442 448 451 455 461 462 464 467 467 468 467 464 466 468 467 472 472 472 472 474 476 477 480 480 481 480 478 477 478 477 476 478 477 479 481 481 478 478 476 474 474 474 472 468 461 457 453 450 444 439 437 432 433 435 445 450 456 459 461 463 464 465 464
364 360 359 360 361 363 364 364 366 368 371 374 378 382 385 389 393 398 403 411 420 427 434 439 446 449 454 460 464 468 469 471 469 471 470 468 469 467 469 471 471 473 474 476 475 477 479 481 482 481 479 477 475 474 476 476 475 478 479 478 476 475 474 471 469 468 470 466 460 455 451 448 440 436 431 434 435 440 446 450 454 459 463 467 469 470 469
360 359 359 360 360 363 363 365 367 369 372 376 378 382 388 391 395 397 403 411 419 428 436 442 448 453 458 464 468 471 472 474 473 474 475 472 470 470 471 471 474 475 475 476 477 479 479 479 479 480 477 474 470 469 471 473 474 474 473 474 472 472 470 466 467 469 467 462 457 454 450 444 438 432 430 432 435 441 444 450 455 461 467 472 475 477 476
357 355 358 358 360 361 363 364 368 370 372 375 379 384 389 393 397 401 407 415 422 430 438 445 452 459 464 470 473 476 478 478 477 478 477 474 474 474 474 473 475 476 475 475 475 477 476 478 478 475 475 471 468 467 466 468 473 472 468 468 469 466 464 464 465 463 462 457 452 450 448 443 436 430 431 431 437 440 444 450 455 463 468 474 478 484 488
355 354 355 358 359 360 362 364 366 372 374 378 383 386 390 394 399 404 411 417 425 436 443 450 458 465 469 475 480 482 482 483 482 481 479 479 477 477 478 475 476 476 476 475 475 476 475 476 477 474 470 470 466 465 463 466 470 470 463 466 464 461 462 463 461 460 459 453 449 447 443 439 431 429 432 432 433 438 444 449 456 462 468 476 483 490 497
356 355 357 358 359 358 361 364 368 372 375 379 384 388 392 398 403 409 414 422 430 439 448 455 461 469 474 480 486 488 487 487 488 486 482 480 479 478 478 476 475 475 477 475 476 476 476 476 474 473 471 469 467 462 462 464 467 463 461 459 457 456 461 460 457 456 454 450 446 443 442 435 427 429 433 435 432 440 445 451 458 464 471 480 489 498 500
356 354 356 359 359 359 362 364 368 372 376 382 386 391 395 400 406 412 418 426 435 443 453 460 468 473 479 487 492 494 496 495 492 488 488 483 482 480 478 476 475 475 476 475 476 476 474 474 473 475 471 468 464 461 461 462 463 459 458 454 454 457 457 453 451 450 448 449 446 444 440 432 426 429 433 431 437 442 448 455 459 465 475 484 489 499 507
355 355 357 359 359 360 362 364 368 372 378 383 388 394 398 403 410 417 423 430 438 448 458 465 473 478 485 493 499 501 500 498 493 489 489 486 483 479 478 477 477 477 476 475 477 477 476 476 477 474 470 467 462 460 459 461 457 453 448 450 449 449 449 447 449 448 448 445 441 440 437 433 425 425 430 428 437 445 449 456 462 461 474 481 482 491 500
355 356 359 360 360 362 364 365 370 374 379 384 390 396 403 409 416 421 428 434 442 451 460 468 474 483 491 497 504 507 505 499 497 492 491 487 486 482 478 476 478 478 477 475 474 475 475 473 472 469 466 462 459 462 457 457 452 450 446 446 445 443 445 446 447 446 443 440 437 439 431 429 430 426 423 425 434 441 450 449 456 453 464 463 476 476 480
354 357 361 361 362 364 366 367 368 374 380 387 393 400 405 413 419 426 432 441 447 455 462 469 477 484 492 500 507 511 504 502 501 495 491 489 487 483 477 478 478 476 477 475 474 472 472 470 468 466 463 460 456 457 453 449 446 445 441 441 441 441 441 440 441 441 441 439 437 434 431 422 428 425 423 422 429 432 441 440 444 447 449 452 462 465 477
