data/Capas_SouthAmerica_5M/bio_13.asc
NCOLS 559 
NROWS 819 
XLLCORNER -81.3333333333333 
YLLCORNER -55.75 
CELLSIZE 0.0833333333333333 
NODATA_value -9999 
[rows 429 to 467 of 819, columns 264 to 351 of 559]
106 105 110 115 122 125 126 126 126 130 137 142 144 145 146 146 146 147 148 148 152 157 161 165 169 172 173 175 177 180 182 184 185 186 187 187 186 187 188 189 189 189 189 191 195 193 191 193 193 194 197 197 196 196 196 197 196 195 195 194 194 192 191 188 185 180 177 175 174 173 171 169 167 164 163 162 161 159 159 158 157 156 155 154 154 154 154 154
110 109 110 117 124 128 127 127 127 130 138 145 145 144 145 147 147 148 149 150 151 153 158 163 167 169 170 170 173 176 179 181 182 184 185 185 186 187 188 189 189 189 189 193 194 192 192 194 196 195 197 197 196 197 196 197 196 195 195 195 193 193 190 188 184 177 174 174 173 172 170 168 167 164 164 162 162 161 160 159 158 157 156 156 153 153 154 152
116 114 109 115 122 126 126 125 124 128 136 141 142 143 144 145 146 148 150 151 152 154 155 160 164 165 165 166 169 173 176 178 180 182 183 184 186 188 189 189 188 188 190 192 192 192 192 195 197 194 196 196 195 196 198 196 196 196 196 195 195 194 192 189 182 177 178 174 170 169 168 167 166 164 164 162 163 161 161 160 160 160 157 157 157 157 158 156
121 117 112 114 119 122 122 122 121 125 131 136 138 141 142 144 147 149 151 152 154 156 157 158 161 163 167 169 170 171 176 179 179 182 183 183 185 187 187 188 188 188 189 192 192 192 193 193 196 193 194 195 195 195 197 197 196 196 196 196 195 193 191 187 181 179 178 174 169 166 167 166 166 163 163 162 161 162 162 161 161 161 158 159 161 161 163 165
124 120 115 112 115 118 119 119 119 123 128 133 134 137 140 143 146 148 152 154 157 159 161 162 166 168 170 172 172 172 173 175 176 178 182 184 185 185 185 187 187 189 189 190 191 193 193 194 194 194 194 195 195 195 196 196 196 197 196 195 195 194 191 187 182 180 177 172 166 165 164 167 165 163 163 162 161 161 161 161 164 163 161 160 164 167 170 175
121 119 117 114 113 115 116 117 119 123 127 130 132 135 138 142 145 150 154 158 160 162 165 167 169 173 174 176 175 175 175 175 174 178 180 182 184 183 184 186 187 188 188 189 190 191 192 193 194 193 193 194 193 194 195 194 195 197 196 196 195 194 192 186 183 183 176 168 165 164 162 163 166 164 162 161 162 163 162 160 164 163 163 162 168 173 177 182
118 117 116 114 113 113 114 115 119 123 126 129 131 135 139 143 147 150 153 159 162 166 169 172 173 178 178 178 180 180 178 176 174 176 178 180 182 182 184 184 186 186 187 188 188 190 193 192 193 192 192 192 192 193 193 194 195 196 195 195 195 194 190 185 185 184 173 166 165 163 161 162 165 163 162 161 159 161 161 160 163 163 166 167 170 177 182 190
116 115 115 114 114 114 114 116 119 122 127 128 130 133 137 142 147 151 156 160 164 169 173 176 177 181 183 183 185 183 182 180 176 174 176 178 179 181 182 184 185 186 187 187 188 190 192 193 193 193 190 191 191 191 192 192 193 195 195 195 193 191 185 182 185 179 166 166 166 165 162 162 162 160 160 160 159 159 158 162 163 165 171 172 174 179 184 195
113 113 114 113 113 113 114 118 120 123 127 129 133 135 139 144 149 153 158 162 167 172 176 180 183 185 188 187 187 187 185 181 178 175 175 178 178 181 184 184 184 184 185 187 188 190 191 193 193 192 193 192 190 190 190 190 191 191 192 194 193 188 183 180 178 170 168 169 170 166 163 161 161 161 162 163 162 162 162 165 166 172 175 178 180 183 188 192
110 111 111 113 114 115 116 118 121 125 127 130 133 138 141 145 150 156 161 166 170 175 180 185 188 189 192 193 191 189 187 184 180 177 177 177 178 181 183 183 184 185 185 187 188 189 189 190 193 193 193 192 192 191 190 189 189 190 189 190 189 185 182 179 172 170 171 172 171 168 163 163 164 167 169 171 171 168 166 167 169 176 182 187 186 188 191 195
113 112 112 114 115 115 116 118 121 123 126 130 135 138 141 145 150 156 161 167 172 179 185 190 192 193 196 197 196 193 189 186 182 179 177 175 177 179 180 182 183 184 185 185 186 187 188 190 191 192 192 192 193 191 189 189 186 186 186 187 186 185 183 178 174 173 173 172 171 170 168 168 173 176 179 180 180 179 175 173 178 181 189 191 191 192 193 195
110 112 112 114 116 116 118 119 122 125 126 128 132 135 139 145 149 155 159 167 174 180 188 195 197 200 200 202 202 198 193 190 184 181 179 176 177 179 180 182 184 185 184 184 186 187 188 189 190 191 191 192 192 191 189 186 184 183 185 185 186 188 186 183 178 175 174 173 173 172 170 177 183 186 188 191 191 190 189 190 190 192 197 195 193 192 191 193
112 112 113 115 116 118 120 122 123 126 127 129 133 135 139 143 147 152 159 165 174 182 190 198 203 206 208 211 208 203 198 190 185 182 179 176 177 178 179 182 183 183 185 184 185 187 188 189 190 190 191 192 193 192 189 186 182 181 184 187 187 191 192 189 182 178 177 177 175 175 180 188 194 196 197 199 199 202 204 207 207 208 204 198 194 190 189 192
114 114 114 115 117 119 120 124 125 126 126 128 131 135 139 143 146 151 156 163 173 183 192 202 209 211 214 213 210 205 198 192 185 181 178 175 177 179 178 180 181 182 184 184 184 187 188 189 189 190 192 192 193 192 189 185 180 180 184 187 190 193 194 196 191 186 182 180 178 180 190 196 200 202 202 205 208 213 220 223 223 219 215 208 199 188 188 191
116 115 117 117 119 120 122 124 124 125 126 128 129 131 135 140 144 149 154 161 170 181 193 204 210 213 216 216 213 207 199 192 185 181 178 175 175 178 179 180 182 182 182 182 184 187 189 190 190 192 193 194 194 192 189 184 178 178 185 189 193 200 205 204 199 192 187 183 181 182 192 196 203 206 207 210 216 224 231 236 238 233 226 218 208 193 189 190
119 117 116 118 120 121 123 125 125 126 129 129 131 132 133 136 141 144 150 158 168 179 190 203 210 211 213 210 208 205 199 191 185 180 177 175 175 178 180 181 181 182 182 182 185 189 190 191 192 193 194 194 194 192 189 183 177 176 184 190 196 205 211 214 205 196 189 185 184 186 189 196 204 209 211 216 222 230 248 254 253 247 237 228 221 211 190 190
120 120 118 118 120 123 124 126 127 128 130 130 129 129 131 134 136 139 145 155 164 175 187 199 205 206 209 205 203 202 197 191 183 178 175 175 178 178 180 182 182 184 184 185 187 190 191 193 194 195 194 194 193 191 188 183 178 177 187 194 199 207 211 211 205 196 187 183 185 190 196 203 207 212 215 218 224 237 251 256 255 255 244 234 225 217 206 191
123 121 120 120 121 122 124 125 127 129 130 129 130 129 130 130 132 135 141 150 160 171 181 191 196 199 202 199 198 195 192 186 181 177 173 174 177 179 180 184 184 184 186 187 189 191 193 195 196 196 196 197 195 191 188 183 175 181 189 196 204 210 211 211 206 197 186 181 187 196 202 210 215 215 217 223 225 234 238 245 250 250 240 228 218 211 211 212
125 123 122 122 122 123 125 126 127 129 130 129 128 128 129 129 130 137 140 146 156 167 176 185 188 192 196 196 192 191 188 184 179 175 170 174 177 180 181 184 186 186 188 190 192 194 195 195 197 198 197 198 196 193 189 183 176 186 193 201 210 215 215 213 208 200 191 186 192 200 207 214 224 219 217 220 223 227 233 238 238 236 232 223 212 203 200 206
127 125 124 123 123 123 125 126 128 130 129 128 127 126 128 129 137 147 147 146 154 163 170 178 183 187 190 191 188 186 184 180 177 172 170 173 177 181 183 185 187 188 190 193 195 196 197 198 199 200 200 199 197 193 188 181 180 189 197 207 215 217 218 217 212 206 200 198 199 204 210 215 220 222 222 217 218 221 224 228 230 229 223 216 208 204 207 216
128 127 126 125 124 124 125 128 129 131 129 127 132 134 132 132 147 155 153 151 153 160 167 173 177 181 185 185 184 181 181 177 174 171 170 173 177 180 184 187 188 190 192 194 197 198 199 201 201 202 201 200 199 195 191 184 185 194 201 212 220 222 222 221 219 214 209 206 205 207 210 213 217 220 220 220 218 212 213 216 218 218 215 210 203 199 199 206
130 129 128 127 126 124 125 127 128 130 127 133 141 144 139 135 145 153 154 154 152 159 163 168 173 176 179 180 180 179 178 175 172 168 171 175 178 180 185 188 189 191 193 195 198 199 200 202 203 203 203 202 200 197 191 183 187 196 204 213 222 226 226 224 224 223 218 213 210 207 205 207 212 216 218 220 221 218 216 211 208 209 207 204 200 199 202 205
132 131 129 129 128 127 127 126 126 128 132 139 147 150 145 140 142 149 153 156 156 156 161 165 169 172 174 174 175 174 172 170 169 168 172 175 178 181 184 189 191 193 196 198 200 202 204 204 205 205 204 205 203 199 194 185 190 199 207 217 226 230 230 229 228 228 223 213 205 200 198 200 207 213 216 218 219 219 217 213 208 202 201 200 199 201 204 208
134 133 132 131 131 130 130 131 131 133 136 141 147 148 146 141 140 148 153 156 157 158 160 163 165 169 171 171 170 171 171 169 168 169 172 176 180 182 185 188 192 195 197 200 201 204 206 207 206 207 208 207 206 202 196 189 193 201 209 219 228 232 233 231 227 222 213 205 198 193 192 195 202 208 212 214 215 216 215 213 209 203 200 197 198 200 201 201
137 136 134 134 133 133 133 134 135 136 139 142 146 147 145 142 141 148 153 157 161 162 161 159 163 167 170 170 169 168 169 167 166 170 173 176 180 183 185 189 193 196 198 201 203 205 207 207 207 208 209 209 208 203 196 189 192 201 211 222 232 235 236 232 225 217 210 201 194 188 193 190 198 206 211 213 214 214 213 210 206 203 200 197 196 197 197 197
139 138 137 136 135 136 136 136 137 139 141 144 145 146 145 142 142 148 154 157 160 163 164 163 162 166 170 170 168 166 166 165 167 171 174 176 181 184 188 192 193 197 200 203 205 206 207 207 209 209 208 208 208 202 195 187 192 201 212 221 231 235 233 229 223 215 208 202 197 195 194 194 204 208 215 216 216 215 213 209 205 201 197 195 195 195 196 193
141 140 140 140 139 138 139 139 139 140 142 143 144 145 144 143 146 150 154 158 161 163 165 166 167 166 166 167 165 164 164 165 168 172 176 178 182 185 189 193 195 198 201 203 205 207 209 209 210 209 209 208 207 202 195 187 192 201 211 219 226 229 226 223 218 212 208 205 204 204 201 205 213 216 221 220 218 216 212 208 205 200 197 194 194 193 192 192
144 143 143 142 141 141 141 141 141 142 142 143 144 144 144 147 150 153 156 159 162 165 166 168 169 169 168 168 166 164 165 167 169 172 175 178 182 186 190 193 195 198 200 203 205 207 208 209 209 208 207 206 204 198 192 185 192 200 208 213 217 219 218 216 214 210 208 207 209 211 212 216 221 225 228 226 222 217 213 208 204 200 197 194 194 193 192 192
145 145 144 143 142 142 141 142 142 143 143 144 144 145 148 151 154 157 160 161 164 167 170 172 173 173 170 168 167 166 166 167 169 172 175 178 182 185 190 192 195 198 201 203 206 207 208 209 208 208 206 203 200 195 190 185 191 197 203 207 211 213 213 212 211 209 208 209 214 219 223 224 228 232 233 230 224 219 213 209 204 200 197 196 194 193 192 191
147 146 146 144 143 142 143 143 144 145 145 145 147 149 151 154 157 159 162 163 166 169 172 176 179 179 174 170 168 166 166 167 169 172 175 179 183 186 189 192 194 196 198 201 203 204 206 207 206 205 204 202 199 195 188 184 189 194 199 203 206 208 208 208 207 207 207 210 218 228 232 234 235 233 230 229 225 218 213 208 203 199 197 196 195 195 193 191
149 148 147 146 145 144 144 145 145 145 147 148 150 152 154 157 159 161 163 165 167 170 173 178 183 184 177 171 167 165 165 165 167 171 175 179 184 187 189 191 194 196 198 200 201 202 203 203 202 202 201 199 196 191 185 183 187 191 195 199 202 203 204 204 205 205 207 210 220 230 233 235 235 233 229 227 224 219 212 207 203 200 200 198 198 196 193 192
150 150 148 148 146 146 146 145 146 147 149 151 153 156 158 160 162 163 165 166 168 170 172 174 179 178 173 167 165 163 162 162 164 167 172 176 183 187 190 192 194 194 197 200 201 201 202 202 201 199 198 196 193 188 182 181 185 188 191 195 198 199 201 201 202 203 210 214 218 225 225 228 228 227 224 224 220 217 211 205 203 200 200 199 199 198 195 194
152 150 149 149 147 147 147 146 146 149 151 154 156 158 161 162 163 164 166 167 167 168 169 170 171 170 167 162 161 163 164 164 162 163 168 174 180 184 187 190 192 194 196 197 198 199 199 198 197 195 193 191 192 187 178 179 181 185 188 191 194 196 197 199 199 204 209 212 219 224 225 220 221 219 219 219 218 213 210 210 203 201 201 202 202 200 197 194
153 152 151 150 150 149 148 147 148 151 154 157 160 161 163 164 164 166 167 167 167 166 165 164 163 160 157 154 155 158 159 157 157 157 164 173 179 182 185 187 188 190 192 194 196 195 194 193 192 191 189 187 187 181 174 176 178 182 185 188 190 193 194 196 198 201 207 211 216 221 220 215 215 216 218 217 214 210 207 205 206 204 202 206 206 204 202 198
154 154 153 152 151 150 148 150 151 153 156 159 162 165 165 165 166 167 167 166 165 164 161 158 155 153 151 149 149 151 153 152 151 157 160 173 179 182 183 184 185 186 188 189 190 189 189 190 188 187 185 182 179 174 170 173 175 178 181 185 187 190 192 194 196 199 199 203 210 215 214 214 213 214 215 213 211 207 204 201 201 204 204 208 210 208 205 200
157 155 154 154 152 151 150 152 153 157 157 160 164 168 166 167 167 167 166 166 165 162 158 154 151 150 153 152 152 152 152 151 150 152 160 172 177 181 181 182 183 185 185 185 185 185 185 186 184 182 180 176 173 168 167 170 172 175 178 181 184 187 190 192 194 196 197 199 202 206 208 209 210 212 211 210 208 206 203 201 199 202 206 212 216 214 207 200
158 157 156 155 153 153 153 154 156 158 160 161 164 166 167 167 167 166 166 166 164 161 157 153 153 154 157 157 156 155 155 154 152 155 160 167 173 176 178 179 181 182 182 182 182 182 183 182 180 178 175 172 168 166 167 167 168 171 175 178 182 185 188 191 193 194 196 198 200 202 204 206 207 209 209 208 207 205 203 201 199 202 210 220 224 220 211 202
159 158 157 156 155 155 156 158 159 161 162 162 164 165 167 167 167 166 166 165 163 161 158 154 155 157 159 160 160 159 158 157 156 156 160 165 169 172 175 177 177 178 178 179 180 181 181 179 176 173 171 167 164 166 166 167 167 168 172 176 180 184 187 190 192 194 196 198 200 202 204 207 207 207 207 207 206 205 204 203 201 204 218 235 236 226 214 203
160 160 158 158 158 159 160 161 163 164 165 165 164 164 165 166 165 165 165 164 162 160 158 156 157 160 163 164 164 163 162 161 160 159 159 163 165 169 172 173 173 174 174 176 178 178 177 175 173 170 166 164 164 166 168 168 168 167 170 174 178 182 185 188 191 193 195 198 200 202 204 206 207 207 208 208 208 207 206 206 207 211 224 237 238 228 214 200
