data/Capas_SouthAmerica_5M/bio_16.asc
NCOLS 559 
NROWS 819 
XLLCORNER -81.3333333333333 
YLLCORNER -55.75 
CELLSIZE 0.0833333333333333 
NODATA_value -9999 
[rows 195 to 233 of 819, columns 435 to 521 of 559]
964 944 935 941 935 936 949 959 971 992 1018 1037 1042 1051 1039 1027 1013 993 973 949 931 926 927 931 933 938 947 947 939 929 907 889 880 872 870 872 874 859 828 799 768 728 704 689 672 666 704 781 807 869 819 777 757 718 690 655 611 573 550 532 510 504 470 464 489 532 572 583 573 571 582 596 599 617 671 747 772 840 887 878 -9999 -9999 -9999 -9999 -9999 -9999 -9999
950 933 952 946 935 930 939 946 956 969 992 1001 1002 1008 1002 1000 991 979 962 946 933 925 929 936 943 951 957 964 966 949 929 914 907 896 892 896 892 878 852 816 784 754 716 695 680 671 694 741 769 848 846 775 753 715 684 640 602 568 543 522 492 468 459 463 482 519 548 563 548 540 535 540 562 603 655 701 801 810 842 859 883 -9999 -9999 -9999 -9999 -9999 -9999
947 955 957 941 933 922 926 927 928 928 937 945 954 965 972 974 969 964 955 942 933 927 927 935 943 955 957 965 976 964 945 937 931 924 926 930 922 901 880 841 805 769 743 714 689 676 672 688 706 813 930 789 765 730 678 632 599 569 544 517 489 470 462 479 480 504 522 531 530 525 512 512 541 581 627 684 739 800 796 817 842 845 -9999 -9999 -9999 -9999 -9999
953 958 948 944 935 920 915 908 893 885 878 883 906 928 941 949 951 947 946 937 930 924 923 932 940 944 949 966 969 962 950 949 953 956 963 967 956 931 909 875 833 786 765 729 692 677 668 642 645 741 888 800 782 747 694 642 609 577 549 529 491 471 468 494 507 507 505 518 516 509 502 507 531 598 627 667 725 743 738 758 785 809 819 -9999 -9999 -9999 -9999
953 954 949 941 934 919 904 884 863 849 833 828 866 902 919 933 936 935 931 931 926 920 921 929 936 941 951 956 956 955 956 963 973 987 999 989 979 959 939 908 866 810 768 730 688 661 650 616 605 648 764 774 747 741 700 655 622 589 559 529 499 495 479 493 510 508 503 504 502 495 498 505 527 671 723 678 677 685 683 696 712 752 793 813 -9999 -9999 -9999
946 952 948 942 932 913 893 872 847 830 822 828 858 894 912 921 925 925 923 924 925 922 920 928 930 936 946 951 951 951 957 971 991 1013 1017 997 991 980 962 943 887 821 768 721 677 646 626 584 551 538 639 717 722 705 670 650 625 593 568 535 497 482 473 500 519 514 505 496 485 479 488 509 601 794 792 707 660 650 639 623 631 675 732 752 787 -9999 -9999
941 950 950 946 930 912 889 864 840 820 820 835 857 885 901 910 914 918 917 918 919 920 924 926 934 942 945 945 948 946 949 964 984 1004 1010 998 985 979 974 964 906 846 786 731 670 637 602 555 532 509 545 655 653 654 637 630 619 596 577 541 495 470 470 491 524 527 511 497 476 466 480 508 658 843 703 665 640 624 594 573 590 626 671 712 734 750 -9999
940 950 951 950 933 915 893 867 839 827 829 842 860 872 884 899 902 906 911 916 919 921 923 928 933 934 942 947 944 938 942 952 966 976 976 976 963 957 956 939 895 851 810 797 707 626 578 547 510 484 526 631 618 612 612 615 609 588 564 525 471 446 461 494 539 538 522 495 463 450 481 535 787 750 625 606 599 584 565 566 565 585 620 658 677 701 723
942 953 957 956 939 921 899 875 853 841 841 845 853 862 877 884 892 901 906 910 916 924 926 928 932 940 937 943 942 934 935 939 946 949 950 948 939 923 917 908 878 843 808 784 706 610 563 538 493 484 523 615 599 599 604 608 605 586 552 503 435 418 446 472 509 547 555 526 462 450 500 541 657 630 606 592 586 573 554 543 538 552 576 606 623 642 690
947 960 966 962 951 929 904 881 860 849 844 843 845 857 869 877 888 893 897 905 914 921 925 929 930 937 933 938 936 930 923 921 920 919 919 918 908 898 885 866 842 809 763 720 655 590 556 515 493 509 570 603 581 594 607 612 612 591 553 497 443 425 449 481 533 563 520 520 480 482 490 518 545 575 582 575 567 560 547 532 525 527 548 565 586 611 654
949 968 974 971 957 933 908 885 868 855 849 844 849 854 860 870 880 890 894 902 908 921 925 928 927 926 932 928 924 924 914 905 896 888 890 892 884 872 858 842 812 771 735 693 625 575 559 500 508 601 664 599 570 586 600 613 621 602 568 517 478 465 456 478 489 476 479 481 469 470 488 506 526 540 548 552 552 540 531 524 519 521 526 540 561 592 621
946 976 986 979 959 932 907 885 871 860 846 842 846 846 853 861 869 884 890 893 907 915 921 927 921 918 922 918 915 913 908 893 881 871 868 864 860 848 835 815 788 758 713 663 603 557 535 479 535 677 702 552 560 577 593 605 621 620 578 500 480 483 477 466 474 467 459 460 479 498 497 507 515 513 520 522 525 525 518 513 516 512 517 528 549 570 593
942 979 995 985 956 924 899 878 864 852 842 835 837 839 841 852 859 868 878 887 897 911 919 918 912 904 905 903 903 900 897 882 870 860 853 844 835 827 809 791 762 731 691 648 595 562 522 466 515 653 657 546 561 575 581 583 584 558 521 525 468 473 477 469 477 465 454 455 479 515 528 540 509 501 498 512 522 516 512 518 511 504 504 519 540 562 584
916 960 995 970 938 908 884 866 854 840 832 823 824 824 830 838 845 853 865 884 895 910 922 918 905 895 884 881 880 880 878 874 864 852 841 826 812 801 784 768 742 712 675 634 602 569 515 492 535 630 641 545 554 563 563 548 522 496 477 479 462 464 470 475 472 464 450 448 458 502 522 579 531 510 506 529 523 516 522 515 508 512 520 528 541 557 573
890 930 947 933 908 881 861 848 833 824 814 807 811 813 816 822 831 837 851 869 884 907 922 925 914 888 859 855 858 865 866 862 857 845 830 810 794 781 767 749 727 696 665 626 592 555 524 505 539 623 589 539 549 552 544 520 481 436 427 440 444 451 466 479 480 471 459 453 450 488 537 557 523 508 494 503 516 523 519 510 514 528 541 540 546 551 562
853 876 888 884 867 845 832 820 808 801 789 787 792 796 801 806 814 823 837 849 873 897 924 940 927 886 837 836 846 854 859 860 853 843 824 800 784 767 756 741 719 690 659 629 593 560 533 514 527 542 529 537 542 543 532 503 463 422 411 420 424 439 463 479 484 473 465 460 456 498 540 536 535 493 487 495 512 511 511 513 520 531 543 541 540 541 557
808 826 835 830 808 796 794 785 774 768 762 760 766 774 780 787 792 797 810 832 864 893 928 957 949 895 841 837 826 842 851 854 851 844 823 798 774 761 744 729 712 690 669 639 612 582 562 548 563 600 572 547 546 544 531 504 466 431 411 416 413 424 451 474 484 467 449 453 454 488 498 498 494 478 484 498 505 507 512 509 515 525 531 529 531 532 542
764 783 785 776 770 764 747 745 743 739 733 733 737 748 759 762 763 778 789 805 843 878 919 958 940 893 849 831 830 838 843 848 855 843 826 800 775 751 732 720 707 699 683 656 631 601 591 582 596 616 590 567 563 554 537 508 470 434 411 400 406 405 437 464 474 466 453 456 460 472 480 487 492 494 499 500 508 520 525 524 520 518 520 518 519 521 532
725 737 736 736 733 728 714 711 712 707 704 706 710 720 730 736 743 747 753 781 820 852 892 918 918 897 861 838 835 838 845 845 847 836 828 797 761 736 713 705 709 704 685 646 620 597 594 601 611 620 604 589 589 566 537 508 466 436 417 401 410 422 449 459 485 486 465 467 474 482 484 485 480 490 495 502 514 528 530 525 521 518 514 511 507 510 517
691 696 695 696 696 693 685 680 683 677 674 673 674 685 700 709 715 722 737 764 793 823 863 880 876 866 850 848 844 843 850 860 856 842 814 783 747 716 690 682 690 684 672 643 622 595 590 602 608 620 611 589 579 553 521 490 458 436 422 418 442 447 466 484 513 501 478 476 484 487 486 483 476 478 497 502 515 522 524 523 521 516 513 507 500 503 508
655 659 663 663 662 662 660 659 656 648 640 635 639 648 664 680 692 704 721 744 768 799 828 844 848 845 848 850 857 857 854 855 853 832 806 768 733 700 678 664 653 645 631 604 585 572 581 592 594 606 603 576 549 523 494 468 448 430 421 427 444 447 459 496 515 486 473 479 488 493 497 498 500 493 498 500 507 510 514 515 516 514 509 501 494 496 503
624 626 632 632 632 635 635 637 632 622 614 606 608 619 632 650 670 687 707 727 750 776 799 810 823 831 833 846 854 868 867 852 842 822 789 754 723 689 664 648 633 622 609 597 589 567 571 580 580 590 591 560 528 498 470 450 435 423 423 426 444 448 467 493 494 467 466 474 488 495 505 503 496 488 488 492 497 488 487 494 515 515 506 497 493 493 497
600 599 602 602 605 615 618 623 620 607 596 582 581 592 613 635 649 665 687 710 730 757 769 776 795 810 818 830 840 855 852 838 822 799 775 747 724 694 659 631 611 601 598 589 586 570 567 571 570 574 575 544 508 478 453 432 418 412 414 418 433 442 454 462 474 467 462 474 487 494 498 499 488 476 482 489 489 479 499 505 518 514 507 506 513 495 496
585 588 585 583 584 598 610 622 620 608 592 569 561 580 602 624 645 653 673 690 708 729 739 748 764 780 793 805 816 821 827 822 808 792 767 739 721 691 660 625 595 584 582 580 570 563 562 561 555 558 555 522 488 464 438 417 407 400 406 411 441 450 456 460 458 457 463 476 488 495 495 491 483 478 487 492 493 499 511 537 538 522 512 513 523 514 506
579 579 577 573 567 588 612 621 624 620 602 583 574 587 602 617 630 643 659 671 687 700 710 711 729 751 765 778 787 796 801 801 788 778 755 737 717 692 656 625 593 583 577 568 559 557 557 550 541 535 538 508 470 447 427 408 400 386 390 398 422 449 457 464 467 469 475 483 496 501 503 499 497 495 494 493 494 501 511 556 545 526 518 514 514 513 512
578 579 577 584 585 597 620 634 636 626 613 596 596 610 616 617 625 637 649 665 680 685 686 685 700 722 743 756 759 770 780 776 775 764 746 731 716 698 660 631 601 579 566 560 557 550 541 525 521 520 517 498 466 445 422 404 390 377 379 388 402 436 455 469 476 482 490 496 505 510 512 510 508 505 502 499 497 500 511 585 563 533 534 528 518 519 529
587 588 594 599 600 611 617 625 635 636 623 625 623 626 614 618 626 633 641 650 667 664 666 657 673 699 721 738 742 757 765 770 766 753 735 718 706 685 660 640 612 588 568 559 552 543 533 525 517 518 514 490 463 444 421 406 388 378 374 380 399 426 453 480 490 502 513 507 512 517 519 520 517 515 511 508 501 503 513 562 545 535 543 546 546 556 552
602 612 616 620 627 634 646 648 646 650 648 645 646 626 626 628 628 629 637 648 656 651 652 656 666 691 714 735 746 756 760 759 758 743 728 710 698 678 664 644 623 596 575 556 548 541 533 521 516 508 508 485 465 442 425 409 393 383 376 381 401 427 461 492 507 519 525 516 522 525 527 525 528 524 520 509 501 510 538 600 566 541 544 574 656 652 592
619 629 636 650 664 673 676 676 667 672 664 659 653 634 636 631 635 634 636 647 639 642 645 662 661 682 714 732 749 760 759 753 747 733 719 706 688 670 659 644 617 595 574 555 541 537 524 509 498 488 493 486 463 444 426 413 398 387 383 389 409 434 465 503 526 525 532 527 532 532 530 522 523 533 525 509 504 513 562 592 575 547 546 552 573 672 647
633 648 664 691 705 716 716 711 680 682 680 673 659 641 644 637 639 635 636 639 637 633 638 659 675 686 705 731 761 766 755 748 735 725 710 693 674 659 647 630 608 582 561 543 537 529 524 514 501 486 481 478 461 442 426 411 397 386 382 386 406 434 470 505 535 540 540 543 545 544 538 524 524 532 527 506 501 523 566 572 572 554 554 556 555 564 618
642 663 696 726 748 756 748 726 686 687 685 677 664 650 653 643 645 641 634 628 626 631 637 650 676 696 708 731 754 761 749 733 725 712 697 680 666 651 635 615 595 570 548 535 529 526 519 506 494 479 472 470 453 437 422 409 397 385 380 388 396 416 457 498 534 554 554 553 559 559 557 552 546 541 532 505 503 555 556 562 557 553 559 562 563 577 626
648 675 709 740 778 796 778 736 687 680 684 680 668 651 652 645 642 633 624 619 623 631 641 650 667 686 710 729 736 742 732 719 714 702 685 668 648 635 622 609 590 558 542 530 521 523 517 505 492 479 463 460 441 429 419 409 396 388 387 386 390 405 445 494 533 554 566 572 575 582 587 592 573 555 531 514 515 562 568 562 567 545 556 560 572 583 600
650 677 718 753 784 803 785 739 681 667 672 670 663 653 640 640 629 616 613 616 616 623 626 637 659 684 711 724 718 720 717 712 694 685 670 652 630 614 604 586 564 540 528 527 519 514 515 502 489 468 453 447 432 424 415 407 394 390 389 391 399 420 450 495 527 556 580 587 596 606 615 618 596 570 545 523 520 542 549 534 535 537 550 563 574 566 565
646 668 700 735 782 775 764 714 652 631 647 655 656 642 624 619 613 609 610 610 610 608 610 621 636 663 703 699 700 701 698 688 679 662 650 632 611 589 576 553 537 521 517 525 522 510 511 506 488 463 446 435 432 417 410 405 399 396 397 400 416 437 467 499 529 562 589 608 615 622 625 622 603 576 557 544 540 539 526 521 529 548 544 554 552 559 546
633 658 688 715 745 746 714 657 605 587 616 621 612 603 588 582 583 588 592 597 595 592 596 595 604 630 659 667 667 664 664 658 655 640 622 607 581 561 547 528 513 506 505 513 520 517 508 498 481 467 448 428 419 413 407 404 400 401 405 415 435 453 479 509 539 573 603 619 631 634 629 622 605 577 556 544 537 537 547 545 547 551 551 550 555 592 549
614 627 643 658 668 664 649 614 584 575 567 559 551 551 548 546 552 560 574 583 582 581 577 573 572 585 607 614 624 622 623 625 624 618 604 584 566 551 526 510 496 486 481 492 494 504 497 487 471 459 447 428 424 414 402 402 399 406 417 431 446 463 486 518 551 585 614 632 650 660 641 622 599 583 565 547 542 556 574 576 576 580 578 564 548 542 526
590 598 606 606 608 603 602 583 569 537 529 523 519 520 522 531 538 547 562 574 573 568 561 550 547 559 575 584 591 598 602 599 601 597 589 573 558 539 511 494 481 476 473 477 467 464 470 466 461 453 444 430 447 442 420 399 395 406 425 442 455 468 489 521 560 598 628 649 669 675 673 636 610 596 578 561 556 573 598 611 614 616 604 579 556 542 530
568 570 565 572 570 570 561 555 538 527 514 509 517 509 497 501 518 537 552 563 571 566 558 542 533 541 552 561 560 574 582 585 585 578 570 556 539 518 494 478 472 470 468 460 444 438 440 442 444 440 434 442 448 452 428 392 388 402 430 453 461 473 491 541 576 615 639 668 699 715 704 675 643 620 600 583 579 597 624 642 645 640 626 605 580 566 555
523 523 528 537 539 538 534 527 524 514 506 509 507 499 487 493 513 531 549 558 569 564 554 536 524 526 532 538 539 547 560 573 572 565 554 538 518 499 484 471 466 463 461 456 440 421 414 414 410 415 415 423 429 430 414 389 385 399 431 455 470 482 509 551 582 617 648 685 715 727 718 698 665 634 612 592 588 606 638 660 663 653 634 612 596 585 587
