data/Capas_SouthAmerica_5M/bio_14.asc
NCOLS 559 
NROWS 819 
XLLCORNER -81.3333333333333 
YLLCORNER -55.75 
CELLSIZE 0.0833333333333333 
NODATA_value -9999 
[rows 378 to 419 of 819, columns 285 to 379 of 559]
21 22 23 25 24 25 26 27 27 28 29 30 30 30 30 30 30 30 30 31 31 31 31 31 31 31 31 31 30 30 31 30 30 30 30 30 30 29 29 28 27 27 27 27 27 26 26 26 26 26 26 26 26 25 25 25 25 25 24 25 24 23 23 23 22 22 22 22 21 20 20 20 19 19 19 18 18 18 18 17 17 17 17 16 16 16 16 16 16 15 15 15 15 15 14
22 23 23 25 25 27 27 27 28 29 30 30 31 31 31 31 31 30 31 32 32 31 31 32 32 32 32 32 31 32 32 31 31 31 31 31 30 29 29 29 29 28 28 28 28 28 27 26 27 27 27 26 26 26 26 25 25 25 25 24 23 23 23 22 22 22 21 22 21 21 19 19 19 19 18 19 19 18 18 17 17 17 17 16 16 16 16 16 16 15 15 15 15 15 14
25 24 25 27 27 28 29 29 29 30 29 30 31 31 32 32 31 32 32 32 32 32 32 33 33 32 32 32 33 33 33 32 32 31 32 32 31 30 30 30 29 29 29 29 30 29 28 28 27 27 27 27 27 27 26 25 25 25 24 24 23 23 23 22 22 22 21 21 21 21 20 20 19 19 19 19 18 19 18 17 17 17 17 17 16 16 16 16 15 15 15 15 15 15 15
27 26 27 28 28 29 29 29 29 29 30 30 31 31 32 31 31 32 32 33 33 33 34 34 33 33 32 32 33 33 33 32 33 33 33 33 32 32 31 30 30 29 29 30 30 30 29 28 28 28 28 28 27 27 26 26 26 25 24 24 23 23 23 23 22 22 22 21 21 21 20 20 19 19 19 19 18 18 18 17 17 17 17 16 16 16 16 16 15 15 15 15 15 15 15
28 28 28 29 29 29 29 29 29 29 30 30 30 30 31 31 31 32 32 33 33 33 34 34 34 34 34 33 33 34 33 33 33 34 34 34 33 33 32 31 30 30 30 30 31 30 30 29 29 29 29 28 28 27 27 27 26 25 24 23 23 23 23 23 23 23 22 21 21 21 20 19 19 19 19 18 18 18 17 17 17 17 17 16 16 15 15 16 15 15 15 15 15 14 14
28 28 28 29 29 29 29 30 29 29 30 30 30 30 30 31 31 32 32 32 32 33 34 34 34 34 34 34 36 36 33 33 33 35 34 34 34 34 33 32 31 31 31 31 31 31 30 30 29 29 29 29 28 28 27 27 27 26 24 23 23 23 23 23 23 22 22 22 22 22 21 20 19 19 19 18 18 18 18 17 16 17 17 16 16 16 15 15 15 15 15 15 15 14 14
28 28 29 29 29 29 29 30 30 29 30 30 30 30 30 31 31 31 32 32 33 33 34 34 34 34 34 35 36 35 35 34 34 35 35 34 35 34 34 33 32 32 32 32 32 32 32 31 30 29 29 28 28 28 26 26 26 26 25 24 24 24 24 23 23 22 22 22 22 21 21 20 19 19 19 18 18 17 18 17 17 16 16 16 16 16 15 15 15 15 15 15 14 14 14
28 28 29 29 29 29 30 30 30 30 31 30 30 30 30 30 31 31 31 31 33 33 33 34 34 34 35 36 37 36 36 35 36 36 36 35 35 35 35 34 33 33 33 33 33 32 32 32 32 30 30 29 28 28 27 26 27 26 26 25 24 24 23 23 22 22 22 22 21 21 21 21 20 19 18 19 18 17 17 17 16 16 16 16 16 15 15 15 14 14 14 14 14 14 14
28 28 29 29 29 30 30 30 31 30 30 30 30 30 30 30 31 31 32 32 32 33 33 33 34 35 35 36 36 36 36 36 36 36 36 36 36 35 36 35 35 35 34 33 33 32 32 32 32 30 30 29 28 28 28 27 26 26 26 25 25 24 24 23 23 23 22 22 22 21 20 20 20 19 19 18 17 18 17 17 17 16 16 16 15 15 15 15 14 14 14 14 14 14 14
28 29 29 29 30 30 30 31 31 31 31 31 31 31 31 31 32 31 31 31 32 32 33 34 34 35 35 35 36 37 37 37 36 36 36 37 36 37 37 37 36 36 34 33 33 32 32 32 32 31 30 29 29 29 28 28 28 27 26 25 25 24 24 24 23 23 22 22 22 21 21 21 20 20 19 18 18 18 17 17 16 16 16 15 15 15 15 14 14 14 14 14 14 14 14
29 29 29 30 30 30 30 31 31 31 31 31 31 32 32 32 32 31 31 31 31 32 32 34 34 35 35 35 36 37 37 38 38 37 37 37 37 38 37 38 37 37 35 33 33 34 33 33 32 31 30 30 29 29 28 28 28 28 26 26 26 25 24 24 23 23 22 22 21 21 20 20 20 20 19 19 18 18 17 17 16 16 16 15 15 15 15 14 14 14 14 14 14 14 14
29 29 29 29 30 30 31 31 31 32 31 31 32 32 32 31 31 31 31 31 31 31 32 33 34 35 35 35 36 37 38 37 38 39 38 38 39 38 38 38 37 37 35 34 33 34 34 33 33 32 31 30 30 29 28 28 28 28 28 27 26 26 25 24 23 23 23 22 22 21 20 20 20 20 19 18 17 17 17 17 16 16 16 16 15 15 15 15 14 14 14 14 14 14 14
29 30 29 30 30 31 31 32 32 32 32 31 31 32 32 31 31 31 31 31 30 31 32 32 33 34 34 35 36 37 37 37 38 38 38 39 39 39 39 38 38 37 36 34 33 34 34 33 32 31 30 30 30 30 29 29 28 28 28 27 27 26 26 24 23 23 23 23 22 21 20 20 20 19 19 18 17 18 17 16 16 15 15 16 16 16 16 15 14 14 14 14 14 14 14
30 30 31 30 31 31 32 32 32 32 32 32 32 32 32 31 31 31 31 31 31 31 32 33 33 34 34 35 36 37 37 37 38 38 39 39 39 40 40 39 39 37 36 35 34 33 33 33 32 31 31 30 30 29 29 29 29 28 28 26 26 26 26 25 25 23 23 23 22 21 21 20 19 20 19 18 18 18 17 16 16 15 14 15 16 16 16 16 15 14 14 15 15 15 15
31 31 31 31 31 32 32 33 33 32 32 33 32 32 32 32 31 31 30 30 30 31 31 32 33 33 34 35 36 38 38 37 38 39 39 40 40 40 40 41 39 38 36 36 34 34 33 33 33 32 31 31 31 29 29 29 29 28 28 26 26 26 25 25 24 23 23 22 22 22 21 20 20 20 20 19 18 18 17 16 15 15 14 14 15 17 17 17 17 16 15 16 16 16 16
32 32 32 32 33 33 33 33 33 33 33 32 33 33 32 32 31 31 31 31 30 30 31 32 33 33 34 35 35 37 38 38 38 39 39 41 41 40 40 41 40 38 37 36 36 35 33 33 33 33 32 31 30 30 29 29 29 29 28 27 27 26 25 25 25 24 23 22 22 22 22 21 21 20 19 18 18 17 17 16 16 15 14 14 15 17 17 18 18 17 16 16 17 16 16
32 32 32 33 33 34 34 35 34 33 33 33 34 33 33 32 32 32 31 31 31 31 31 33 34 34 34 35 36 38 38 39 39 39 39 40 41 41 41 41 41 40 38 37 36 35 34 33 33 33 32 31 30 30 30 28 29 29 28 27 28 26 26 25 25 24 23 23 22 23 22 21 21 20 19 18 18 18 17 16 16 16 15 16 16 16 17 17 18 17 16 17 17 16 16
33 33 33 34 34 34 34 35 34 33 34 34 34 34 33 33 33 32 32 31 31 31 31 33 34 35 35 36 36 38 39 39 39 40 39 40 41 41 41 40 40 40 38 38 37 36 34 34 34 33 32 32 31 30 30 29 29 29 29 28 27 27 26 25 25 25 24 23 22 22 23 22 22 21 20 19 18 18 17 16 16 16 16 16 16 16 17 17 18 18 17 18 17 16 16
33 34 34 34 35 35 35 35 35 35 34 34 34 34 34 34 33 33 33 32 32 32 32 34 34 35 36 37 37 38 39 40 40 40 40 41 41 42 42 41 40 39 39 38 36 35 34 33 33 33 32 32 31 31 30 30 29 29 29 29 27 27 27 26 25 25 24 23 23 23 23 22 22 22 21 19 18 17 17 16 16 16 16 16 16 16 17 17 17 17 18 18 17 16 15
34 35 34 35 35 36 36 36 36 35 36 35 34 34 34 34 33 33 34 33 33 33 34 34 35 36 37 38 39 39 39 40 41 42 42 42 42 43 42 41 41 40 38 37 36 35 34 33 33 33 32 31 31 31 31 30 29 28 27 28 28 26 27 25 25 25 24 24 24 24 24 22 22 22 21 19 18 17 17 17 17 17 17 17 17 16 16 16 16 16 17 17 16 16 14
34 35 35 36 36 36 36 36 36 36 36 36 35 35 35 35 34 34 35 35 35 34 34 35 36 37 38 39 39 40 40 41 42 43 43 43 43 43 42 41 41 39 38 37 36 35 34 33 33 33 32 32 32 31 31 30 30 29 27 27 27 26 27 26 25 26 25 24 24 25 24 23 24 22 21 19 18 17 17 17 17 17 17 16 16 16 16 16 16 16 16 16 15 15 14
34 35 35 36 36 36 37 37 37 37 37 37 36 36 36 36 36 36 36 36 35 35 35 36 37 37 39 40 40 41 41 42 42 43 43 43 43 43 42 41 40 38 37 36 36 36 34 34 33 32 32 32 32 30 30 30 29 29 28 28 27 27 27 27 26 26 26 24 25 25 25 24 24 23 21 20 19 18 18 17 17 17 16 16 16 16 16 16 16 16 16 15 15 14 14
32 35 37 36 37 37 37 37 37 37 38 38 38 38 38 38 37 37 37 37 36 36 36 37 38 38 39 40 41 41 42 43 43 43 43 42 42 42 41 40 38 38 37 36 36 35 34 34 33 32 32 31 32 31 31 29 28 29 28 27 27 26 27 26 26 26 25 24 24 24 25 23 24 23 21 20 20 19 19 18 18 17 17 16 16 16 15 15 15 15 15 15 14 14 13
32 34 36 38 38 37 38 38 38 38 39 39 39 39 39 39 39 38 38 38 37 38 38 38 39 40 40 41 42 43 43 43 43 43 43 42 40 40 39 39 38 37 36 36 35 34 34 33 32 32 31 31 31 31 30 29 29 28 28 27 27 26 26 26 25 25 25 25 24 24 24 23 24 23 22 21 21 21 20 19 19 18 18 17 16 15 15 15 15 15 15 14 14 14 14
33 34 35 37 37 38 38 39 39 40 40 40 40 41 40 40 39 39 39 39 39 39 40 40 41 41 42 43 43 43 44 44 43 43 43 41 40 39 38 38 38 36 36 35 34 33 33 33 32 32 31 31 31 31 30 29 29 29 28 28 28 27 27 27 26 25 25 25 24 23 23 23 23 24 23 22 22 22 21 20 20 19 18 18 17 16 16 16 15 15 14 14 14 14 14
32 33 35 37 37 37 38 38 40 40 40 40 41 41 41 41 41 41 40 40 40 40 41 41 42 42 43 43 42 42 43 43 43 42 42 42 41 39 38 38 38 37 35 34 34 33 32 32 31 31 31 31 31 30 30 29 29 29 29 28 28 28 27 27 26 26 25 25 23 23 22 22 22 23 23 22 21 21 19 19 20 20 19 18 17 17 17 17 16 16 15 15 15 15 15
32 32 34 37 37 37 38 38 38 39 40 41 41 42 42 41 41 41 42 42 42 41 41 42 43 43 43 42 42 42 43 43 42 41 42 41 41 39 38 37 37 36 35 34 33 33 33 32 32 31 31 30 30 30 29 29 29 30 29 29 28 28 28 27 27 27 26 25 23 23 22 21 21 22 23 22 21 20 19 19 20 20 19 18 18 18 18 18 17 16 16 16 16 16 16
32 33 35 37 37 37 38 38 38 39 40 41 41 42 41 41 41 41 42 41 41 41 41 42 42 43 44 43 43 42 43 43 42 41 41 41 40 39 38 37 36 36 35 34 33 32 32 31 31 30 30 30 30 29 29 29 29 29 29 29 29 28 28 28 28 28 27 25 23 24 23 22 21 22 22 23 22 20 19 19 20 21 20 19 19 18 18 18 17 17 17 17 17 17 18
32 33 34 36 36 37 37 39 39 39 40 41 41 42 41 40 41 42 43 42 41 40 40 41 42 44 44 43 43 43 43 43 43 41 40 40 39 39 38 36 35 34 34 33 33 32 31 31 30 30 30 30 30 29 29 29 29 29 29 29 29 29 28 30 29 29 27 27 25 24 24 24 24 24 24 24 22 21 20 20 21 21 21 20 19 19 18 18 18 18 18 19 19 19 19
32 33 34 36 37 37 38 38 39 38 39 40 41 42 41 41 41 43 42 42 41 40 40 42 43 44 43 43 43 43 43 43 43 42 41 40 39 38 37 36 35 34 33 32 31 31 30 30 30 30 30 30 30 29 28 29 29 29 30 30 29 29 30 30 30 30 29 32 27 26 26 27 28 27 26 25 23 21 20 20 20 22 22 21 20 19 19 18 19 19 20 20 20 21 21
32 33 34 35 37 38 38 37 37 38 39 39 41 42 41 41 42 42 43 42 40 41 41 42 43 43 43 42 43 42 43 43 43 42 40 40 38 38 37 35 34 33 33 32 30 30 30 30 30 29 29 29 29 29 28 28 29 29 30 30 30 30 31 31 31 30 29 28 28 28 28 29 29 29 28 26 24 22 21 20 21 23 23 22 21 20 19 19 20 20 20 21 22 23 22
32 33 35 36 36 37 37 37 37 38 39 40 41 41 42 42 43 44 44 41 42 42 41 43 44 44 44 44 44 43 42 43 41 41 41 40 38 37 36 34 34 33 32 31 30 30 30 30 29 28 28 28 29 29 29 29 29 29 30 31 30 31 31 33 32 38 30 30 30 30 30 30 30 29 29 27 25 23 22 21 22 24 23 23 22 22 21 21 21 22 23 23 23 24 23
34 34 35 35 36 36 37 38 38 39 39 40 41 42 42 43 43 43 43 42 42 43 42 43 44 44 44 44 44 43 43 43 42 42 41 40 39 37 36 34 33 32 32 31 30 30 30 29 29 28 29 29 29 29 28 28 29 29 29 30 30 31 33 33 38 39 32 32 31 31 31 30 30 29 29 28 26 24 24 24 25 26 25 24 23 23 24 24 24 25 25 25 25 25 24
33 34 35 36 36 37 37 38 39 39 40 41 41 42 43 43 43 43 42 42 43 44 45 44 44 44 44 44 44 44 43 43 43 42 41 40 39 37 35 33 32 31 31 30 30 30 29 29 29 28 28 29 29 28 28 28 28 29 29 30 31 32 33 41 34 34 33 31 31 31 31 31 31 30 30 30 28 27 26 28 29 28 26 25 24 25 25 26 26 26 25 25 25 26 25
34 36 35 35 36 37 38 38 39 39 41 41 41 43 43 43 43 43 42 41 42 44 46 45 45 44 44 44 45 45 45 44 43 42 42 41 39 37 36 33 32 31 30 30 30 29 29 29 29 29 28 29 29 30 30 29 29 29 30 30 31 31 33 40 32 34 34 33 32 32 32 32 31 31 31 31 29 29 29 30 31 30 27 27 26 26 26 26 27 27 27 26 26 27 27
35 35 35 36 37 37 38 39 39 40 40 41 42 43 43 43 44 42 42 42 43 43 45 46 45 45 46 46 46 46 46 45 44 42 41 40 39 37 35 33 31 30 29 29 29 28 28 29 29 29 29 29 29 29 29 29 30 30 30 30 31 30 35 31 31 33 34 33 33 33 33 33 32 32 33 33 32 31 31 32 32 31 29 28 28 28 27 27 28 28 28 29 29 29 30
35 36 36 37 37 39 39 39 40 40 41 41 43 43 43 43 43 43 42 42 43 43 44 45 45 45 47 47 46 47 47 46 45 43 42 41 39 38 35 32 30 30 30 28 28 28 28 28 29 29 30 30 29 29 29 30 31 30 30 30 30 30 30 31 33 32 33 33 34 34 34 33 33 33 33 34 33 33 33 33 33 33 31 31 30 29 28 27 29 29 29 30 32 32 30
35 35 36 37 37 39 39 40 41 41 42 41 42 43 43 43 42 42 41 42 43 43 43 45 45 45 46 46 47 47 47 47 46 45 43 42 39 38 35 33 31 30 29 28 27 27 27 28 28 28 30 30 29 29 30 30 31 30 31 31 33 37 30 32 32 32 33 34 35 35 35 35 35 35 35 35 33 34 34 34 35 33 32 31 31 30 29 29 29 29 29 30 34 34 30
35 36 36 36 37 38 38 39 42 41 42 42 42 42 43 43 43 43 42 42 43 43 43 43 44 45 46 46 48 48 49 49 48 47 46 43 41 38 35 33 32 31 29 27 26 26 27 28 28 29 30 30 30 30 31 31 31 30 31 36 31 32 31 32 31 32 33 35 36 36 36 36 36 36 37 36 34 34 35 35 35 33 32 31 30 31 31 32 33 33 32 29 30 31 29
33 35 36 37 38 38 38 39 40 41 42 42 43 43 43 43 42 43 42 42 44 43 43 43 45 46 46 48 49 49 49 49 48 48 46 44 41 39 37 34 32 31 29 27 27 27 28 28 29 30 30 30 30 31 31 31 31 33 34 30 31 32 32 32 32 32 33 35 37 37 37 37 38 37 37 36 35 35 36 36 36 35 33 31 30 30 31 33 34 34 35 35 34 31 30
34 35 35 36 38 38 38 38 39 41 42 42 43 43 42 42 42 41 42 42 42 43 44 44 45 46 47 48 49 49 49 49 48 47 46 44 42 39 37 36 33 31 30 29 28 28 29 29 29 30 31 31 31 31 32 31 33 32 33 33 33 34 33 33 33 33 33 36 38 38 39 39 38 37 37 37 35 36 37 36 37 36 33 31 31 31 32 34 35 35 36 36 36 33 32
34 34 35 36 37 38 39 39 39 40 41 42 44 43 43 42 41 40 42 42 41 41 43 43 45 46 47 48 50 50 49 48 48 47 46 44 42 40 39 37 35 33 32 31 30 31 30 30 30 30 31 32 31 32 33 33 34 34 35 35 35 36 35 35 33 34 35 38 40 40 40 40 39 37 36 36 35 36 37 37 39 37 35 33 33 34 35 36 37 37 37 38 38 36 34
