data/Capas_SouthAmerica_5M/bio_17.asc
NCOLS 559 
NROWS 819 
XLLCORNER -81.3333333333333 
YLLCORNER -55.75 
CELLSIZE 0.0833333333333333 
NODATA_value -9999 
[rows 328 to 368 of 819, columns 368 to 459 of 559]
20 20 20 21 20 21 20 19 19 18 19 19 19 18 18 19 17 17 17 17 16 18 17 17 17 17 18 19 20 20 21 23 22 22 22 22 23 23 20 18 16 16 16 15 16 15 15 15 15 16 17 14 13 13 13 13 13 13 14 13 13 14 14 14 13 14 14 14 11 10 10 10 9 8 9 7 6 6 6 6 6 6 6 6 5 4 4 5 5 5 5 5
21 22 22 21 21 21 19 20 20 21 19 19 19 18 18 18 17 18 19 18 17 19 17 17 17 17 19 19 20 20 20 21 21 21 20 20 22 21 18 20 18 16 16 16 17 17 17 16 16 16 16 14 14 13 12 13 13 13 14 14 14 14 14 14 14 14 14 14 12 11 10 10 9 8 7 7 7 6 6 6 6 6 6 6 6 6 6 6 5 5 5 4
22 22 22 22 22 21 20 22 21 21 21 19 20 20 19 19 18 19 18 20 19 18 18 18 18 19 19 19 20 20 20 21 21 20 20 20 22 21 17 18 17 17 17 17 17 17 17 17 17 15 15 15 15 15 13 13 13 13 13 14 13 13 15 15 14 14 14 12 12 10 10 10 9 8 6 6 5 5 5 5 6 6 6 7 7 6 6 6 6 6 5 4
23 22 22 22 23 23 22 22 22 21 21 21 20 20 20 20 19 18 18 18 19 19 19 18 19 19 19 20 20 19 19 21 20 20 21 21 23 22 19 18 18 18 17 17 17 18 17 17 17 17 15 15 16 15 13 14 13 13 13 14 14 13 14 15 13 13 12 11 10 10 9 9 8 8 6 6 5 5 5 5 6 6 6 7 6 6 5 5 6 6 5 4
24 24 24 24 23 23 23 25 24 23 21 23 21 20 21 21 21 19 19 19 19 19 20 20 20 21 21 20 21 21 21 21 22 22 21 21 23 24 19 18 19 18 18 18 18 18 18 18 17 18 16 15 15 16 15 14 13 13 13 13 14 16 15 14 13 13 12 10 9 9 9 8 8 7 6 4 4 5 5 5 6 6 6 6 6 6 7 6 4 5 4 4
25 25 24 24 24 23 24 25 25 24 23 24 23 22 22 22 21 21 21 20 20 20 20 20 21 21 21 22 21 21 22 22 21 23 23 22 24 24 20 18 18 18 19 19 18 18 19 19 18 18 17 16 16 16 15 15 14 13 14 14 15 15 14 14 14 12 12 12 9 9 8 8 7 6 5 4 4 4 5 5 5 6 6 7 6 6 6 6 6 4 4 4
26 25 25 25 25 25 26 25 26 25 24 23 23 23 24 23 22 22 22 22 22 22 22 23 22 21 22 22 23 23 23 23 23 23 24 24 24 23 22 20 19 18 19 19 19 19 20 20 18 19 18 18 18 17 16 16 15 15 15 16 15 13 13 13 12 12 12 12 10 9 8 7 7 6 4 4 4 4 5 5 5 5 6 6 5 6 6 5 6 5 5 5
26 26 27 26 26 27 27 26 26 26 25 24 24 24 24 24 23 23 23 22 23 24 23 25 24 23 23 23 23 25 24 24 24 23 24 24 23 23 23 21 19 18 19 20 20 20 19 20 18 18 19 18 19 19 17 16 16 16 15 15 15 14 13 13 13 12 11 11 11 10 8 7 7 7 4 4 4 5 5 5 6 5 5 5 5 6 6 7 6 5 4 5
28 27 27 27 28 27 28 28 26 26 26 26 27 25 26 26 26 25 24 24 24 26 26 25 25 25 25 25 27 27 27 29 27 24 24 25 24 24 23 21 21 19 20 20 19 19 19 19 19 19 19 19 19 19 18 18 16 16 16 15 14 13 13 13 12 12 11 11 11 10 9 7 7 7 7 6 5 5 7 7 7 5 5 5 5 6 6 7 6 6 5 5
28 28 28 28 28 28 30 30 29 28 28 27 29 27 27 26 27 27 26 26 28 28 29 27 26 26 27 27 30 31 32 32 32 30 30 28 25 24 24 21 21 20 20 19 19 19 19 20 20 21 22 22 20 18 19 18 17 17 16 16 15 14 14 14 13 13 12 12 11 9 9 8 8 8 8 8 8 8 8 8 8 6 5 5 5 5 6 6 7 6 5 5
29 28 28 29 29 29 30 31 30 30 30 30 30 30 29 29 28 29 28 29 30 30 30 31 28 27 29 30 30 31 32 32 31 30 30 27 25 25 23 22 21 20 20 20 20 19 21 20 20 21 21 22 22 21 19 18 17 17 16 16 16 15 14 14 13 12 12 12 11 9 9 9 9 9 9 10 8 10 10 10 8 7 5 5 5 5 5 6 6 6 6 6
30 29 30 29 29 31 31 32 30 31 31 32 31 31 31 32 32 32 32 32 32 33 34 33 31 31 29 30 30 30 31 32 32 30 27 26 25 23 23 21 21 20 20 20 20 20 21 22 22 22 22 22 23 22 20 19 18 16 16 16 15 15 14 14 13 13 12 12 11 10 10 10 12 12 11 12 11 11 11 9 9 7 6 4 4 5 5 6 6 6 7 7
31 31 30 30 31 31 33 32 33 32 33 32 32 32 33 33 33 33 34 34 35 34 34 33 33 32 31 30 30 30 31 32 29 29 28 24 25 24 22 22 22 21 21 21 21 21 21 22 22 22 22 22 23 22 20 19 18 16 16 17 16 15 14 13 13 12 12 12 12 11 12 12 14 15 14 14 15 14 12 11 10 8 7 5 4 5 6 7 7 7 7 8
32 31 31 32 32 32 34 34 33 33 34 33 33 34 34 34 34 34 35 36 35 35 34 33 33 32 32 29 29 28 27 31 31 29 27 24 24 24 23 23 21 22 21 21 21 22 21 24 23 23 23 24 24 21 20 20 18 17 17 16 16 16 16 14 14 14 12 12 12 13 13 15 15 15 14 14 15 14 13 11 9 8 6 6 7 7 7 8 8 8 10 10
32 32 32 34 34 34 34 34 35 35 34 35 35 35 35 34 35 35 34 34 34 35 35 34 32 32 31 30 29 28 28 26 28 26 24 23 23 25 25 24 22 22 23 23 22 23 22 24 24 23 23 23 23 20 20 19 18 17 16 16 16 16 16 15 14 14 12 12 13 15 16 18 17 17 16 16 16 15 13 11 9 6 6 4 7 7 8 8 11 10 11 12
34 34 34 36 35 35 35 36 36 36 35 36 37 37 37 35 36 36 37 37 37 36 36 35 32 32 31 29 28 27 25 25 24 24 23 23 24 22 23 23 22 23 23 23 23 23 23 23 24 24 22 23 23 21 19 18 18 17 16 16 16 17 15 15 15 14 12 14 15 17 18 20 19 18 18 17 17 15 12 10 6 4 4 7 7 7 8 8 13 13 12 14
35 37 37 36 35 37 36 36 37 38 38 38 38 37 37 37 38 38 37 37 37 37 37 35 33 32 30 29 27 26 25 24 23 22 23 23 23 23 24 24 22 22 23 23 23 24 24 24 23 24 23 22 22 22 20 18 18 18 17 16 16 16 15 15 15 13 14 13 16 16 18 20 20 20 19 18 17 15 13 10 10 4 4 7 8 8 8 9 17 16 13 16
38 37 37 37 37 39 38 39 39 38 39 38 38 38 37 38 37 38 38 38 38 37 36 35 33 32 30 29 27 26 25 24 23 22 23 23 23 23 24 24 24 24 25 25 25 25 26 24 22 23 24 23 23 22 22 20 18 18 17 17 15 15 15 14 14 13 14 13 15 16 17 19 20 21 21 20 16 15 12 11 8 6 6 7 8 8 9 11 16 16 14 15
39 38 38 38 40 40 40 40 39 40 39 37 38 37 38 38 38 38 36 37 38 38 37 35 34 33 31 30 28 27 27 25 24 24 23 24 23 23 23 23 24 25 26 26 25 27 26 24 23 23 24 23 23 21 21 21 20 19 19 17 16 16 16 16 14 14 14 13 16 17 19 18 19 20 23 20 16 14 13 12 10 9 9 7 8 8 9 9 16 15 15 15
40 39 39 40 40 39 40 40 39 39 39 37 37 38 38 38 38 38 36 37 39 38 36 35 35 33 31 31 30 28 27 26 25 24 24 24 25 25 25 25 25 25 25 27 28 27 25 24 24 22 23 23 23 22 21 21 19 19 18 17 17 16 16 16 15 14 14 13 16 17 18 18 18 17 19 18 15 14 12 10 11 10 9 7 7 8 7 10 15 15 14 16
40 38 41 41 42 40 39 41 41 39 39 39 39 39 38 38 38 37 36 37 37 36 36 35 34 33 31 30 31 30 28 27 26 26 26 25 25 25 26 25 25 25 26 27 28 28 26 25 23 23 23 22 23 23 21 21 19 18 18 17 17 17 17 15 15 15 15 16 17 17 18 17 15 14 17 17 14 14 13 13 11 11 10 8 7 7 6 12 14 14 15 15
41 40 40 41 42 40 41 41 41 39 39 39 39 38 38 39 38 37 38 38 37 36 36 36 34 34 31 31 30 29 29 27 26 26 26 26 26 26 26 26 25 26 27 28 28 28 28 26 24 22 22 20 20 21 20 20 20 19 18 18 17 17 17 17 15 15 16 16 18 18 17 16 16 16 16 15 15 15 14 14 13 11 9 9 8 8 6 13 14 15 14 16
43 41 40 42 42 40 41 41 41 40 39 39 39 39 40 38 38 37 37 37 36 35 36 36 36 34 35 33 31 30 29 29 27 26 27 27 28 29 28 27 27 26 28 28 28 28 27 25 24 22 21 21 19 20 19 20 19 19 18 18 18 18 18 16 16 15 16 16 17 18 19 18 17 16 16 16 17 17 16 17 16 13 11 10 9 8 9 14 14 16 15 17
44 42 41 43 42 42 42 40 41 41 39 39 39 39 40 40 38 37 36 36 35 35 35 35 35 35 35 33 33 33 31 30 29 27 27 29 29 29 28 28 27 26 28 28 30 29 26 25 24 22 20 20 18 18 19 21 19 19 18 18 18 17 19 17 16 17 17 17 17 19 21 20 19 19 18 17 19 19 20 19 19 15 14 11 11 8 11 13 15 16 13 19
44 43 45 43 42 42 42 41 40 40 39 38 38 40 40 38 38 37 37 35 35 35 35 36 35 35 35 34 33 32 32 30 29 29 29 29 29 29 29 28 27 26 28 28 28 28 26 26 25 22 21 20 19 19 19 19 19 18 18 18 19 19 19 17 17 17 17 17 18 18 21 21 20 20 20 19 20 20 22 21 20 17 14 14 11 9 11 12 16 16 13 22
45 45 45 43 42 43 43 42 42 40 39 39 40 39 40 39 39 39 36 36 36 35 35 35 35 35 35 36 34 32 32 31 29 29 30 30 30 30 30 27 27 29 27 29 28 28 27 25 25 22 21 20 18 17 17 18 18 17 18 19 19 19 19 19 19 18 18 18 17 18 19 19 20 20 19 19 19 19 20 20 18 18 15 14 12 10 12 12 19 16 16 21
45 45 45 44 43 43 43 43 43 40 40 39 39 40 40 39 39 38 36 36 36 37 36 36 37 36 36 36 34 33 31 31 31 31 30 30 30 30 30 29 29 29 27 28 28 28 26 26 26 23 22 21 19 17 16 16 16 17 17 17 19 19 19 19 19 18 18 18 18 17 17 16 18 18 18 18 19 19 19 19 17 15 14 13 12 11 11 12 19 17 20 20
45 46 45 46 43 44 42 43 43 41 41 38 39 40 40 39 39 37 37 36 37 38 36 36 37 36 36 36 36 33 32 32 31 31 30 30 29 30 30 29 29 28 27 27 29 26 26 26 26 26 23 20 19 16 16 16 17 15 18 17 16 19 19 19 19 18 18 18 18 15 15 14 15 16 16 18 19 17 17 16 15 13 12 12 12 12 12 12 18 18 23 21
47 46 45 45 44 44 42 43 43 42 41 41 39 39 39 39 38 36 36 36 36 36 37 37 35 35 36 36 36 33 32 32 32 31 30 30 30 29 30 29 29 29 27 26 28 27 26 26 26 25 24 20 17 16 16 18 16 15 17 17 19 19 19 19 19 18 18 18 17 16 14 14 14 14 15 17 17 16 16 16 14 13 13 13 13 13 13 14 16 18 19 20
47 46 45 46 45 45 44 44 43 43 40 41 39 39 39 39 37 36 36 37 36 36 37 38 37 35 37 35 34 34 34 34 34 34 31 31 31 30 29 28 29 31 27 27 26 26 26 26 25 26 25 21 17 15 16 19 16 16 17 19 19 18 19 18 18 18 18 17 15 14 13 12 14 13 13 16 16 15 15 15 15 13 16 16 16 15 16 16 17 17 20 20
48 47 46 46 44 45 44 44 44 42 42 41 40 40 40 40 37 37 37 37 37 36 38 38 38 35 35 34 34 34 34 34 34 34 34 32 31 30 30 29 31 31 30 28 26 26 27 25 26 25 24 20 18 16 16 16 16 16 18 19 19 18 19 19 18 18 18 16 14 14 13 12 14 15 15 18 16 19 18 16 15 15 15 18 21 19 21 20 20 20 20 21
48 46 46 47 44 44 43 43 43 43 42 42 40 40 40 40 37 37 38 38 37 36 38 38 38 35 36 34 35 35 35 35 35 34 34 33 31 30 30 30 30 32 33 28 26 26 25 27 26 25 23 21 19 17 18 15 17 17 17 19 18 19 19 19 20 19 18 16 14 15 15 13 14 15 17 17 16 21 20 17 15 13 13 23 25 24 23 23 21 20 21 22
48 47 47 47 45 45 43 43 43 43 41 40 40 40 39 39 37 38 38 38 37 36 39 36 37 37 36 34 36 38 38 35 36 35 34 32 30 29 30 31 32 32 32 28 27 27 26 25 24 24 22 20 18 17 18 18 17 17 18 18 19 19 19 20 19 18 18 15 14 14 14 15 14 15 17 17 19 22 21 17 14 13 18 32 29 25 24 25 22 23 23 23
48 48 47 47 47 46 43 43 42 42 41 41 40 41 40 38 38 38 38 38 37 37 38 38 37 37 36 36 36 36 36 36 35 34 36 34 31 31 31 31 31 32 30 27 26 25 25 24 24 23 22 21 20 18 20 19 17 18 19 19 19 19 19 21 18 18 16 15 15 15 15 15 15 17 18 19 20 24 20 18 15 13 24 36 32 28 28 28 24 25 26 24
49 48 47 48 46 46 45 45 44 43 43 43 41 41 39 39 39 38 38 38 38 36 36 38 37 37 36 38 37 37 36 35 35 33 33 34 31 31 31 30 28 31 29 27 26 25 25 25 23 22 22 21 21 21 21 20 20 20 20 19 19 19 20 21 19 18 18 16 17 17 16 15 16 16 18 19 21 24 19 17 15 13 22 39 34 31 32 29 26 26 25 26
49 48 46 48 46 45 45 44 44 44 44 44 44 41 39 39 41 41 39 39 38 38 37 41 38 36 38 37 37 36 36 35 34 32 33 32 30 30 30 28 28 30 28 26 25 25 26 25 24 22 22 21 21 21 23 21 21 21 20 20 21 21 21 21 19 17 15 15 17 18 16 16 16 15 18 19 22 22 19 16 14 15 24 38 33 31 30 30 29 28 27 27
49 48 46 46 47 46 45 44 44 45 45 45 44 42 39 39 41 41 40 38 39 37 38 38 38 37 37 37 37 36 35 34 34 33 32 29 29 30 28 27 27 30 27 26 24 26 25 23 23 22 23 23 21 21 23 22 21 21 21 21 22 21 22 21 20 17 16 18 18 18 18 17 16 15 19 19 22 21 18 17 14 20 30 40 37 32 29 30 29 29 29 28
50 48 47 47 47 46 45 45 44 45 45 44 43 42 39 40 41 41 40 38 38 38 39 38 37 36 37 37 36 35 33 33 33 33 32 29 28 29 28 26 26 28 24 24 24 25 25 25 24 24 24 22 21 22 22 23 22 22 21 22 22 23 23 21 20 16 16 18 19 20 19 19 17 16 19 20 20 20 18 17 17 21 33 40 35 32 32 30 30 29 29 29
49 49 47 47 46 46 45 45 44 44 43 43 42 40 39 40 40 38 39 39 38 38 38 38 35 36 36 36 36 33 35 34 34 33 31 28 27 26 26 25 24 26 27 26 24 25 28 25 26 26 27 24 22 23 22 24 23 23 23 23 23 22 22 22 20 19 20 20 20 20 20 20 18 17 19 20 18 17 17 18 19 22 32 39 38 33 31 33 33 31 31 33
51 49 48 47 47 46 45 45 45 43 43 43 43 40 40 41 39 38 41 40 39 38 38 36 36 35 35 37 35 33 33 35 35 32 29 26 25 25 24 23 24 23 27 25 26 27 30 26 27 28 28 25 23 22 24 24 24 24 24 23 23 22 22 22 20 19 21 21 21 22 21 22 20 19 18 19 17 18 18 19 19 24 26 32 32 33 29 30 31 31 34 34
51 51 49 49 48 46 45 46 47 45 43 43 41 40 40 41 39 38 39 39 39 39 36 36 37 36 35 34 32 31 32 31 32 29 27 24 22 22 21 21 23 23 26 26 27 28 31 32 30 30 30 25 23 23 24 25 27 25 23 23 23 23 23 23 22 22 23 22 22 22 22 21 19 19 19 18 18 18 18 18 19 21 28 32 32 32 28 30 43 36 34 32
