data/Capas_SouthAmerica_5M/bio_12.asc
NCOLS 559 
NROWS 819 
XLLCORNER -81.3333333333333 
YLLCORNER -55.75 
CELLSIZE 0.0833333333333333 
NODATA_value -9999 
[rows 222 to 258 of 819, columns 336 to 419 of 559]
1939 1938 1938 1933 1924 1941 1933 1929 1920 1924 1941 1938 1939 1932 1917 1913 1912 1900 1915 1916 1918 1914 1912 1905 1903 1886 1883 1870 1859 1852 1855 1873 1903 1904 1895 1901 1908 1889 1883 1850 1825 1840 1814 1816 1803 1774 1758 1735 1729 1720 1698 1675 1663 1649 1630 1618 1614 1594 1585 1566 1567 1574 1584 1598 1579 1584 1608 1615 1602 1581 1550 1566 1531 1501 1463 1430 1409 1373 1344 1342 1310 1286 1266 1245
1952 1940 1934 1949 1957 1969 1951 1947 1949 1930 1948 1963 1966 1966 1951 1930 1915 1910 1913 1914 1921 1911 1917 1907 1907 1911 1892 1877 1874 1863 1854 1851 1883 1911 1911 1902 1893 1882 1857 1842 1811 1823 1823 1816 1805 1776 1762 1748 1731 1723 1702 1683 1659 1648 1629 1620 1604 1611 1580 1563 1567 1581 1583 1593 1588 1604 1627 1625 1625 1613 1581 1600 1559 1518 1488 1448 1419 1398 1352 1329 1319 1291 1254 1239
1971 1954 1953 1958 1975 1976 1966 1960 1964 1950 1945 1969 1982 1982 1973 1965 1955 1952 1927 1918 1912 1915 1925 1933 1933 1927 1902 1890 1877 1873 1865 1859 1874 1910 1914 1908 1877 1879 1862 1824 1814 1826 1826 1827 1807 1785 1770 1739 1728 1721 1706 1678 1657 1643 1631 1614 1593 1610 1555 1567 1588 1596 1599 1598 1599 1614 1620 1635 1634 1634 1616 1609 1583 1547 1509 1470 1417 1387 1354 1331 1334 1297 1250 1241
1984 1984 1976 1976 1977 1993 1980 1971 1971 1961 1957 1983 1984 1987 1992 1978 1979 1968 1961 1943 1937 1935 1947 1953 1956 1949 1924 1893 1889 1889 1882 1875 1870 1898 1922 1904 1875 1892 1880 1851 1865 1858 1828 1831 1815 1789 1768 1747 1734 1714 1698 1677 1658 1641 1626 1596 1577 1583 1565 1573 1590 1595 1599 1627 1632 1627 1640 1652 1650 1656 1647 1634 1603 1556 1514 1464 1426 1395 1358 1329 1304 1289 1257 1253
1992 1998 1984 1978 1985 1994 1988 1981 1979 1980 1967 1971 1992 1993 1994 1993 2005 1997 1973 1956 1963 1962 1954 1954 1959 1959 1944 1911 1899 1900 1895 1898 1883 1876 1916 1934 1908 1896 1857 1835 1848 1829 1810 1814 1802 1788 1758 1745 1749 1726 1705 1681 1666 1641 1623 1599 1581 1549 1545 1563 1591 1593 1605 1638 1654 1644 1641 1644 1655 1661 1652 1648 1607 1565 1515 1465 1432 1388 1356 1327 1289 1269 1260 1256
2004 2003 1987 1980 1988 1988 1985 1981 1984 1989 1994 1979 1982 2023 2003 2007 2012 2005 1982 1961 1965 1964 1954 1959 1957 1953 1965 1932 1911 1912 1915 1915 1900 1888 1891 1904 1905 1896 1879 1867 1863 1855 1835 1836 1816 1793 1754 1745 1751 1731 1717 1697 1671 1651 1631 1609 1568 1567 1585 1591 1587 1610 1619 1619 1644 1655 1655 1661 1660 1650 1639 1642 1603 1557 1508 1464 1426 1386 1347 1332 1297 1279 1262 1261
2015 2009 1996 1995 1991 1995 2006 2003 2010 2009 2001 2000 1980 2008 1998 2019 2018 2000 1963 1958 1957 1951 1950 1967 1969 1970 1971 1944 1932 1934 1937 1937 1922 1910 1922 1927 1917 1904 1895 1882 1882 1879 1850 1841 1818 1800 1773 1768 1757 1745 1715 1688 1684 1664 1639 1609 1590 1599 1602 1613 1611 1622 1620 1633 1657 1666 1670 1659 1660 1654 1642 1633 1597 1554 1505 1457 1422 1384 1360 1332 1306 1287 1275 1262
2011 2011 2001 1998 1991 2007 2006 2012 2022 2030 2015 2015 2012 2007 2014 1996 2026 1998 1971 1965 1956 1966 1973 1967 1978 1980 1972 1966 1940 1938 1941 1947 1945 1932 1951 1935 1936 1918 1901 1884 1882 1867 1856 1845 1807 1789 1785 1760 1756 1741 1733 1690 1692 1671 1650 1625 1611 1613 1620 1635 1627 1636 1629 1650 1679 1690 1676 1663 1657 1645 1622 1618 1586 1551 1505 1472 1427 1395 1378 1346 1311 1294 1279 1265
2013 2006 2002 2000 1996 2012 2020 2022 2030 2021 2013 2040 2034 2029 2020 2005 2010 2003 1982 1983 1973 1972 1975 1977 1976 1986 1986 1980 1969 1974 1971 1968 1968 1967 1965 1950 1949 1926 1916 1900 1887 1877 1859 1853 1816 1799 1784 1785 1754 1749 1734 1718 1708 1674 1648 1630 1634 1644 1639 1645 1636 1637 1641 1667 1709 1706 1690 1671 1655 1633 1637 1610 1589 1544 1510 1472 1430 1398 1375 1338 1320 1308 1284 1269
2030 2021 2017 2018 2000 2008 2021 2030 2023 2013 2013 2040 2042 2037 2028 1998 2017 2010 1994 1985 1971 1977 1983 1983 1985 1998 1991 1982 1989 2007 2000 1998 2001 2010 2000 1974 1964 1953 1932 1904 1902 1878 1874 1849 1831 1819 1797 1795 1765 1758 1735 1706 1694 1678 1670 1666 1647 1656 1657 1658 1653 1653 1665 1698 1715 1714 1714 1681 1660 1643 1662 1629 1598 1546 1504 1468 1433 1399 1364 1328 1332 1315 1295 1266
2040 2036 2021 2022 2018 2017 2028 2047 2039 2017 2014 2022 2023 2031 2015 1992 2022 2013 1998 1979 1978 1990 1994 1993 1988 1991 1967 1979 2018 2028 2017 2024 2016 2015 2016 2000 1971 1955 1927 1917 1911 1896 1875 1857 1838 1813 1791 1796 1777 1758 1726 1712 1715 1712 1698 1687 1671 1681 1671 1669 1662 1678 1686 1689 1714 1719 1706 1693 1693 1658 1667 1629 1598 1550 1513 1473 1441 1431 1368 1336 1336 1316 1282 1278
2037 2025 2020 2016 2021 2031 2042 2041 2019 2006 2006 1994 1995 2001 1995 2009 2023 2021 1997 1980 1990 1991 1990 1994 1985 1968 1962 1958 1999 2034 2033 2029 2017 2005 2014 2000 1979 1964 1934 1919 1915 1891 1874 1862 1835 1823 1800 1799 1791 1745 1749 1750 1733 1723 1703 1708 1689 1693 1697 1691 1674 1681 1705 1721 1712 1724 1714 1709 1690 1660 1664 1643 1622 1575 1530 1464 1430 1395 1345 1333 1312 1303 1278 1264
2029 2023 2023 2021 2020 2023 2025 2016 2011 2004 1992 1999 2022 2012 2004 2005 2000 1984 1970 1963 1965 1963 1965 1978 1960 1963 1975 1984 1991 2020 2040 2027 2014 2016 2005 1996 1983 1965 1939 1936 1923 1903 1883 1858 1834 1830 1829 1813 1787 1749 1750 1742 1755 1735 1722 1717 1703 1713 1715 1713 1687 1695 1707 1744 1720 1726 1706 1712 1680 1666 1677 1618 1597 1560 1536 1477 1421 1385 1354 1326 1304 1298 1275 1269
2036 2027 2013 2013 2009 2019 2012 2011 2005 1997 1999 1998 2001 2000 2000 1988 1979 1974 1971 1965 1963 1961 1960 1963 1979 1989 1972 1961 1988 2007 2016 2017 2012 2006 1996 1988 1972 1962 1941 1926 1918 1903 1887 1872 1860 1844 1830 1828 1785 1754 1758 1769 1765 1752 1748 1765 1745 1736 1729 1726 1708 1730 1742 1734 1719 1717 1705 1680 1666 1705 1698 1646 1614 1568 1532 1484 1439 1404 1350 1324 1310 1296 1280 1268
2054 2035 2018 2026 2021 2000 2001 2009 2003 2004 2019 1997 1988 1994 1987 1982 1982 1979 1971 1967 1965 1958 1952 1960 1963 1972 1956 1947 1956 1970 1985 2001 1982 1984 1976 1980 1969 1957 1937 1917 1908 1899 1876 1876 1870 1853 1832 1829 1806 1772 1791 1779 1769 1766 1771 1759 1745 1757 1753 1741 1719 1778 1759 1739 1722 1709 1693 1673 1699 1710 1686 1649 1634 1569 1523 1487 1443 1406 1358 1334 1322 1301 1285 1281
2051 2036 2028 2031 2027 2017 2030 2009 1998 2000 2013 2009 2014 2028 2011 1984 1991 1972 1971 1967 1963 1959 1953 1946 1949 1953 1954 1953 1954 1950 1972 1976 1963 1970 1976 1979 1962 1950 1931 1922 1899 1897 1878 1869 1852 1849 1841 1845 1823 1774 1810 1782 1767 1773 1779 1773 1763 1774 1769 1747 1734 1769 1771 1749 1738 1724 1713 1691 1671 1678 1665 1618 1598 1585 1530 1492 1446 1393 1352 1345 1340 1321 1295 1262
2043 2044 2038 2027 2028 2017 2025 2014 1994 1998 2008 2016 2041 2036 2019 2010 2000 1970 1967 1970 1973 1966 1952 1951 1946 1947 1946 1944 1942 1954 1979 1976 1982 1982 1981 1981 1958 1941 1929 1912 1895 1889 1875 1866 1856 1853 1839 1846 1798 1785 1798 1805 1791 1803 1782 1778 1774 1775 1768 1752 1770 1783 1765 1758 1739 1724 1712 1702 1686 1687 1669 1633 1570 1522 1476 1428 1403 1396 1358 1323 1305 1276 1292 1287
2036 2030 2035 2026 2031 2023 2012 1995 2002 2007 2025 2035 2042 2038 2038 2017 1995 1974 1980 1968 1985 1978 1965 1970 1945 1949 1966 1961 1960 1971 1994 2003 2007 2000 1993 1983 1940 1936 1927 1917 1906 1890 1874 1873 1865 1867 1865 1822 1822 1827 1829 1823 1810 1799 1791 1791 1782 1780 1775 1774 1797 1796 1768 1746 1739 1736 1731 1719 1675 1658 1635 1593 1545 1501 1455 1408 1357 1332 1319 1286 1278 1277 1279 1282
2031 2024 2021 2012 2018 2019 2019 1999 2010 2016 2016 2025 2032 2047 2032 1996 1999 1982 1983 1963 1957 1961 1978 1965 1947 1954 1984 1981 1998 1995 1996 1990 1994 1986 1991 1976 1935 1932 1926 1919 1900 1894 1887 1896 1884 1873 1861 1824 1852 1845 1826 1829 1812 1804 1809 1792 1797 1799 1786 1782 1787 1795 1769 1743 1725 1713 1698 1687 1652 1639 1606 1572 1529 1485 1433 1382 1347 1305 1280 1264 1262 1280 1279 1262
2045 2040 2036 2023 2016 2012 2005 1992 2000 2004 1999 2013 2044 2046 2016 2008 1990 1980 1981 2009 1973 1956 1958 1953 1947 1947 1972 1993 1988 1992 1996 1988 1978 1977 1982 1965 1932 1916 1910 1892 1891 1898 1905 1908 1895 1873 1861 1821 1846 1839 1826 1831 1821 1816 1824 1812 1815 1813 1801 1801 1815 1797 1779 1744 1736 1722 1695 1669 1643 1623 1609 1564 1520 1476 1420 1355 1315 1269 1252 1249 1245 1264 1274 1263
2049 2048 2042 2040 2018 2015 2002 2000 1996 1993 1996 1997 2025 2016 1986 1972 1969 1973 2016 2053 2011 1986 1972 1966 1955 1946 1979 1967 1961 1954 1989 1992 1987 1977 1970 1953 1941 1919 1915 1907 1900 1892 1888 1893 1880 1873 1860 1845 1816 1853 1842 1834 1840 1831 1824 1833 1822 1820 1809 1807 1812 1795 1779 1745 1743 1727 1690 1666 1648 1614 1588 1547 1508 1463 1410 1341 1283 1239 1228 1226 1226 1251 1273 1246
2027 2033 2038 2031 2016 2021 2004 2011 2002 1992 1986 2001 1984 1988 1971 1971 1973 1983 2018 2021 2019 2011 1975 1961 1949 1950 1936 1938 1956 1961 1967 1968 1952 1967 1961 1932 1917 1918 1908 1911 1908 1898 1911 1913 1875 1863 1859 1869 1855 1823 1840 1846 1849 1837 1827 1828 1835 1834 1818 1816 1812 1797 1768 1759 1733 1697 1701 1679 1645 1611 1577 1536 1493 1458 1402 1343 1284 1236 1221 1219 1214 1231 1244 1245
2020 2023 2027 2024 2020 2011 2001 2012 2002 2003 1994 2009 1987 1976 1978 2010 1991 2004 2010 2013 2024 2004 1964 1962 1950 1935 1933 1937 1931 1942 1955 1960 1943 1943 1938 1919 1899 1897 1911 1915 1903 1897 1897 1890 1861 1855 1859 1863 1868 1845 1835 1836 1832 1838 1835 1830 1834 1847 1825 1829 1812 1789 1760 1745 1705 1706 1691 1652 1627 1601 1570 1512 1470 1437 1385 1347 1306 1267 1253 1223 1214 1227 1227 1232
2022 2023 2019 2024 2014 2009 2004 2006 2004 2000 2001 1998 1998 1975 1997 2026 2016 2015 2010 2004 2010 1994 1953 1946 1941 1934 1929 1924 1938 1948 1949 1950 1947 1951 1940 1914 1894 1897 1901 1898 1907 1891 1876 1875 1875 1863 1870 1866 1868 1838 1854 1848 1855 1854 1836 1839 1843 1837 1833 1827 1821 1789 1760 1739 1685 1693 1678 1641 1608 1586 1546 1501 1457 1417 1382 1352 1316 1265 1242 1228 1218 1207 1208 1208
2023 2025 2018 2023 2032 2020 2010 1997 2004 2003 2000 2013 1994 1983 1999 2029 2026 2019 2010 1985 1968 1980 1946 1942 1941 1935 1940 1950 1949 1944 1955 1949 1951 1963 1952 1922 1907 1910 1924 1928 1908 1903 1895 1875 1877 1861 1873 1863 1858 1830 1845 1852 1859 1865 1841 1846 1849 1841 1841 1831 1808 1787 1749 1732 1685 1688 1676 1636 1609 1572 1543 1500 1453 1412 1384 1335 1298 1268 1250 1238 1227 1226 1197 1200
2024 2021 2015 2021 2027 2019 2013 1993 2000 1993 1994 2010 1993 2000 2024 2049 2035 2021 2010 1979 1958 1953 1943 1942 1940 1947 1969 1963 1953 1963 1968 1960 1957 1946 1932 1920 1917 1926 1918 1899 1906 1914 1895 1881 1879 1854 1853 1853 1848 1818 1848 1848 1847 1860 1851 1851 1842 1829 1824 1816 1797 1766 1726 1714 1684 1660 1660 1633 1593 1574 1541 1504 1455 1404 1374 1342 1303 1272 1251 1257 1235 1214 1189 1189
2021 2018 2012 2017 2020 2014 2008 2000 2002 2002 1989 1994 2004 2008 2032 2057 2049 2032 2008 1980 1954 1948 1944 1947 1949 1965 1980 1969 1959 1950 1953 1964 1953 1921 1926 1913 1903 1920 1917 1907 1903 1911 1878 1867 1864 1871 1876 1861 1848 1815 1847 1844 1843 1855 1843 1845 1835 1813 1820 1814 1796 1767 1732 1710 1674 1644 1649 1624 1591 1582 1542 1501 1451 1414 1376 1354 1312 1284 1274 1265 1241 1211 1192 1189
2018 2018 2013 2015 2015 2010 1999 2002 1997 2017 1996 1999 2008 2023 2041 2053 2053 2013 1992 1981 1958 1950 1951 1962 1962 1959 1974 1973 1972 1978 1966 1950 1938 1927 1919 1917 1910 1914 1910 1886 1902 1898 1882 1861 1862 1873 1869 1857 1840 1834 1839 1841 1839 1839 1840 1844 1827 1819 1812 1798 1792 1765 1709 1701 1670 1643 1628 1612 1575 1562 1545 1500 1449 1416 1382 1352 1317 1282 1281 1268 1237 1194 1174 1167
2024 2023 2012 2015 2020 2013 1999 2002 1993 2010 2011 2017 2026 2030 2048 2048 2049 2031 2007 1990 1962 1945 1956 1958 1968 1950 1951 1956 1955 1962 1951 1944 1927 1913 1914 1920 1913 1895 1888 1886 1884 1893 1881 1863 1874 1870 1869 1850 1823 1846 1842 1830 1824 1828 1837 1831 1813 1799 1795 1783 1779 1762 1701 1685 1658 1642 1615 1608 1580 1544 1516 1493 1448 1415 1401 1354 1331 1293 1286 1267 1223 1186 1187 1178
2028 2020 2017 2015 2023 2019 2004 2008 1994 1993 1991 1997 2017 2021 2039 2030 2024 2015 2004 1975 1966 1963 1963 1958 1974 1959 1949 1954 1957 1945 1934 1924 1925 1916 1909 1912 1902 1900 1897 1887 1894 1904 1902 1877 1857 1868 1866 1820 1838 1833 1829 1827 1807 1815 1819 1822 1803 1792 1794 1794 1781 1746 1697 1665 1653 1635 1613 1593 1574 1544 1513 1477 1446 1418 1388 1365 1339 1312 1319 1299 1254 1199 1170 1158
2019 2021 2019 2022 2024 2027 2015 2005 2005 1989 1988 1983 1993 1990 2002 2010 2001 1997 1995 1971 1967 1957 1966 1974 1961 1984 1963 1950 1935 1925 1936 1925 1934 1926 1915 1909 1906 1895 1880 1883 1900 1896 1890 1868 1848 1852 1838 1818 1850 1840 1832 1832 1822 1804 1811 1808 1802 1787 1762 1723 1735 1722 1686 1675 1653 1638 1613 1591 1573 1542 1507 1479 1453 1422 1386 1370 1349 1340 1346 1300 1250 1199 1167 1168
2026 2032 2027 2028 2027 2031 2022 2019 2009 2000 1995 1983 1979 1981 1990 1974 1968 1975 1988 1976 1969 1956 1958 1962 1952 1983 1972 1962 1936 1929 1923 1931 1929 1914 1915 1902 1899 1877 1871 1870 1883 1899 1878 1850 1835 1827 1804 1844 1819 1834 1826 1811 1814 1817 1801 1794 1792 1767 1755 1730 1739 1732 1686 1674 1637 1626 1609 1592 1567 1550 1514 1484 1464 1431 1388 1370 1365 1383 1363 1316 1280 1232 1201 1193
2032 2031 2030 2033 2032 2026 2022 2019 2015 2006 2007 2000 1988 1990 2019 2007 1975 1967 1990 1979 1965 1949 1960 1953 1959 1955 1965 1960 1931 1926 1928 1920 1913 1906 1901 1890 1883 1873 1851 1863 1867 1895 1885 1849 1828 1807 1813 1847 1842 1825 1810 1809 1809 1809 1807 1793 1786 1770 1750 1719 1729 1738 1686 1649 1640 1626 1603 1590 1564 1533 1511 1478 1467 1433 1395 1377 1378 1373 1354 1332 1291 1255 1235 1217
2030 2033 2045 2050 2035 2024 2018 2014 2016 2009 2007 2005 1983 1986 1990 2017 2017 1987 1984 1972 1964 1955 1955 1942 1964 1960 1969 1960 1937 1930 1917 1916 1908 1910 1913 1892 1877 1864 1841 1843 1849 1842 1852 1849 1823 1817 1828 1833 1831 1830 1822 1816 1809 1793 1794 1786 1786 1765 1751 1745 1727 1722 1671 1650 1642 1617 1601 1587 1562 1523 1502 1476 1458 1441 1422 1393 1382 1382 1362 1336 1306 1277 1258 1247
2036 2037 2041 2049 2042 2033 2021 2018 2013 2010 2008 2008 1989 1974 1979 1980 1989 2012 1998 1982 1984 1967 1951 1957 1945 1960 1963 1949 1933 1931 1919 1918 1904 1912 1899 1879 1890 1864 1863 1852 1855 1839 1829 1806 1795 1838 1834 1820 1834 1824 1822 1811 1803 1789 1773 1765 1768 1765 1750 1735 1730 1725 1678 1653 1621 1599 1589 1570 1551 1518 1499 1470 1456 1434 1414 1405 1403 1384 1359 1342 1318 1300 1304 1297
2044 2042 2046 2050 2038 2034 2028 2028 2026 2014 2008 2003 1997 1986 1976 1975 1974 2013 1989 1988 1982 1974 1959 1950 1943 1941 1945 1929 1926 1937 1923 1918 1906 1903 1894 1889 1880 1865 1870 1856 1853 1841 1809 1800 1824 1842 1833 1800 1813 1812 1797 1801 1793 1783 1771 1769 1765 1745 1763 1745 1730 1699 1684 1660 1620 1596 1576 1552 1544 1510 1500 1472 1458 1431 1407 1405 1412 1383 1361 1342 1324 1321 1286 1268
2054 2053 2049 2052 2045 2036 2037 2038 2043 2023 2018 2015 2006 1994 1983 1978 1999 1995 1983 1992 1978 1960 1943 1932 1942 1941 1944 1927 1911 1911 1906 1906 1900 1890 1876 1869 1884 1869 1859 1847 1848 1814 1804 1820 1833 1819 1826 1801 1811 1809 1802 1792 1775 1778 1761 1762 1751 1747 1747 1738 1729 1681 1668 1647 1619 1598 1581 1551 1542 1520 1504 1474 1455 1432 1424 1420 1407 1384 1364 1342 1320 1314 1285 1280
