data/Capas_SouthAmerica_5M/bio_12.asc
NCOLS 559 
NROWS 819 
XLLCORNER -81.3333333333333 
YLLCORNER -55.75 
CELLSIZE 0.0833333333333333 
NODATA_value -9999 
[rows 296 to 332 of 819, columns 420 to 503 of 559]
1478 1453 1448 1416 1379 1352 1335 1329 1346 1344 1331 1297 1236 1165 1143 1064 1090 1099 1095 1087 1072 1059 1038 1036 1034 1022 1011 996 984 965 936 905 875 878 868 879 855 864 861 858 842 769 731 702 715 678 652 665 682 675 652 640 617 659 696 691 721 760 868 948 847 784 734 713 737 764 739 736 752 788 821 811 777 741 715 691 674 675 679 684 655 663 675 694
1506 1483 1449 1422 1392 1379 1372 1370 1378 1389 1394 1362 1291 1234 1194 1107 1132 1119 1109 1081 1057 1038 1028 1019 1013 1008 999 991 977 958 929 901 854 859 867 884 869 894 904 885 864 800 751 722 694 684 674 662 668 664 659 648 644 662 731 720 744 793 914 981 896 827 785 735 737 731 715 706 729 768 799 794 763 718 697 677 673 680 672 679 671 665 673 705
1516 1454 1436 1424 1404 1395 1394 1392 1420 1441 1442 1406 1335 1269 1193 1135 1122 1129 1111 1085 1066 1042 1026 1010 992 983 975 966 948 928 871 861 845 859 878 897 890 919 928 914 864 830 778 748 722 708 684 663 682 667 656 657 650 682 710 740 781 827 890 943 920 878 817 744 734 719 697 685 684 714 756 760 748 713 683 675 661 658 675 668 655 651 670 709
1503 1466 1441 1418 1396 1396 1401 1409 1428 1439 1444 1417 1347 1267 1189 1161 1138 1133 1118 1091 1065 1050 1042 1016 990 974 965 948 901 856 834 838 833 851 862 896 904 939 967 986 882 839 806 761 736 702 682 670 671 670 657 659 665 676 684 717 785 833 905 1016 1008 941 848 739 720 700 683 671 656 676 701 725 747 690 658 658 673 670 660 650 638 635 662 711
1481 1469 1419 1382 1363 1374 1395 1398 1417 1431 1413 1389 1333 1275 1219 1188 1157 1135 1124 1102 1087 1065 1049 1027 1006 988 965 930 856 836 823 819 815 830 845 867 895 920 973 970 910 830 816 767 732 698 688 683 700 693 666 662 665 659 661 696 754 814 918 1104 1092 996 886 769 723 691 679 665 666 686 688 703 739 685 655 633 645 640 639 618 617 610 649 726
1468 1450 1399 1363 1351 1367 1373 1385 1398 1392 1374 1341 1310 1268 1220 1187 1171 1145 1135 1127 1097 1075 1042 1019 994 969 952 910 852 829 820 817 814 834 836 836 854 871 908 924 898 823 814 780 740 706 691 692 724 719 689 683 673 636 618 654 746 822 941 1080 1090 1015 915 807 739 708 695 689 699 686 666 695 686 660 625 602 591 569 576 600 608 641 678 749
1448 1422 1385 1352 1326 1341 1347 1361 1356 1349 1332 1314 1285 1246 1211 1178 1159 1142 1123 1117 1094 1081 1051 1020 994 977 944 900 858 832 816 807 807 825 817 805 813 827 857 883 877 820 806 788 749 723 709 706 715 742 721 707 698 646 612 666 720 834 980 1012 1053 1001 923 839 772 746 737 726 727 714 710 672 650 609 586 553 543 523 558 590 618 643 692 776
1439 1405 1371 1350 1324 1311 1329 1327 1325 1305 1284 1276 1256 1229 1197 1170 1148 1140 1130 1113 1095 1077 1058 1028 1010 1001 971 919 883 850 829 815 799 807 788 786 793 816 833 860 866 821 788 794 749 727 712 704 746 764 738 738 757 729 672 728 777 830 978 990 999 963 914 865 808 782 754 748 767 733 705 690 636 589 573 545 550 543 574 643 683 712 759 830
1427 1407 1378 1341 1321 1304 1301 1292 1280 1277 1259 1236 1216 1201 1194 1156 1138 1128 1111 1100 1086 1080 1060 1044 1030 1021 994 961 920 870 841 818 802 787 777 770 792 805 834 854 862 826 804 798 769 746 730 721 731 789 777 793 803 806 757 790 865 865 979 997 960 930 890 849 813 806 769 779 763 749 722 686 646 613 581 566 568 586 618 685 763 829 897 925
1408 1388 1364 1345 1316 1294 1283 1268 1253 1243 1223 1202 1190 1173 1159 1143 1127 1107 1089 1087 1073 1061 1058 1051 1041 1035 1011 966 916 874 840 816 789 781 778 773 794 806 835 854 856 836 841 807 789 761 743 737 740 765 806 864 919 892 860 868 926 886 953 1006 986 889 859 827 794 792 778 796 790 789 746 687 656 622 608 600 603 648 706 778 865 939 1004 1019
1406 1388 1355 1322 1284 1281 1270 1237 1231 1215 1186 1166 1149 1134 1124 1103 1091 1081 1070 1057 1050 1048 1045 1055 1061 1071 1055 989 924 872 841 815 793 790 786 794 804 821 832 851 860 850 841 820 804 785 772 759 757 762 842 954 1032 1037 1005 898 970 914 919 995 1030 894 827 819 776 768 763 772 778 740 707 689 681 653 633 641 683 737 816 890 980 1039 1085 1129
1392 1351 1327 1301 1272 1271 1241 1223 1197 1173 1153 1134 1123 1105 1092 1073 1067 1056 1046 1024 1005 1008 1020 1045 1072 1099 1102 1030 936 878 842 813 802 801 793 810 826 850 854 864 864 859 841 833 815 798 792 783 782 815 834 1010 1114 1104 1092 907 929 934 904 974 1058 961 798 795 765 745 728 725 729 712 677 671 714 733 717 709 782 849 932 1016 1075 1085 1146 1255
1382 1341 1304 1299 1272 1236 1215 1198 1157 1136 1127 1118 1089 1075 1059 1049 1036 1033 1018 999 959 947 989 1024 1067 1122 1132 1043 935 861 834 819 803 797 801 824 839 858 870 877 877 858 840 842 831 826 827 811 802 905 921 978 1090 1052 1082 869 796 927 918 913 1044 970 800 768 744 709 686 675 663 659 695 670 710 769 765 773 807 905 975 1053 1119 1120 1228 1361
1400 1347 1314 1294 1271 1226 1202 1172 1141 1110 1088 1071 1056 1040 1031 1021 1011 1005 997 979 949 932 953 1000 1047 1089 1073 998 901 846 825 817 813 818 814 835 847 867 887 888 880 861 841 843 845 843 837 824 815 857 972 964 1035 1073 940 817 735 905 928 957 1023 910 794 752 729 689 660 640 626 661 685 695 667 714 740 787 864 930 1009 1081 1133 1173 1307 1481
1370 1342 1302 1279 1254 1207 1168 1145 1113 1082 1063 1039 1021 1015 1015 1008 989 992 976 964 953 940 961 984 1005 1026 998 952 896 850 833 831 822 816 805 835 855 880 903 895 882 865 838 831 843 844 839 819 812 862 878 1002 987 1085 954 759 695 830 978 1019 1041 928 791 768 724 678 639 619 611 712 735 742 693 724 777 828 924 1003 1098 1206 1281 1334 1421 1613
1364 1339 1293 1270 1234 1195 1168 1132 1096 1064 1030 1018 998 994 989 986 979 976 974 962 948 950 960 972 982 986 980 952 906 878 857 833 815 814 793 828 857 895 908 911 895 876 847 824 826 827 825 808 796 804 836 916 1017 983 919 868 651 772 993 1032 1003 959 791 779 700 655 630 604 590 674 734 740 721 765 793 868 967 1064 1177 1290 1389 1458 1523 1688
1361 1336 1287 1262 1226 1198 1158 1107 1067 1028 1006 983 974 967 967 968 971 964 954 947 947 949 951 955 962 962 959 942 909 897 869 817 810 798 786 818 871 915 922 916 898 879 857 823 815 811 815 808 790 765 821 857 952 913 780 648 628 716 996 1019 975 848 801 734 667 628 615 591 597 652 697 706 733 746 820 909 1006 1134 1259 1391 1454 1489 1555 1705
1360 1336 1303 1256 1217 1183 1143 1102 1061 1020 993 970 958 960 956 954 960 959 964 953 949 941 935 930 933 936 937 924 911 896 846 805 789 772 793 824 880 941 941 913 889 858 850 818 820 810 800 823 824 771 739 767 727 674 735 661 616 692 895 929 906 782 721 664 667 609 583 572 604 611 669 675 711 767 830 955 1042 1185 1381 1502 1511 1521 1556 1694
1359 1342 1296 1254 1229 1191 1151 1095 1057 1013 967 937 936 941 949 960 958 955 951 949 935 923 908 906 908 922 923 912 901 875 817 787 776 755 778 813 856 907 912 887 863 844 831 812 798 795 788 814 799 770 732 682 682 639 622 703 620 622 788 836 859 765 653 623 627 583 549 546 600 583 659 672 711 756 828 966 1095 1258 1554 1576 1557 1535 1583 1704
1363 1346 1297 1258 1224 1186 1139 1101 1050 1004 967 948 946 949 961 958 957 955 948 945 930 916 892 893 902 910 908 890 866 824 800 777 749 739 760 780 815 845 857 843 831 818 816 798 804 796 789 801 785 721 690 673 651 615 604 602 673 592 694 726 702 752 628 613 589 560 526 527 564 567 617 632 688 722 783 938 1132 1324 1584 1642 1639 1584 1665 1753
1383 1362 1328 1281 1233 1194 1164 1114 1066 1024 997 976 972 967 972 962 962 955 952 945 934 923 900 893 905 907 898 877 834 810 785 765 729 718 735 758 782 799 801 801 792 787 791 801 832 807 807 791 791 727 674 657 641 620 597 575 583 590 615 706 635 706 633 620 578 555 530 537 531 541 553 579 608 651 729 876 1091 1335 1504 1603 1619 1671 1732 1807
1412 1388 1333 1282 1250 1228 1184 1134 1093 1065 1028 994 978 968 967 969 967 963 966 958 944 931 917 913 909 903 890 863 833 807 784 762 722 709 722 742 755 767 768 768 761 757 767 809 854 843 825 817 776 707 670 653 633 593 564 572 579 602 584 625 621 643 628 620 610 590 575 570 571 579 594 619 632 652 755 896 1103 1276 1425 1531 1561 1640 1702 1784
1410 1385 1353 1317 1271 1230 1187 1156 1123 1079 1042 1018 1005 999 992 986 978 975 970 964 948 943 924 919 916 907 886 860 837 813 791 760 729 720 718 731 743 745 744 750 745 745 756 790 861 878 852 833 765 693 672 645 630 602 561 561 562 574 572 581 599 626 634 633 621 593 576 590 592 596 614 646 643 663 759 910 1130 1280 1369 1426 1487 1595 1644 1708
1414 1397 1349 1325 1286 1241 1196 1169 1131 1096 1077 1052 1035 1019 1010 1000 996 988 975 964 956 947 938 927 919 910 889 860 839 817 796 773 744 736 728 727 740 741 742 744 747 756 768 806 892 910 871 805 737 693 677 660 635 606 576 585 572 572 576 581 594 599 614 617 624 601 597 591 593 600 621 641 646 689 791 933 1134 1256 1306 1334 1391 1481 1603 1632
1406 1361 1341 1331 1303 1275 1227 1197 1162 1134 1105 1080 1061 1046 1031 1012 1005 991 980 972 961 960 953 947 926 910 889 871 847 824 802 782 766 753 751 739 738 740 746 756 766 767 778 780 896 929 886 778 723 697 685 654 636 612 590 590 578 570 567 583 592 614 613 594 602 591 599 592 591 599 618 639 659 713 796 926 1096 1189 1251 1268 1285 1325 1421 1518
1346 1333 1330 1315 1305 1274 1253 1217 1180 1157 1139 1109 1089 1068 1051 1034 1019 1015 1010 990 980 972 964 946 928 908 882 861 843 823 811 787 777 768 767 761 753 750 803 790 784 784 774 772 826 926 878 802 735 719 693 657 633 617 596 576 562 574 569 593 617 628 607 592 588 587 596 590 593 598 614 638 665 704 798 928 1054 1131 1198 1225 1244 1265 1284 1422
1291 1311 1331 1320 1314 1308 1281 1256 1218 1192 1165 1145 1115 1091 1068 1053 1045 1035 1023 1011 995 983 974 958 937 916 882 860 840 820 803 796 786 779 772 763 758 756 810 870 845 804 770 754 831 922 866 807 760 721 682 655 634 613 584 536 530 553 546 575 602 613 619 610 595 595 603 592 587 588 602 636 649 690 803 926 1029 1089 1155 1188 1257 1223 1260 1410
1283 1292 1320 1338 1344 1328 1313 1286 1253 1210 1190 1166 1138 1112 1093 1075 1060 1050 1029 1015 1008 998 980 965 944 923 887 855 833 809 805 806 822 790 766 758 750 753 767 793 850 821 758 723 806 910 834 814 757 718 680 656 623 574 543 487 484 519 526 563 596 620 626 624 611 607 609 596 586 579 589 605 618 693 809 948 1027 1077 1148 1179 1263 1231 1393 1448
1290 1314 1323 1356 1373 1362 1351 1308 1267 1245 1221 1187 1162 1141 1115 1099 1083 1056 1044 1035 1025 1016 1000 979 957 926 883 854 831 814 814 803 815 789 772 765 752 753 756 759 765 861 790 722 769 884 820 786 758 729 694 652 610 522 475 428 432 466 501 552 593 625 646 641 629 623 616 610 600 588 582 590 648 726 829 966 1036 1075 1133 1188 1221 1291 1435 1473
1302 1333 1356 1384 1409 1410 1380 1360 1324 1286 1251 1215 1193 1173 1147 1116 1083 1069 1069 1049 1034 1028 1011 991 955 919 879 851 824 806 810 803 793 782 779 761 757 755 753 753 739 747 761 728 793 888 836 802 773 744 700 649 580 494 415 369 385 437 498 554 608 643 656 657 656 647 641 629 614 604 605 639 693 775 863 974 1024 1066 1121 1206 1282 1272 1442 1458
1328 1366 1391 1426 1463 1441 1430 1408 1359 1330 1293 1259 1219 1183 1150 1122 1108 1095 1073 1063 1048 1038 1025 999 956 915 881 845 820 799 794 789 784 779 774 765 758 761 754 744 741 729 742 747 806 895 863 824 797 763 721 668 591 513 385 317 360 435 504 578 636 654 673 680 685 679 674 665 658 651 650 688 740 819 905 980 1027 1062 1105 1226 1293 1350 1385 1438
1353 1382 1432 1475 1503 1502 1473 1437 1408 1390 1322 1281 1229 1192 1163 1139 1108 1093 1081 1066 1051 1039 1024 997 959 920 884 846 816 804 790 792 793 777 775 765 763 767 761 753 743 738 743 774 844 900 884 859 809 772 742 701 634 557 437 398 428 503 546 615 663 682 697 717 728 724 723 711 698 697 710 742 785 870 952 987 1018 1058 1093 1173 1271 1335 1359 1424
1362 1408 1487 1536 1565 1561 1538 1494 1453 1410 1345 1293 1251 1219 1188 1152 1115 1099 1086 1069 1053 1041 1025 993 962 936 892 851 818 808 801 802 792 778 778 786 778 775 778 829 836 831 765 799 867 897 905 856 810 778 758 737 691 616 561 531 541 578 605 651 682 703 722 739 773 776 770 753 744 744 770 833 839 907 967 973 1011 1039 1078 1129 1171 1226 1303 1422
1410 1463 1549 1611 1649 1655 1618 1563 1498 1428 1363 1319 1282 1234 1192 1160 1134 1116 1093 1070 1053 1033 1015 991 966 932 896 861 836 817 807 806 792 788 795 788 792 788 796 862 851 793 792 846 895 904 889 846 801 782 768 755 728 688 652 649 625 640 664 699 721 739 763 779 815 817 809 800 793 803 852 942 908 920 944 969 987 1011 1059 1148 1164 1226 1336 1460
1508 1588 1688 1761 1764 1745 1685 1613 1523 1459 1406 1344 1292 1257 1213 1173 1145 1116 1093 1072 1057 1032 1012 985 960 927 892 870 852 830 813 804 798 790 801 789 788 793 810 862 830 821 845 886 909 898 870 837 799 773 761 757 748 707 689 689 682 697 721 742 763 789 824 834 842 833 829 818 834 845 887 940 945 926 929 929 943 972 1002 1076 1136 1246 1354 1486
1587 1687 1819 1921 1910 1825 1729 1639 1561 1488 1416 1365 1294 1239 1199 1171 1136 1110 1088 1070 1051 1032 1003 975 948 921 892 874 867 844 819 809 791 783 783 783 797 803 816 864 840 829 872 906 910 888 863 828 801 778 755 742 727 718 719 719 729 743 769 782 787 809 834 849 857 854 852 832 826 855 893 913 916 910 908 905 911 927 957 1022 1137 1265 1369 1529
1641 1749 1859 2048 2004 1877 1760 1660 1578 1517 1437 1365 1290 1235 1183 1166 1129 1105 1079 1060 1045 1024 993 967 943 914 889 877 868 842 823 807 793 786 786 788 794 805 806 847 843 828 909 918 910 884 855 824 799 779 745 723 728 732 737 754 770 788 804 821 809 817 835 850 866 859 830 814 809 836 869 891 887 890 884 883 893 905 931 1022 1178 1291 1370 1527
