data/Capas_SouthAmerica_5M/bio_19.asc
NCOLS 559 
NROWS 819 
XLLCORNER -81.3333333333333 
YLLCORNER -55.75 
CELLSIZE 0.0833333333333333 
NODATA_value -9999 
[rows 480 to 519 of 819, columns 273 to 363 of 559]
171 173 175 179 180 183 187 191 195 198 202 204 203 207 209 213 221 227 236 243 253 261 271 281 293 302 313 326 336 340 346 350 355 354 355 357 361 364 371 373 377 385 391 403 415 416 423 422 423 420 420 420 417 414 419 426 434 437 442 445 469 473 473 470 470 467 455 455 463 440 435 444 450 450 445 438 439 436 426 412 394 379 365 357 360 360 363 371 371 376 398
168 172 174 176 180 182 187 192 197 200 203 207 207 211 215 217 223 229 236 245 251 262 271 280 291 301 311 322 332 338 343 350 355 356 360 362 365 372 378 382 386 388 404 415 423 424 433 427 424 418 417 419 419 419 421 430 433 438 441 443 442 447 450 450 463 463 454 454 456 443 436 434 435 438 443 444 444 433 423 413 398 385 374 374 373 371 366 372 382 394 403
164 168 173 177 179 182 187 194 197 203 207 211 213 217 221 224 229 231 236 248 256 263 272 280 289 301 310 318 326 335 342 349 355 358 362 366 371 379 384 389 395 399 406 420 420 418 431 426 423 422 422 423 423 422 423 428 433 435 437 440 440 445 447 449 444 440 437 438 439 445 438 436 431 430 435 447 446 437 427 414 401 389 379 381 387 383 379 373 374 388 399
163 167 171 175 178 183 187 192 196 202 208 213 217 219 223 227 230 235 240 249 255 264 272 280 289 298 308 317 324 332 341 349 355 360 365 368 377 384 390 395 403 409 416 419 421 424 430 426 424 426 423 423 428 423 428 429 431 437 438 441 440 442 445 448 440 437 431 428 433 442 438 438 438 433 436 442 445 434 425 416 405 395 385 387 395 388 386 381 374 373 379
159 163 169 172 178 183 188 193 198 203 207 213 218 220 225 229 232 236 243 250 257 265 273 279 289 298 306 313 322 331 339 347 355 362 369 374 381 391 399 406 412 417 423 426 428 428 430 434 430 432 431 426 429 427 430 431 435 439 438 442 442 441 444 445 439 435 429 421 427 438 437 436 439 437 438 445 443 434 424 417 407 402 392 392 400 397 391 385 384 387 378
156 162 166 172 177 182 187 192 198 202 206 212 216 221 226 231 235 239 245 251 259 267 273 280 288 297 305 313 321 329 337 344 351 360 369 378 387 395 405 411 414 420 429 431 433 436 438 438 438 436 436 434 431 433 427 430 432 436 439 440 441 440 441 443 439 434 428 424 431 436 438 439 435 436 439 446 448 437 427 421 414 409 399 396 401 404 394 389 396 393 390
154 160 165 171 177 181 186 193 199 203 209 212 216 222 228 232 237 240 247 250 258 264 274 283 291 297 304 312 317 326 337 343 351 361 369 380 388 399 409 416 421 426 432 439 441 441 441 441 441 441 440 438 439 434 432 432 434 435 435 439 438 437 438 439 436 432 425 420 426 430 435 440 438 438 443 448 449 437 433 428 421 417 410 401 400 403 403 395 400 406 398
152 157 164 170 176 179 184 191 199 203 208 214 220 224 227 232 237 241 245 250 258 266 272 280 289 296 303 310 313 321 333 342 349 360 369 380 392 403 410 418 430 435 438 446 450 449 447 445 445 442 443 443 441 439 435 434 435 431 433 435 434 433 430 433 432 429 426 423 424 424 427 432 438 440 442 451 449 439 436 432 428 427 426 418 414 410 412 409 406 410 406
152 156 161 168 175 179 184 191 198 203 205 212 219 224 228 231 237 244 247 253 258 264 271 279 286 291 299 305 309 315 324 337 346 356 369 380 393 404 413 419 429 443 448 450 454 457 453 450 446 445 444 444 441 438 435 433 433 426 426 426 424 424 427 427 426 422 423 417 417 418 421 424 427 438 443 450 446 446 444 447 442 443 441 434 427 421 417 415 412 410 409
152 158 164 166 173 180 184 190 195 202 206 213 218 223 227 233 239 244 247 255 261 265 272 277 285 291 295 301 308 314 321 333 343 353 365 377 391 401 414 422 435 444 456 458 461 461 458 455 451 448 446 442 443 440 437 432 431 428 423 422 422 421 420 419 417 414 415 409 408 412 413 418 419 424 436 440 440 447 447 452 451 450 452 444 442 438 430 421 419 415 412
152 158 163 168 172 180 184 192 199 204 208 212 216 221 226 231 238 244 250 254 262 268 273 280 284 289 293 298 305 312 317 328 339 349 359 375 388 399 413 425 437 448 459 467 466 465 460 456 453 449 449 443 441 437 434 433 429 426 425 422 421 420 416 416 413 407 406 404 401 403 403 406 410 411 413 424 432 439 450 451 447 454 447 453 441 433 433 426 419 418 418
155 158 162 168 174 180 184 191 199 204 209 213 218 221 226 231 238 243 248 255 262 271 274 279 282 288 292 296 303 309 315 323 334 347 359 370 386 399 410 426 439 448 459 467 465 465 462 460 455 451 449 441 441 437 435 429 426 424 422 421 418 416 413 408 402 397 392 388 388 390 387 390 397 398 407 414 420 435 452 448 451 452 452 457 453 437 432 430 426 426 425
154 158 162 168 174 178 183 189 197 202 204 212 218 220 226 232 238 243 249 256 262 267 274 280 285 288 291 296 301 306 311 318 332 345 356 374 386 397 409 421 437 448 455 462 466 465 463 459 455 452 454 448 441 437 437 433 428 424 422 418 414 411 406 397 390 388 381 378 379 374 373 374 380 389 405 410 408 417 440 444 446 454 461 462 460 448 436 434 432 427 429
156 160 162 168 171 175 182 189 194 200 204 208 215 219 225 232 239 245 251 258 263 268 275 279 285 289 293 297 299 304 310 320 330 345 358 374 387 397 408 420 430 445 454 459 463 464 462 458 455 453 451 446 443 437 435 433 429 424 419 417 410 405 399 391 383 379 373 368 365 358 357 359 374 389 398 406 406 409 425 447 433 448 472 465 458 445 435 442 441 438 432
155 158 163 167 172 174 181 187 191 199 205 210 215 221 226 232 240 246 252 258 264 268 274 281 285 290 295 299 302 307 313 323 333 343 356 371 384 396 408 417 426 438 446 454 458 459 457 453 453 453 450 446 444 438 437 431 430 426 418 412 407 401 391 383 375 369 364 355 351 344 341 350 363 381 402 417 414 408 420 443 430 446 462 474 461 449 454 458 453 452 439
155 158 162 167 171 176 181 188 193 200 206 209 217 220 227 235 241 245 252 257 264 269 275 280 286 292 295 302 306 313 317 325 336 347 356 368 383 392 405 415 425 435 441 446 450 451 454 453 451 450 446 442 441 440 440 432 425 420 414 410 404 397 384 375 368 359 355 347 339 335 331 340 359 366 380 393 413 406 395 429 424 439 437 469 464 442 453 461 453 454 454
154 158 165 168 172 177 183 190 196 201 205 213 219 223 228 235 242 247 252 258 262 269 275 283 290 294 298 303 310 316 323 330 338 347 357 369 381 392 402 413 421 427 437 443 446 447 453 452 448 445 445 441 439 439 438 430 420 415 413 407 397 390 379 368 360 349 343 340 326 324 324 329 339 347 365 362 391 406 386 407 408 403 437 459 469 439 458 452 453 444 455
156 161 164 169 175 179 185 191 196 201 208 213 219 225 230 234 242 247 254 259 264 271 277 285 292 297 301 307 314 318 325 333 341 349 359 369 378 390 400 410 419 425 433 440 440 443 446 449 446 445 443 439 437 437 434 431 421 415 412 403 391 383 374 362 351 337 328 330 322 319 323 327 319 323 350 346 350 381 386 363 385 394 411 425 436 428 444 440 451 451 471
155 160 165 168 175 182 186 191 197 202 208 214 219 226 230 234 243 250 256 261 267 271 279 287 292 298 306 310 314 321 330 336 343 350 359 371 384 389 395 406 414 422 434 438 441 445 447 447 445 444 442 438 435 434 433 430 421 413 404 401 390 379 367 357 343 330 317 310 310 306 310 307 291 283 313 319 293 336 339 336 367 402 369 365 394 420 435 454 474 472 473
158 160 164 168 174 180 185 189 196 202 209 215 221 226 231 236 243 251 257 264 269 275 281 288 294 301 307 312 318 325 333 339 345 353 362 375 381 386 394 403 408 414 424 433 441 444 444 444 442 442 439 432 434 435 434 428 417 410 404 399 388 377 366 354 339 326 312 298 293 298 293 274 264 254 262 260 263 294 293 303 316 345 347 376 418 433 445 449 474 487 480
154 160 164 170 175 179 184 190 197 202 210 218 222 228 234 240 246 251 257 265 270 276 283 290 293 299 308 315 322 329 336 343 349 355 364 372 380 386 392 398 404 411 419 427 438 442 442 441 444 439 437 432 432 433 432 427 417 410 405 400 387 378 365 353 338 324 308 293 290 289 268 250 256 248 240 231 227 242 269 276 285 314 346 378 415 430 451 461 463 452 467
156 163 167 168 174 180 184 189 197 203 209 217 223 228 236 243 249 252 257 264 272 277 282 290 296 300 306 316 322 328 336 342 348 357 365 372 381 387 393 400 404 409 420 429 436 440 437 441 438 433 432 431 435 433 432 425 417 409 405 400 390 382 367 349 333 319 305 292 280 271 250 247 240 234 210 205 201 210 231 258 268 305 331 378 404 416 413 417 415 410 428
156 162 167 173 175 179 185 191 198 205 212 220 225 231 237 245 251 257 260 267 273 279 283 291 298 302 308 317 320 329 337 345 352 359 368 376 382 387 393 401 404 408 419 427 432 435 436 435 432 427 432 430 432 429 429 426 417 413 408 401 388 376 362 349 330 316 303 296 286 262 249 239 215 207 216 187 176 191 214 232 247 280 319 338 379 381 364 388 375 421 455
157 161 167 172 178 183 186 193 200 207 214 222 227 233 237 246 253 260 265 270 275 280 284 289 296 302 308 315 322 328 338 343 354 364 370 377 383 391 396 400 401 407 415 423 428 428 434 433 430 431 432 429 428 426 424 423 418 416 412 400 388 373 362 345 329 317 308 302 275 254 250 225 202 195 171 160 162 187 207 225 242 259 279 320 350 349 343 350 388 390 421
157 161 165 171 178 185 190 195 201 208 216 222 225 232 239 246 253 259 265 271 275 280 288 290 295 301 308 314 323 331 339 346 352 363 372 378 382 388 392 399 404 407 407 423 425 425 425 429 428 426 428 428 429 426 425 421 415 413 411 407 390 377 362 346 332 323 314 294 276 250 241 224 202 185 174 182 184 199 212 226 242 259 280 302 314 327 331 348 358 398 427
155 160 165 169 176 184 190 195 202 208 215 220 226 233 239 246 255 261 266 272 276 277 284 292 298 304 310 317 323 331 339 347 354 362 369 375 382 387 393 400 403 411 411 417 420 422 425 428 428 426 427 432 434 432 427 424 419 415 410 405 398 380 366 354 341 326 318 291 279 257 245 235 210 202 197 205 207 211 224 235 247 263 280 295 313 324 335 347 360 377 387
157 161 166 172 177 184 189 196 203 208 215 221 229 237 242 249 254 264 269 271 275 279 285 290 295 301 308 316 322 330 337 345 354 361 367 370 379 383 390 398 404 411 411 414 415 418 422 426 427 424 426 427 429 428 430 430 426 422 420 409 400 385 371 361 347 334 319 302 284 272 262 249 231 222 211 218 220 223 234 243 254 267 284 299 312 324 338 350 358 370 378
157 160 168 171 178 184 190 197 204 209 216 220 230 236 241 247 256 263 268 271 276 282 286 290 294 301 310 316 320 330 338 346 352 362 366 372 377 384 388 395 400 406 409 409 410 415 417 421 423 422 423 426 427 428 431 427 424 424 419 413 404 389 374 363 352 338 326 314 298 284 269 259 248 238 227 227 225 232 243 254 265 275 287 303 318 329 340 351 361 375 389
158 165 169 173 177 185 191 196 203 210 216 219 226 233 240 248 254 260 264 271 276 281 284 287 295 300 306 313 318 328 335 345 354 358 363 367 372 379 386 391 398 401 405 407 409 412 413 415 417 418 420 427 430 426 424 421 422 420 413 407 399 388 378 364 354 345 332 320 306 292 281 269 261 254 247 244 243 246 255 265 278 289 300 310 321 333 347 358 366 379 387
162 168 172 175 178 182 189 198 204 212 218 222 227 233 239 246 252 257 263 267 274 278 282 286 294 299 304 312 317 325 333 344 351 353 361 366 370 376 385 392 395 398 398 401 402 404 408 407 411 416 418 424 423 424 423 421 421 417 409 404 399 389 380 368 358 349 338 327 316 307 294 283 275 271 268 262 264 268 274 281 288 299 310 318 330 343 354 -9999 371 382 389
164 168 173 178 182 186 192 198 205 214 218 223 228 235 239 244 251 258 263 266 271 274 278 284 291 297 302 310 315 324 332 339 345 349 357 361 366 372 381 389 392 391 394 396 397 401 402 405 409 412 414 421 420 419 419 420 414 412 406 402 396 391 382 373 363 354 346 336 329 321 312 301 293 288 284 280 280 281 286 291 297 307 317 325 334 344 353 -9999 376 386 391
163 167 173 180 183 188 193 200 205 212 219 224 232 238 238 245 250 254 260 262 267 270 276 281 288 294 299 307 312 320 326 333 338 344 350 355 360 366 371 382 387 389 393 394 393 399 400 402 404 409 415 417 416 414 416 413 412 412 406 402 397 389 384 377 367 360 351 344 335 329 322 316 309 302 298 292 294 295 299 305 309 315 320 332 342 347 355 -9999 379 386 391
164 168 173 180 184 188 194 201 206 212 218 224 229 234 238 241 247 250 255 258 263 269 273 278 285 290 298 304 310 316 322 329 333 341 343 348 355 361 365 371 381 387 390 392 393 396 399 402 403 407 409 411 407 406 408 403 406 406 400 400 399 394 385 378 371 363 353 349 343 338 333 327 322 315 313 308 308 309 314 317 319 325 330 338 347 352 355 -9999 376 381 392
165 171 175 181 187 190 195 200 205 212 217 222 227 231 236 237 242 247 252 255 260 268 272 276 279 284 290 298 306 312 319 325 330 339 341 344 351 356 358 366 380 385 388 388 390 389 392 397 397 399 401 401 398 399 399 397 404 406 401 404 399 393 387 381 375 367 366 358 356 347 345 342 339 333 331 325 326 329 324 326 334 344 340 346 354 358 357 -9999 -9999 -9999 390
166 172 178 182 188 192 196 203 206 211 217 220 225 228 234 238 240 248 250 254 257 261 269 272 277 282 287 293 300 310 317 322 331 337 338 341 345 351 355 365 378 382 383 386 386 386 386 391 393 395 396 398 395 394 397 399 406 406 402 404 398 394 393 387 381 374 371 371 362 362 366 365 358 354 345 344 350 346 349 357 355 361 359 359 359 360 362 367 -9999 382 392
169 174 180 185 189 193 196 202 207 211 215 219 223 229 234 237 239 243 247 252 254 259 265 268 273 280 286 291 297 303 310 319 326 332 334 339 342 346 356 366 371 376 379 380 382 382 383 387 392 393 392 391 392 395 393 401 408 410 404 401 394 402 396 390 383 378 380 384 378 384 390 391 386 384 368 373 365 371 369 376 373 368 366 361 363 365 368 371 -9999 -9999 -9999
170 175 181 187 190 194 196 201 207 210 213 217 222 228 233 239 240 243 246 248 250 256 262 266 272 277 285 288 294 298 305 313 322 326 329 333 341 345 356 363 366 371 373 375 378 381 382 384 385 388 389 390 394 396 393 402 411 412 409 401 401 407 398 395 388 383 384 391 388 406 416 417 427 419 401 396 390 390 387 381 378 369 367 366 367 368 369 -9999 -9999 -9999 -9999
172 177 183 186 191 195 197 200 206 210 216 220 223 228 233 238 240 243 247 250 253 255 262 266 273 278 283 288 292 296 300 306 314 322 327 331 338 342 352 357 363 364 368 369 373 376 378 380 380 382 384 390 391 396 397 403 407 405 404 404 406 409 403 395 392 395 396 402 403 417 424 429 424 428 411 402 400 393 380 384 384 378 369 372 372 372 370 -9999 -9999 -9999 -9999
171 177 182 186 189 193 197 201 208 213 215 218 223 227 234 238 241 244 246 250 251 255 260 266 270 277 282 285 290 292 297 304 312 318 324 329 337 343 347 351 357 361 365 366 371 373 373 374 374 376 381 385 386 397 402 403 404 404 407 402 406 405 404 400 398 402 412 405 415 419 427 427 424 426 401 401 396 393 387 386 383 374 372 373 374 375 -9999 -9999 -9999 -9999 -9999
171 177 182 186 188 193 199 202 207 213 217 222 228 229 233 237 240 244 245 249 253 255 258 263 270 277 281 283 285 288 294 301 307 314 320 329 335 341 346 349 353 358 361 365 367 370 371 370 371 375 378 380 383 397 401 403 405 404 404 404 408 409 405 406 406 412 414 414 417 420 423 422 413 417 408 398 398 394 389 385 379 376 375 376 377 377 -9999 -9999 -9999 -9999 -9999
