data/Capas_SouthAmerica_5M/bio_18.asc
NCOLS 559 
NROWS 819 
XLLCORNER -81.3333333333333 
YLLCORNER -55.75 
CELLSIZE 0.0833333333333333 
NODATA_value -9999 
[rows 78 to 116 of 819, columns 261 to 347 of 559]
485 482 468 439 408 393 393 417 423 349 338 267 318 321 295 318 335 332 327 291 303 272 273 295 297 296 275 271 259 -9999 -9999 244 240 235 237 -9999 -9999 -9999 -9999 -9999 -9999 -9999 -9999 -9999 -9999 -9999 287 294 262 265 253 -9999 -9999 266 278 278 260 273 273 -9999 -9999 -9999 -9999 -9999 -9999 -9999 -9999 -9999 -9999 -9999 -9999 -9999 -9999 -9999 -9999 -9999 -9999 -9999 -9999 -9999 -9999 -9999 -9999 -9999 -9999 -9999 -9999
457 482 444 479 464 408 416 420 444 361 344 285 329 324 279 302 286 293 314 328 306 285 271 282 308 282 266 273 258 -9999 251 271 261 270 260 253 240 232 228 237 -9999 -9999 -9999 -9999 237 248 255 235 244 255 249 252 275 272 286 290 275 279 285 273 279 275 286 281 269 -9999 -9999 -9999 -9999 -9999 -9999 -9999 -9999 -9999 -9999 -9999 -9999 -9999 -9999 -9999 -9999 -9999 -9999 -9999 -9999 -9999 -9999
464 449 483 495 496 462 427 456 469 461 307 294 295 290 278 281 282 281 289 309 299 295 262 285 277 257 246 246 249 230 235 249 266 268 264 251 251 229 223 227 219 212 255 265 255 276 287 289 288 264 271 289 299 279 284 291 291 289 284 284 295 282 291 318 291 303 245 -9999 -9999 -9999 -9999 -9999 -9999 -9999 -9999 -9999 -9999 -9999 -9999 -9999 -9999 -9999 -9999 -9999 -9999 -9999 -9999
462 464 465 478 472 428 436 449 446 450 323 291 300 290 258 275 268 286 298 303 281 283 287 304 293 266 253 245 236 236 233 245 252 253 245 247 252 249 234 246 246 246 259 284 278 299 302 317 314 306 300 277 286 276 321 322 333 327 316 307 307 299 289 294 292 279 276 275 278 264 -9999 -9999 -9999 -9999 -9999 -9999 -9999 -9999 -9999 -9999 -9999 -9999 -9999 -9999 -9999 -9999 -9999
436 458 445 455 470 457 424 454 491 414 290 274 319 289 285 277 272 303 289 293 290 287 282 307 297 268 257 250 240 244 244 250 261 253 245 251 245 253 252 259 252 236 271 286 300 304 312 316 324 322 314 282 279 297 317 318 333 336 332 326 319 308 302 296 295 284 278 289 292 290 286 278 -9999 -9999 -9999 -9999 -9999 -9999 -9999 -9999 -9999 -9999 -9999 -9999 -9999 -9999 -9999
430 451 446 453 444 469 460 459 440 448 307 300 302 290 292 287 278 283 290 285 289 282 280 277 272 267 253 247 252 249 261 262 266 264 255 255 258 252 248 255 248 252 287 293 293 293 305 319 326 318 316 313 303 306 320 320 318 316 337 327 324 327 320 305 303 289 275 282 316 324 313 282 273 257 -9999 -9999 -9999 -9999 -9999 -9999 -9999 -9999 -9999 -9999 -9999 -9999 -9999
414 402 443 461 419 441 460 453 434 407 293 306 306 312 288 267 275 290 288 283 293 289 281 273 274 264 256 256 259 257 258 259 261 271 274 270 260 257 258 264 272 269 287 295 300 304 297 296 324 321 306 297 297 293 308 307 304 320 329 330 340 339 336 331 315 304 317 328 344 330 325 319 303 305 284 278 271 270 -9999 -9999 -9999 -9999 -9999 -9999 -9999 -9999 -9999
455 473 449 434 406 396 420 404 391 404 298 302 300 296 292 276 279 290 278 290 275 280 279 275 270 259 258 255 254 258 261 269 268 277 278 275 265 261 278 282 280 287 295 295 297 298 297 309 298 301 306 285 311 299 303 309 319 327 329 332 336 339 338 329 319 320 351 348 357 364 341 334 320 316 318 321 318 287 266 267 254 -9999 -9999 -9999 -9999 -9999 -9999
442 457 445 409 403 438 425 397 407 418 323 297 286 302 287 286 282 281 276 274 272 273 276 271 270 260 261 256 253 261 262 271 271 274 278 279 269 260 263 263 285 290 280 266 291 310 311 319 293 294 310 318 308 310 304 312 315 329 331 334 337 337 333 323 319 359 372 369 370 373 353 350 346 334 331 323 333 322 285 271 269 258 -9999 -9999 -9999 -9999 -9999
338 424 436 452 456 433 407 418 386 406 300 293 296 302 292 294 269 270 265 274 273 280 273 276 277 257 247 259 258 258 258 262 270 271 275 269 264 264 267 256 264 270 266 283 291 297 305 316 299 310 309 315 307 312 316 319 311 322 331 330 332 326 328 315 319 358 378 382 379 374 358 359 357 350 334 336 333 336 323 296 277 280 263 -9999 -9999 -9999 -9999
344 332 343 322 421 374 392 435 391 292 288 290 296 286 286 274 258 270 278 261 260 275 268 269 271 259 251 257 253 252 257 260 263 266 259 256 267 255 262 260 259 275 295 297 269 284 290 285 297 296 303 299 299 308 311 318 317 314 329 332 324 312 316 323 314 321 365 377 374 370 356 344 349 353 349 338 336 350 340 322 298 296 278 262 -9999 -9999 -9999
324 330 358 364 390 414 423 318 282 294 300 290 287 281 287 265 268 280 277 262 268 270 262 261 253 246 250 252 249 247 247 253 254 255 248 248 258 253 262 256 255 271 279 284 284 278 287 276 279 287 307 302 298 293 300 302 313 312 319 321 312 308 317 315 318 312 322 370 361 359 358 361 359 345 346 340 347 352 326 327 298 290 270 266 262 -9999 -9999
337 345 347 311 316 312 311 287 295 302 293 280 276 264 275 271 267 284 267 272 266 256 251 256 261 254 244 248 236 239 244 249 250 243 247 245 248 251 248 254 259 266 271 287 282 276 268 271 275 287 307 306 305 263 284 300 318 311 306 310 311 310 317 313 313 324 376 360 354 350 360 359 352 348 364 357 352 351 339 329 320 310 308 276 267 264 -9999
328 327 331 298 290 295 290 281 272 274 275 273 269 271 274 259 270 264 255 263 254 261 267 259 252 245 241 244 234 235 244 250 240 242 244 250 246 248 249 257 254 251 268 277 280 279 266 266 264 272 301 304 308 245 247 267 279 293 304 318 317 311 319 310 314 329 336 324 359 359 353 353 351 351 360 359 351 348 349 327 338 329 327 281 268 281 275
338 340 352 297 298 294 288 289 270 274 281 275 278 270 270 273 282 269 254 257 251 264 262 253 247 241 248 247 235 245 243 253 252 250 255 252 251 245 241 237 245 257 256 262 265 280 278 261 259 278 299 294 284 246 238 261 286 287 297 318 332 302 313 321 328 325 312 334 315 311 346 345 356 352 349 348 354 349 341 334 333 313 316 335 295 274 282
336 327 313 279 294 277 278 282 272 257 266 256 280 264 278 273 270 256 247 250 252 255 258 252 237 240 244 245 242 245 245 251 251 256 261 260 246 235 233 232 237 245 245 242 257 255 254 255 252 260 279 290 264 245 249 272 293 293 302 297 297 299 307 315 314 314 312 322 306 303 305 338 345 358 349 337 346 348 340 317 324 329 346 330 301 304 313
311 301 289 253 263 275 274 280 271 259 258 266 274 258 268 269 267 248 249 242 252 253 253 243 234 242 237 238 238 244 260 261 253 258 258 252 240 236 233 232 233 241 243 244 252 244 246 248 251 258 269 283 267 246 275 276 287 295 298 295 305 303 293 295 297 301 299 301 307 307 307 299 344 349 351 329 332 329 328 318 319 319 330 342 317 301 287
298 305 248 268 258 263 255 265 247 250 257 261 245 259 253 254 257 249 241 244 251 248 251 236 235 234 232 236 237 240 248 253 250 257 244 244 236 238 238 229 233 231 235 239 239 241 244 248 249 249 267 275 269 266 280 287 281 283 288 290 297 290 299 293 288 285 288 304 299 300 304 307 345 341 344 341 332 323 329 325 327 316 312 329 337 338 320
296 290 260 243 238 241 238 252 252 257 263 251 246 246 246 250 248 245 232 240 235 244 235 232 231 226 234 231 228 233 241 246 249 237 236 237 237 235 237 227 232 229 233 235 234 236 231 234 241 244 250 253 280 276 276 286 283 284 289 297 281 280 301 293 290 291 292 302 296 297 296 300 326 335 344 330 320 329 326 319 313 315 321 334 316 333 331
286 278 250 248 255 255 246 248 243 251 255 245 254 253 250 250 254 249 230 234 229 236 236 235 229 230 235 229 238 235 238 241 238 246 246 233 235 233 230 228 225 228 230 232 233 232 236 238 241 241 243 251 263 256 276 279 287 285 303 288 277 285 284 285 286 290 291 294 293 291 299 301 298 314 326 336 322 321 326 315 318 312 307 314 321 311 321
307 273 263 268 271 269 248 244 241 249 255 233 243 240 242 244 248 240 237 221 225 232 232 235 232 220 230 236 242 237 235 240 238 237 232 227 229 228 229 226 227 244 236 231 230 230 235 237 236 237 242 251 259 251 266 263 279 282 303 285 279 282 278 283 281 283 286 289 291 294 289 289 292 312 323 330 319 324 332 317 313 317 313 310 310 313 329
299 290 262 264 249 262 253 235 234 242 241 228 238 237 242 241 236 232 227 222 224 232 231 231 218 213 227 231 231 237 233 237 237 234 227 222 222 225 221 224 246 241 227 226 229 227 234 232 231 230 242 247 255 252 264 267 269 271 278 275 274 278 276 283 277 285 280 285 296 293 281 286 286 305 310 334 324 329 311 310 318 306 311 318 329 334 323
257 276 276 260 254 248 242 230 231 230 235 219 230 238 240 236 230 230 227 225 225 228 227 219 214 218 221 222 222 227 229 229 237 243 219 220 220 218 212 216 245 232 223 223 223 227 229 227 226 226 233 249 247 252 259 264 268 271 262 269 277 272 272 276 286 288 282 279 291 296 295 293 296 294 306 327 318 320 314 298 299 311 315 311 307 303 307
228 240 258 262 246 241 237 224 235 234 223 223 223 227 231 232 227 221 220 217 221 224 221 215 208 211 218 221 222 221 229 229 220 217 213 218 219 216 210 213 229 227 220 220 218 222 222 221 220 222 227 242 244 249 252 264 255 260 259 258 275 275 274 273 281 276 277 274 291 288 295 289 297 295 299 303 297 301 301 302 303 301 304 304 303 305 308
214 228 227 232 233 223 217 217 230 223 217 217 206 225 229 228 227 223 217 216 214 219 221 216 212 217 221 220 223 222 237 227 213 213 218 225 208 210 212 219 226 226 217 215 217 227 217 222 221 219 226 238 238 244 251 246 255 257 264 267 254 264 264 269 291 265 278 279 284 278 268 280 270 286 294 294 313 299 301 314 302 295 298 300 309 309 299
228 224 220 221 220 225 217 218 219 212 212 206 204 210 221 223 219 221 215 213 207 217 218 210 208 215 215 218 220 223 222 210 208 212 219 210 206 213 213 213 225 226 212 212 223 222 213 216 216 217 221 226 232 235 241 239 250 258 255 253 254 267 273 268 274 272 274 275 272 270 274 272 281 278 271 283 290 307 307 308 310 309 301 304 306 299 294
217 220 223 224 212 223 212 216 209 205 210 205 203 207 217 223 222 222 219 207 202 209 212 211 212 214 220 214 211 209 211 213 223 213 224 226 228 227 208 203 209 218 220 221 221 211 208 210 211 214 219 222 226 229 230 235 239 234 237 246 256 267 271 264 265 265 274 267 268 266 267 257 269 286 284 278 296 310 302 294 297 312 306 293 296 294 297
220 221 218 217 213 203 214 215 207 202 204 200 202 208 218 215 219 216 216 200 197 202 204 208 202 212 212 210 210 209 208 212 209 213 216 209 233 221 213 215 216 214 205 215 218 214 205 208 207 211 214 215 219 223 226 228 232 230 234 242 253 252 258 265 265 265 260 260 259 271 269 264 277 285 278 280 282 271 292 293 296 299 301 304 303 298 289
219 233 222 209 205 202 205 203 204 206 192 209 201 212 209 201 211 213 211 200 200 198 202 201 200 201 204 205 206 205 206 207 205 203 202 207 216 210 214 216 222 212 207 210 213 214 204 204 208 210 209 213 217 217 220 222 226 227 230 229 244 248 249 249 255 253 256 266 251 244 254 267 281 272 274 275 269 275 271 289 294 294 297 287 292 294 293
213 227 215 210 201 203 200 199 199 206 199 194 193 196 203 205 211 210 207 200 191 195 197 197 197 196 198 198 199 197 198 200 201 200 199 199 199 203 208 207 209 208 210 205 210 211 202 199 204 207 209 209 210 213 216 218 219 224 225 226 233 245 245 253 251 245 241 252 255 252 256 255 270 262 261 267 260 261 257 258 287 286 286 288 287 289 290
220 218 219 212 208 204 198 199 198 198 205 196 195 195 202 206 207 208 207 206 195 192 194 194 193 192 191 191 191 195 197 195 198 195 194 194 195 197 197 197 197 196 197 201 203 207 199 197 197 200 204 205 207 208 210 212 215 220 219 223 227 230 234 240 252 247 255 250 247 252 255 252 254 245 249 253 248 252 249 273 285 280 283 283 283 281 285
232 230 220 213 213 213 205 193 195 198 198 196 195 197 201 207 198 205 207 202 199 191 191 188 191 188 189 189 189 192 192 193 193 191 190 191 191 199 193 190 191 194 202 198 199 202 197 194 194 195 198 201 203 205 206 210 211 213 215 218 220 221 223 221 230 231 234 243 250 245 239 244 243 243 242 246 248 246 247 271 288 286 279 279 281 283 285
238 239 225 210 209 212 198 192 195 198 192 189 198 200 203 207 199 198 200 203 196 193 187 185 188 185 187 183 183 185 187 188 188 187 188 187 187 192 191 195 198 203 207 197 195 198 199 189 188 189 194 196 197 201 199 205 206 207 212 214 215 216 221 221 221 221 222 228 230 233 234 233 232 237 234 239 242 247 250 279 277 282 274 270 273 271 274
253 232 217 224 218 211 214 205 201 196 182 194 196 195 196 207 206 199 203 201 197 187 185 186 188 186 182 181 183 183 184 184 187 184 181 182 186 197 198 192 188 190 195 195 193 195 194 191 186 186 191 191 191 193 198 204 212 207 205 209 210 211 214 212 213 216 220 222 219 224 226 225 226 232 234 240 248 253 249 243 275 275 275 273 267 272 269
230 216 218 220 219 223 218 201 196 182 183 191 188 192 200 205 208 201 197 195 194 189 187 187 187 184 182 179 179 180 181 180 182 182 181 180 180 182 181 184 185 191 191 187 187 190 193 193 186 183 185 187 188 192 195 208 215 214 207 206 204 208 210 210 211 213 214 216 221 221 222 223 223 229 228 233 237 251 247 248 269 266 263 264 264 264 264
218 211 207 217 213 209 201 197 191 179 179 181 187 194 202 201 203 204 199 199 192 196 194 187 186 179 181 179 175 175 178 177 178 178 182 180 178 176 176 186 189 188 183 182 185 188 189 188 183 184 185 187 190 193 203 206 207 208 209 205 201 204 206 206 209 214 217 217 219 217 218 221 223 226 231 232 234 249 248 240 257 261 260 267 266 263 257
200 196 192 203 194 200 197 192 187 186 183 188 192 191 184 190 198 198 194 196 193 193 191 186 181 176 179 174 174 174 172 173 174 175 175 177 176 173 172 177 181 182 245 249 246 244 186 186 181 180 179 182 183 189 203 203 201 204 210 204 202 200 202 204 205 208 210 214 215 215 215 214 219 228 232 232 237 237 230 239 261 261 261 265 265 261 258
190 190 190 182 176 187 191 189 189 189 194 194 187 192 192 187 199 193 194 199 194 190 187 184 177 174 172 173 172 172 171 171 171 173 174 172 172 170 171 173 179 242 249 249 247 243 239 181 179 177 178 182 182 188 196 197 196 200 204 203 201 201 202 205 204 209 216 214 211 210 210 211 219 223 229 234 231 227 228 235 254 255 261 262 260 256 256
188 189 184 180 171 181 188 190 186 186 191 187 181 191 200 194 196 195 191 191 191 188 185 181 178 173 171 171 169 168 169 168 169 169 169 169 169 169 169 167 169 241 244 245 243 239 240 236 183 175 172 174 179 184 193 194 191 196 200 201 201 201 202 204 206 211 213 211 209 211 215 210 210 215 224 229 226 220 224 234 255 254 259 257 255 256 254
