data/Capas_SouthAmerica_5M/bio_14.asc
NCOLS 559 
NROWS 819 
XLLCORNER -81.3333333333333 
YLLCORNER -55.75 
CELLSIZE 0.0833333333333333 
NODATA_value -9999 
[rows 42 to 83 of 819, columns 95 to 189 of 559]
56 55 56 57 57 55 51 59 79 84 81 60 71 58 39 42 43 47 43 51 51 59 56 55 52 39 51 45 30 17 8 8 10 14 11 38 50 35 22 19 16 15 13 23 15 9 9 8 8 9 8 9 7 7 7 7 6 7 6 6 4 3 4 3 2 3 3 3 3 3 2 1 2 3 2 3 2 2 3 3 3 3 3 3 3 3 3 4 4 5 4 3 4 4 4
56 54 51 60 61 67 56 63 79 73 75 62 54 53 42 43 52 44 59 56 59 53 54 41 42 50 35 22 12 8 6 9 12 20 39 38 34 27 20 16 15 17 12 11 10 9 10 8 8 7 8 7 6 7 7 7 7 7 6 5 4 4 3 3 2 2 2 2 2 2 1 3 3 2 2 2 2 2 2 3 2 3 3 3 3 4 3 4 3 4 4 5 5 5 5
66 53 56 53 53 79 72 79 80 73 79 63 65 54 44 48 42 51 58 62 54 60 39 45 48 25 17 11 6 7 12 14 13 32 45 27 20 20 18 16 13 14 11 11 10 9 8 8 7 6 6 8 7 7 7 7 7 7 6 5 4 4 3 3 2 2 1 2 2 2 1 2 2 2 3 2 2 2 4 4 4 2 3 4 3 4 4 3 3 4 4 5 5 5 5
64 51 58 61 63 74 76 76 82 78 76 76 78 56 46 46 54 53 51 51 54 71 56 38 25 12 7 11 10 12 10 10 24 53 36 22 20 17 19 15 12 10 10 10 10 9 8 8 7 6 6 5 4 5 4 6 5 6 4 4 4 3 2 2 3 1 1 2 2 2 2 2 4 3 2 2 2 2 3 3 3 2 2 3 2 3 3 3 3 3 5 4 5 5 5
62 58 50 57 63 64 56 78 69 85 81 82 73 62 47 62 53 79 75 49 62 71 66 30 23 19 22 23 20 10 8 30 53 47 27 21 22 22 33 13 11 10 9 8 8 8 8 7 7 6 6 5 6 5 6 5 4 4 5 4 2 2 2 2 2 1 2 2 3 3 2 2 3 2 2 2 2 2 2 2 2 2 2 3 3 3 3 3 4 4 5 5 5 4 5
77 67 75 65 57 63 58 76 89 81 85 74 74 67 77 86 66 71 84 70 80 73 54 32 28 29 25 18 8 9 18 62 53 27 21 18 17 16 26 12 11 10 10 9 8 8 7 6 6 5 7 5 4 5 5 4 5 6 6 4 2 2 2 1 1 2 2 3 3 2 2 4 4 2 2 2 2 2 2 3 2 2 3 2 3 3 3 4 3 3 4 5 5 4 5
74 64 91 89 61 84 67 70 89 87 76 81 88 92 80 78 84 75 79 67 68 59 35 29 26 24 21 16 10 21 41 49 35 23 22 18 14 15 22 15 10 10 8 9 7 8 7 7 6 8 6 7 5 5 6 5 6 6 6 3 2 2 1 2 1 2 2 3 3 2 2 3 4 3 3 2 3 2 2 3 3 3 4 4 3 5 3 4 4 5 3 5 4 4 5
57 64 52 60 68 89 62 65 96 86 79 78 102 94 84 86 76 69 72 64 53 38 29 25 17 12 14 15 17 41 64 37 29 25 25 22 18 18 14 14 10 9 9 8 7 7 7 6 6 6 5 7 4 7 5 5 5 3 3 3 2 2 2 3 3 2 2 2 3 2 2 2 2 4 3 3 3 2 3 5 6 5 6 6 4 4 4 4 4 4 4 6 6 7 5
45 51 52 63 59 73 65 72 81 78 87 96 91 100 91 79 73 59 33 36 34 30 25 23 18 21 22 28 26 46 36 27 23 15 28 27 16 18 15 10 10 9 9 8 7 7 7 6 5 5 6 7 4 4 4 3 2 3 3 2 2 2 1 2 2 2 1 2 2 3 3 2 2 2 2 2 3 2 4 6 6 3 4 6 6 5 5 5 5 5 7 10 10 6 7
46 42 51 50 47 68 78 77 67 81 91 94 88 80 77 70 55 31 28 21 32 31 27 28 28 26 28 28 31 51 36 32 18 14 22 27 23 13 13 11 9 10 10 8 7 7 7 6 5 5 6 7 6 5 5 3 2 2 2 2 2 1 1 2 1 2 2 2 2 2 2 2 3 3 2 2 2 3 6 5 4 5 7 8 5 5 8 9 7 8 11 14 11 11 10
36 42 44 34 37 53 61 77 60 65 79 81 79 71 71 59 34 23 21 23 32 31 26 28 30 37 45 30 27 28 29 24 17 17 13 25 21 12 10 11 11 8 9 9 7 8 8 7 6 6 6 7 8 7 6 3 3 2 2 2 2 2 1 1 1 1 1 1 1 2 2 2 2 2 2 2 2 2 4 6 5 8 6 11 10 7 9 15 9 11 13 13 9 12 16
40 38 37 29 28 42 65 62 66 64 65 70 73 73 74 38 30 12 19 30 30 32 32 44 36 31 29 26 25 18 17 17 17 16 13 22 27 10 9 9 8 8 8 9 9 9 9 9 8 7 8 7 6 6 4 3 3 2 2 2 2 2 1 2 2 2 1 2 2 1 2 2 3 2 2 2 2 2 2 4 2 5 4 7 10 8 7 11 13 14 13 14 7 16 15
39 29 31 28 28 41 55 59 66 53 70 63 52 45 44 29 38 46 47 41 29 50 57 37 31 26 24 22 21 16 14 14 15 14 14 14 19 16 8 9 8 8 8 8 8 8 9 6 5 6 7 8 7 7 6 4 3 2 2 2 2 1 1 1 1 1 1 1 1 1 1 1 2 3 2 2 2 2 2 2 3 4 5 13 13 11 9 15 16 16 10 15 11 10 10
41 40 21 26 23 38 34 48 47 53 69 64 47 43 42 64 91 62 93 42 34 36 44 36 28 24 21 19 17 18 14 15 14 12 14 13 11 22 16 8 8 7 7 8 8 8 6 5 5 6 5 5 5 4 4 4 3 3 2 2 2 2 1 1 1 1 2 1 2 1 2 3 2 3 3 2 2 3 3 4 8 4 4 7 12 10 9 14 15 13 7 8 5 6 7
43 45 36 27 19 37 52 47 32 47 50 58 43 46 56 97 65 66 62 37 35 28 26 23 24 23 24 15 11 12 14 14 13 12 9 9 10 10 12 9 8 8 8 8 7 6 6 5 5 5 5 5 4 4 4 4 3 3 2 3 2 2 2 1 2 2 2 2 2 2 2 2 2 3 2 2 2 4 4 5 6 5 4 4 9 11 10 11 10 9 4 6 7 8 14
37 46 44 33 25 23 34 45 45 46 47 42 44 46 58 55 60 61 45 36 33 28 26 29 24 21 17 12 11 12 14 15 14 10 9 9 10 9 9 9 10 8 7 6 6 6 6 7 5 5 5 5 5 4 3 3 4 3 3 2 2 2 2 2 2 2 1 2 2 2 2 1 2 3 3 2 2 2 2 3 4 5 5 5 5 6 7 6 6 6 7 7 9 11 16
32 40 44 39 23 20 39 41 48 40 37 38 66 52 52 46 51 54 40 40 37 27 28 26 25 16 16 13 14 15 13 13 11 9 9 9 9 10 9 9 8 7 7 7 6 6 5 6 5 5 5 6 5 4 4 4 4 3 3 3 2 2 2 2 2 2 1 1 2 2 2 2 3 3 3 3 3 2 2 3 3 3 3 3 3 3 6 9 7 8 10 12 13 13 18
33 40 46 43 29 25 30 38 31 38 33 31 54 103 92 77 61 50 50 44 41 29 26 23 19 20 18 12 13 12 13 12 12 10 10 10 9 9 10 9 8 8 8 7 6 7 6 6 5 5 5 7 5 4 4 4 3 3 3 3 2 3 2 2 3 2 2 2 3 2 2 3 3 3 3 3 3 3 3 3 3 3 3 3 4 6 7 10 10 9 10 14 13 11 15
32 44 46 46 29 21 20 32 33 33 24 26 19 85 115 114 87 55 51 47 38 28 25 22 20 19 12 14 14 14 14 12 10 12 10 9 8 9 8 8 7 8 7 7 7 6 6 6 6 6 5 5 4 4 4 4 4 3 4 3 5 5 4 2 3 4 4 4 3 5 5 2 2 2 2 3 3 2 3 3 3 3 3 4 8 12 8 10 11 8 8 10 10 12 17
34 44 43 50 36 27 9 25 28 26 23 32 31 37 100 106 69 67 50 49 37 32 24 22 20 20 12 13 15 14 13 12 11 10 11 9 9 9 8 7 8 7 7 8 8 6 6 6 7 9 10 8 5 4 4 4 4 5 5 3 3 4 5 4 4 4 3 3 4 3 3 2 2 3 2 3 4 3 3 3 3 3 3 5 7 11 11 13 12 10 10 11 11 12 13
47 44 48 49 39 25 12 20 19 23 27 32 42 68 109 125 97 74 50 48 41 33 25 22 18 17 12 13 13 12 11 11 11 10 10 10 10 9 8 9 10 8 8 7 7 6 6 6 6 9 9 6 5 4 4 4 5 4 4 3 3 3 3 4 4 3 3 4 2 2 2 3 3 3 3 4 4 3 3 3 4 4 4 6 10 10 11 11 11 12 13 12 14 11 12
51 51 49 48 42 30 17 28 22 24 27 38 54 71 112 117 101 82 54 46 43 31 24 21 13 13 13 14 13 12 13 12 11 12 11 10 9 8 9 10 9 8 8 8 8 7 6 6 6 6 6 4 5 5 5 5 5 5 5 4 4 4 4 4 4 4 4 4 4 4 5 6 4 4 4 4 3 4 2 4 4 4 6 8 9 12 9 10 13 15 13 14 13 14 13
61 54 53 46 42 17 13 23 25 17 31 42 80 99 77 83 85 65 59 44 36 30 23 21 16 15 15 14 14 13 12 13 11 11 11 10 10 10 10 9 9 8 8 8 8 7 6 6 6 7 9 7 6 5 5 5 5 6 6 6 5 4 4 5 5 5 4 4 4 5 6 7 5 5 5 4 3 4 4 6 7 5 8 8 8 12 15 18 17 15 15 13 13 13 16
49 48 53 47 43 34 19 9 16 17 21 46 74 92 65 75 85 77 47 41 41 34 27 24 16 14 16 15 13 15 15 12 11 10 12 12 11 10 10 9 9 8 9 9 8 7 7 6 8 10 7 6 5 5 6 5 5 6 5 5 5 5 5 5 5 5 5 5 4 5 5 5 7 6 6 5 4 7 7 8 11 5 7 7 9 13 17 23 16 14 16 15 14 14 18
65 53 47 49 50 42 24 12 10 17 19 41 78 54 97 103 105 79 70 41 42 32 25 20 14 18 18 16 16 14 12 12 10 11 10 10 10 10 9 9 8 8 9 9 8 8 7 7 7 6 6 6 6 6 7 6 6 5 6 6 6 5 5 6 5 5 6 5 5 6 5 5 8 4 6 5 5 6 7 14 22 8 8 7 10 15 16 21 18 14 14 16 15 16 17
59 49 50 52 43 50 29 17 11 18 20 43 45 85 112 98 83 97 90 59 37 34 24 20 15 18 18 16 16 14 14 13 12 11 11 11 10 9 9 9 9 9 8 8 8 8 7 7 7 7 7 7 6 6 6 6 7 8 8 8 6 5 8 8 6 6 7 6 6 6 6 5 5 6 9 5 4 6 10 10 22 7 6 6 8 16 16 17 20 15 15 17 14 14 17
47 43 50 53 42 53 38 23 21 13 10 19 22 54 109 110 117 100 97 73 35 32 22 20 15 16 18 17 15 13 12 12 12 14 12 10 10 10 10 10 10 9 9 8 8 8 8 8 7 7 7 7 7 7 6 7 9 7 8 8 8 6 6 7 6 6 6 6 7 6 7 5 7 6 8 7 5 7 11 11 12 8 7 8 7 18 26 19 22 20 17 15 14 13 20
41 62 55 55 53 48 49 23 30 13 7 12 10 11 21 26 90 104 102 79 32 26 21 19 14 17 19 20 15 12 11 11 10 11 13 12 11 11 10 9 10 10 10 10 10 8 8 8 8 8 8 8 7 7 7 7 10 9 8 9 8 7 7 6 7 7 7 7 7 7 6 7 6 6 7 7 7 13 11 11 9 7 8 8 9 21 29 19 18 17 14 14 18 21 23
35 57 57 41 37 50 49 33 32 23 14 7 2 9 20 13 34 107 108 76 37 26 21 18 14 19 19 20 16 14 12 12 11 11 10 11 11 11 10 10 11 10 10 9 10 9 9 9 8 8 8 8 8 8 8 8 8 9 8 9 10 7 7 8 9 8 8 8 8 8 8 6 6 8 8 8 8 11 11 12 8 9 9 8 9 11 23 24 21 16 15 16 15 19 25
46 57 60 58 55 53 44 31 24 22 19 15 3 1 4 3 13 53 65 48 31 22 20 15 15 20 19 16 17 15 15 14 13 12 11 10 12 12 11 11 10 9 9 9 9 9 9 9 8 9 9 9 8 9 8 8 8 8 8 8 7 8 9 8 11 9 9 9 10 10 10 8 9 9 11 9 10 9 9 10 9 8 9 10 9 15 22 18 23 21 16 18 17 21 23
50 52 58 57 53 47 41 30 25 22 22 20 10 2 1 7 21 52 22 27 26 21 18 15 17 20 19 16 18 16 15 14 13 12 14 13 13 12 12 13 12 13 11 10 10 10 10 9 9 8 8 9 9 8 8 7 8 8 9 9 9 8 10 9 9 8 8 9 10 9 8 9 9 9 10 14 17 10 10 10 10 10 10 11 12 15 18 30 21 21 19 22 22 20 27
61 70 60 63 39 30 27 27 24 24 17 11 4 2 6 17 57 60 27 27 24 20 17 15 18 21 20 19 23 20 15 15 13 14 14 13 13 13 13 12 11 12 12 12 13 10 11 10 10 9 9 10 9 10 10 9 9 9 9 11 9 9 11 11 11 9 10 10 11 9 11 13 11 11 13 13 11 10 10 10 10 10 11 13 16 16 17 26 26 20 18 21 20 18 26
81 64 57 65 65 31 17 24 23 34 13 2 7 10 11 52 102 53 26 20 22 19 18 18 16 20 17 15 18 16 15 15 15 15 15 14 14 15 13 13 14 14 15 13 13 11 12 10 11 10 11 11 11 9 10 11 10 10 9 10 10 10 13 12 10 11 11 12 12 11 13 15 12 13 13 13 12 10 10 11 12 12 13 15 17 19 25 23 18 18 17 22 18 19 18
62 62 56 60 48 23 13 12 17 14 19 10 12 15 44 109 94 82 26 27 19 18 17 17 18 17 14 16 16 18 16 18 17 15 14 15 14 14 14 13 14 13 14 13 12 10 11 12 12 12 10 11 11 11 11 10 10 11 10 11 11 12 13 12 12 11 14 15 15 14 14 13 15 22 14 18 14 15 16 14 13 14 17 18 18 21 19 18 18 21 19 18 19 25 21
69 63 57 67 31 18 10 10 21 26 14 13 17 23 74 93 71 98 40 32 19 19 19 18 17 15 16 15 16 18 16 17 17 15 16 15 15 16 15 14 14 15 14 13 13 13 12 12 11 12 12 11 11 12 11 12 11 12 11 13 13 12 14 13 13 17 14 14 13 18 15 17 20 15 15 16 18 17 15 13 14 16 18 21 21 23 23 23 19 21 22 24 20 28 27
72 46 31 25 19 13 14 17 24 22 11 15 15 29 95 31 57 67 27 18 17 17 18 17 17 18 20 18 18 17 17 17 16 19 17 17 16 15 15 12 14 14 15 15 14 14 14 13 11 13 11 11 11 12 13 13 13 11 13 13 13 15 16 13 14 13 18 17 18 20 20 16 17 19 15 16 17 17 15 15 14 16 21 20 23 23 22 22 21 20 29 24 28 22 22
65 45 28 19 13 19 20 22 15 10 14 18 15 25 59 59 24 47 22 17 18 17 17 19 21 21 19 17 16 18 18 20 17 17 18 17 15 14 15 14 14 12 13 14 13 12 12 12 12 12 12 11 13 14 13 13 12 12 13 14 17 18 18 15 20 18 14 13 20 24 27 19 24 15 16 21 19 21 18 16 15 14 15 16 22 19 25 25 29 29 29 30 24 25 26
41 29 30 18 18 22 21 18 9 13 16 15 21 21 21 26 33 22 25 19 19 17 17 18 17 18 19 20 18 17 17 18 19 17 17 20 17 15 15 13 13 15 15 13 13 12 13 11 13 12 12 13 14 16 15 15 17 16 16 16 18 20 20 16 16 16 19 19 21 27 21 26 18 19 19 20 24 22 20 20 18 15 15 16 18 19 25 26 27 33 25 28 22 25 31
23 20 21 25 31 26 26 17 11 12 19 16 19 18 19 21 20 19 19 18 18 18 17 16 15 17 19 21 21 19 16 19 20 18 19 17 16 15 14 14 16 15 14 13 14 13 13 12 14 14 14 15 16 17 15 15 17 15 20 20 18 16 17 20 17 21 26 33 37 21 33 28 22 22 21 23 20 23 23 19 19 16 16 17 15 20 25 27 28 26 27 31 22 24 19
18 24 25 26 24 26 17 11 13 21 18 24 18 21 19 19 15 17 19 18 19 18 16 16 15 16 22 20 16 16 16 16 17 18 17 15 15 15 15 16 18 15 14 14 14 14 14 13 14 13 15 15 16 17 20 18 20 19 17 17 21 21 21 21 21 24 23 29 31 22 21 22 18 26 21 21 22 19 20 17 18 19 17 17 25 24 18 22 21 22 29 31 24 24 20
17 23 23 19 22 17 14 11 13 33 18 26 23 22 22 19 19 20 21 18 18 18 16 17 17 16 16 16 17 16 15 16 15 16 16 15 15 15 17 19 16 14 15 15 15 16 15 14 15 16 16 17 18 21 20 19 20 22 20 22 22 20 21 21 21 31 39 41 40 25 20 22 21 23 22 20 18 18 18 21 20 21 22 21 24 28 20 19 19 19 23 26 28 23 22
17 15 16 13 17 15 13 14 13 25 28 19 22 22 23 21 20 20 19 18 16 18 18 17 17 18 17 16 17 17 17 18 19 19 16 16 18 18 16 15 15 16 16 16 16 16 16 16 16 18 17 17 18 20 20 20 20 19 18 19 21 23 23 24 23 23 28 27 34 26 22 28 25 26 25 19 25 21 27 23 14 22 22 19 22 22 22 21 21 27 30 21 25 24 23
