data/Capas_SouthAmerica_5M/bio_12.asc
NCOLS 559 
NROWS 819 
XLLCORNER -81.3333333333333 
YLLCORNER -55.75 
CELLSIZE 0.0833333333333333 
NODATA_value -9999 
[rows 259 to 295 of 819, columns 336 to 419 of 559]
2061 2058 2061 2060 2049 2045 2037 2041 2036 2027 2020 2014 2006 2005 1980 1974 1991 1986 1995 1992 1968 1963 1937 1951 1954 1930 1925 1910 1908 1905 1898 1899 1899 1880 1866 1871 1873 1886 1855 1847 1822 1807 1833 1811 1812 1830 1828 1790 1799 1803 1789 1782 1768 1771 1754 1756 1751 1737 1736 1723 1699 1687 1678 1635 1606 1587 1574 1548 1544 1525 1495 1474 1451 1425 1414 1397 1378 1380 1365 1340 1316 1287 1270 1255
2068 2067 2069 2067 2058 2047 2042 2042 2042 2030 2026 2012 2004 1996 1989 1967 1980 1986 1984 1987 1974 1962 1956 1933 1930 1928 1927 1914 1903 1913 1897 1883 1873 1877 1890 1879 1879 1865 1859 1839 1805 1817 1823 1802 1810 1809 1809 1791 1796 1791 1797 1781 1753 1758 1744 1740 1732 1720 1737 1720 1686 1681 1675 1646 1612 1584 1560 1539 1536 1522 1495 1472 1453 1423 1412 1405 1388 1375 1375 1352 1312 1279 1253 1236
2085 2083 2072 2074 2069 2063 2051 2049 2047 2049 2034 2021 2002 1995 1995 1971 1975 1983 1972 1975 1965 1950 1957 1951 1940 1937 1912 1899 1884 1907 1903 1892 1876 1865 1878 1875 1864 1855 1838 1827 1815 1825 1808 1805 1804 1799 1796 1798 1786 1785 1775 1768 1751 1745 1743 1724 1718 1718 1711 1689 1672 1667 1665 1659 1607 1589 1548 1537 1524 1519 1497 1466 1446 1437 1422 1413 1390 1377 1381 1369 1311 1275 1240 1220
2095 2091 2087 2079 2077 2073 2062 2054 2046 2044 2031 2025 2002 1988 1980 1981 1989 1974 1977 1973 1957 1952 1958 1950 1939 1936 1922 1920 1895 1890 1876 1878 1859 1861 1857 1856 1850 1835 1833 1800 1809 1821 1811 1790 1810 1790 1784 1785 1771 1771 1766 1764 1744 1748 1745 1727 1718 1702 1689 1667 1665 1661 1667 1647 1594 1580 1553 1533 1522 1520 1500 1471 1457 1436 1430 1404 1383 1364 1359 1356 1319 1270 1229 1194
2110 2104 2096 2092 2086 2077 2077 2059 2043 2036 2028 2021 2011 1987 1984 1987 1984 1971 1967 1963 1963 1958 1963 1943 1926 1934 1932 1925 1892 1892 1870 1853 1854 1836 1873 1862 1844 1835 1822 1790 1819 1812 1797 1792 1819 1800 1783 1787 1775 1765 1775 1759 1739 1745 1737 1731 1715 1694 1689 1665 1650 1651 1644 1610 1580 1563 1556 1526 1531 1501 1469 1464 1460 1445 1418 1405 1375 1357 1334 1314 1307 1273 1232 1198
2123 2113 2109 2099 2090 2074 2078 2069 2053 2038 2025 2021 2008 1992 1987 1988 1989 1972 1962 1953 1936 1939 1934 1924 1919 1925 1918 1901 1886 1887 1877 1865 1856 1854 1853 1850 1824 1803 1801 1781 1818 1811 1795 1796 1795 1797 1796 1779 1785 1766 1764 1753 1739 1744 1724 1715 1707 1689 1688 1664 1664 1648 1629 1603 1576 1565 1550 1527 1530 1501 1480 1461 1453 1438 1415 1398 1376 1349 1319 1288 1281 1273 1240 1202
2135 2128 2119 2106 2095 2082 2074 2064 2049 2034 2023 2017 1999 1985 1985 1989 1989 1992 1961 1950 1936 1940 1933 1926 1916 1899 1885 1885 1882 1884 1872 1845 1830 1849 1812 1820 1803 1788 1785 1776 1811 1822 1809 1788 1793 1787 1780 1777 1763 1764 1763 1746 1727 1729 1726 1699 1682 1668 1674 1653 1656 1640 1625 1603 1571 1555 1531 1521 1516 1505 1480 1469 1465 1432 1408 1396 1375 1338 1322 1303 1296 1255 1221 1213
2150 2143 2132 2115 2107 2096 2087 2075 2050 2041 2033 2021 2004 2002 1994 1976 1980 1976 1965 1948 1932 1931 1924 1924 1907 1886 1880 1868 1871 1852 1858 1843 1814 1810 1818 1823 1786 1781 1772 1772 1802 1822 1807 1781 1805 1798 1785 1778 1762 1759 1753 1753 1728 1727 1717 1685 1680 1667 1669 1655 1643 1639 1614 1586 1566 1547 1533 1514 1513 1509 1474 1464 1457 1431 1402 1385 1365 1349 1355 1326 1309 1281 1243 1207
2191 2163 2145 2132 2123 2112 2088 2069 2059 2050 2033 2023 2016 1998 1988 1987 1971 1969 1950 1951 1940 1930 1923 1927 1904 1886 1875 1875 1861 1857 1856 1839 1825 1813 1815 1798 1802 1779 1764 1769 1801 1799 1806 1794 1796 1783 1775 1771 1769 1767 1746 1739 1718 1730 1703 1697 1668 1662 1662 1628 1621 1632 1603 1589 1574 1544 1539 1517 1513 1508 1475 1465 1456 1429 1403 1380 1350 1346 1346 1326 1294 1280 1253 1241
2210 2176 2151 2138 2133 2114 2095 2086 2070 2051 2036 2031 2015 1999 1992 1971 1962 1957 1962 1946 1943 1921 1917 1918 1893 1888 1870 1860 1862 1834 1823 1828 1810 1805 1804 1804 1808 1778 1756 1760 1773 1771 1771 1783 1771 1772 1767 1759 1749 1735 1726 1712 1709 1709 1712 1703 1669 1661 1674 1630 1632 1633 1605 1590 1585 1542 1525 1515 1498 1500 1471 1455 1457 1424 1397 1382 1369 1340 1337 1319 1290 1270 1249 1237
2200 2180 2162 2144 2134 2108 2102 2092 2073 2052 2051 2028 2007 1993 1982 1967 1962 1950 1935 1925 1925 1904 1906 1908 1887 1875 1866 1843 1848 1838 1832 1815 1805 1808 1800 1798 1784 1783 1755 1751 1786 1773 1764 1769 1757 1756 1756 1733 1739 1727 1725 1722 1712 1706 1694 1694 1671 1653 1679 1634 1637 1646 1609 1582 1571 1549 1528 1517 1499 1483 1463 1445 1449 1426 1402 1374 1360 1340 1334 1312 1297 1279 1250 1226
2191 2176 2165 2154 2131 2118 2106 2096 2076 2054 2049 2031 2032 1995 1968 1971 1952 1958 1944 1916 1912 1903 1895 1886 1879 1872 1866 1856 1852 1842 1833 1818 1806 1784 1784 1784 1775 1790 1763 1745 1776 1781 1756 1758 1751 1759 1756 1743 1733 1723 1714 1706 1711 1709 1688 1673 1668 1647 1643 1625 1637 1647 1620 1580 1591 1562 1523 1526 1502 1481 1464 1448 1431 1417 1396 1377 1351 1306 1331 1308 1291 1262 1234 1228
2196 2183 2167 2148 2130 2120 2114 2115 2088 2067 2060 2044 2034 1997 1980 1953 1951 1929 1908 1901 1895 1890 1881 1874 1869 1862 1850 1847 1837 1809 1815 1789 1790 1780 1787 1776 1788 1780 1775 1735 1753 1753 1740 1747 1739 1748 1747 1741 1744 1727 1712 1703 1700 1710 1688 1676 1669 1662 1636 1628 1641 1650 1624 1591 1575 1557 1520 1519 1519 1482 1462 1451 1431 1422 1401 1370 1369 1357 1322 1285 1281 1267 1224 1234
2203 2188 2169 2151 2136 2129 2112 2107 2093 2070 2060 2052 2035 2002 1975 1951 1951 1939 1895 1898 1889 1887 1874 1861 1848 1832 1839 1832 1815 1809 1804 1794 1781 1787 1773 1766 1786 1773 1771 1749 1731 1744 1737 1739 1733 1728 1730 1734 1738 1723 1713 1701 1701 1714 1688 1679 1680 1673 1641 1635 1657 1635 1629 1595 1573 1567 1515 1507 1516 1479 1464 1449 1420 1416 1411 1393 1373 1333 1297 1287 1274 1258 1253 1242
2208 2186 2170 2149 2134 2142 2125 2109 2096 2085 2063 2036 1999 1991 1978 1953 1938 1929 1908 1896 1891 1886 1873 1855 1842 1832 1827 1820 1806 1790 1780 1771 1769 1777 1771 1762 1778 1767 1772 1761 1722 1736 1731 1733 1733 1729 1725 1731 1727 1717 1711 1706 1702 1691 1682 1667 1646 1653 1650 1627 1632 1621 1625 1591 1562 1538 1520 1502 1498 1479 1461 1441 1426 1419 1416 1392 1369 1337 1326 1279 1283 1259 1253 1245
2209 2188 2174 2149 2135 2131 2129 2120 2098 2080 2069 2033 2012 1975 1971 1958 1941 1926 1900 1898 1876 1870 1867 1857 1831 1822 1809 1803 1793 1783 1764 1776 1778 1758 1746 1765 1768 1750 1757 1742 1730 1740 1731 1729 1729 1718 1711 1709 1710 1713 1706 1702 1700 1680 1671 1662 1646 1654 1635 1625 1627 1602 1616 1591 1573 1555 1521 1503 1496 1483 1460 1439 1430 1426 1416 1362 1337 1348 1319 1270 1289 1252 1245 1237
2208 2192 2166 2145 2135 2119 2110 2095 2077 2075 2058 2021 2000 1959 1958 1940 1939 1914 1893 1871 1858 1856 1854 1841 1836 1818 1795 1791 1789 1776 1753 1756 1759 1751 1738 1759 1753 1747 1745 1741 1720 1734 1733 1726 1719 1722 1705 1701 1704 1704 1702 1697 1690 1675 1667 1664 1666 1669 1636 1625 1627 1612 1629 1601 1576 1553 1519 1499 1489 1473 1463 1444 1434 1430 1415 1374 1371 1348 1327 1302 1296 1268 1254 1247
2205 2185 2162 2143 2134 2130 2116 2096 2102 2078 2056 2026 1997 1979 1955 1919 1906 1896 1875 1859 1849 1840 1828 1819 1819 1808 1774 1775 1768 1753 1740 1733 1738 1731 1748 1751 1739 1748 1736 1737 1722 1730 1727 1724 1714 1702 1701 1700 1699 1703 1698 1698 1685 1670 1665 1669 1671 1644 1629 1634 1620 1600 1585 1593 1572 1547 1527 1510 1501 1475 1471 1456 1440 1450 1418 1394 1356 1354 1319 1308 1299 1290 1246 1235
2187 2168 2148 2132 2125 2131 2122 2091 2060 2060 2035 2002 1980 1954 1923 1914 1901 1880 1859 1845 1830 1833 1800 1785 1790 1764 1757 1762 1760 1728 1721 1722 1711 1721 1738 1734 1737 1737 1730 1724 1708 1714 1712 1702 1717 1696 1696 1697 1702 1706 1699 1690 1689 1677 1668 1665 1648 1647 1634 1619 1616 1606 1598 1597 1588 1556 1523 1519 1502 1480 1469 1451 1452 1441 1386 1374 1375 1364 1326 1312 1292 1274 1259 1237
2171 2155 2135 2124 2117 2107 2123 2084 2065 2030 2031 1993 1971 1950 1922 1887 1891 1866 1839 1837 1822 1813 1793 1768 1755 1747 1745 1742 1734 1721 1724 1730 1711 1725 1729 1725 1726 1726 1719 1717 1702 1699 1697 1714 1699 1700 1702 1699 1691 1689 1687 1682 1686 1682 1667 1677 1668 1642 1623 1628 1617 1604 1590 1614 1591 1553 1515 1500 1501 1497 1477 1445 1433 1435 1430 1373 1373 1360 1321 1310 1293 1282 1271 1255
2149 2135 2115 2109 2101 2088 2090 2093 2060 2019 2001 1965 1934 1925 1903 1883 1863 1843 1836 1812 1805 1807 1781 1762 1736 1729 1736 1735 1724 1722 1724 1724 1703 1713 1717 1717 1716 1702 1695 1709 1694 1686 1689 1698 1694 1688 1687 1685 1688 1688 1677 1687 1682 1679 1663 1668 1652 1641 1627 1608 1609 1593 1598 1606 1587 1556 1521 1506 1485 1502 1505 1462 1435 1442 1431 1393 1371 1364 1316 1316 1305 1293 1280 1259
2117 2103 2093 2086 2072 2076 2066 2074 2023 2006 1986 1932 1927 1896 1869 1854 1834 1827 1822 1813 1789 1774 1773 1755 1734 1725 1721 1718 1710 1711 1713 1707 1690 1701 1705 1701 1684 1674 1673 1688 1694 1693 1682 1691 1690 1682 1681 1679 1681 1676 1674 1677 1682 1674 1665 1663 1656 1645 1622 1610 1610 1606 1589 1587 1590 1558 1537 1510 1493 1484 1482 1475 1443 1438 1425 1393 1351 1379 1327 1320 1310 1266 1238 1243
2085 2080 2072 2056 2046 2058 2043 2030 2018 1998 1951 1911 1885 1866 1856 1839 1820 1817 1806 1800 1801 1772 1754 1741 1732 1716 1717 1707 1698 1702 1705 1698 1672 1690 1698 1676 1663 1660 1663 1685 1682 1681 1676 1685 1679 1677 1680 1673 1679 1677 1684 1684 1673 1663 1661 1665 1648 1629 1620 1615 1603 1590 1583 1576 1565 1569 1545 1506 1489 1474 1465 1462 1454 1432 1438 1427 1367 1383 1347 1316 1308 1269 1261 1276
2059 2060 2049 2032 2020 2032 2012 1991 2002 1962 1920 1905 1862 1847 1845 1803 1793 1805 1778 1767 1759 1749 1736 1723 1712 1700 1699 1700 1689 1688 1685 1686 1661 1687 1688 1667 1663 1654 1670 1684 1678 1667 1662 1664 1666 1681 1683 1669 1670 1680 1684 1675 1665 1668 1663 1655 1652 1624 1642 1617 1609 1597 1582 1572 1558 1555 1543 1512 1497 1476 1463 1455 1453 1428 1425 1433 1378 1384 1357 1324 1297 1294 1313 1281
2033 2032 2019 2004 1991 1992 1992 1975 1954 1923 1886 1880 1847 1818 1804 1785 1780 1781 1766 1751 1744 1742 1726 1711 1703 1687 1676 1682 1679 1673 1672 1674 1655 1680 1675 1672 1665 1660 1674 1673 1668 1662 1661 1653 1655 1673 1673 1668 1674 1677 1680 1672 1674 1666 1657 1648 1644 1635 1637 1626 1616 1607 1586 1581 1562 1549 1535 1523 1511 1496 1479 1464 1455 1441 1423 1430 1403 1397 1381 1346 1317 1319 1328 1316
2011 2000 1991 1978 1959 1958 1956 1913 1899 1896 1881 1884 1837 1797 1779 1775 1774 1760 1743 1730 1723 1714 1716 1696 1686 1660 1660 1664 1665 1670 1660 1661 1648 1669 1670 1667 1660 1657 1664 1657 1662 1664 1659 1669 1674 1677 1673 1668 1674 1669 1684 1683 1676 1671 1663 1660 1649 1642 1618 1618 1602 1593 1587 1583 1565 1540 1532 1534 1527 1511 1498 1480 1467 1463 1428 1452 1428 1403 1378 1362 1337 1344 1324 1293
1980 1974 1960 1948 1930 1921 1911 1893 1890 1888 1838 1854 1826 1792 1778 1755 1752 1752 1741 1720 1694 1694 1696 1688 1660 1638 1641 1636 1638 1654 1652 1635 1648 1661 1661 1658 1652 1657 1655 1651 1658 1655 1654 1649 1659 1661 1673 1677 1669 1662 1675 1679 1682 1665 1648 1650 1653 1646 1611 1610 1595 1587 1567 1561 1559 1546 1541 1538 1530 1528 1515 1499 1476 1454 1429 1442 1449 1396 1376 1371 1373 1361 1326 1317
1952 1944 1929 1917 1911 1889 1877 1856 1837 1837 1821 1790 1782 1767 1752 1741 1727 1728 1705 1708 1690 1670 1679 1677 1660 1655 1643 1640 1638 1646 1632 1626 1642 1648 1649 1660 1643 1641 1659 1650 1646 1652 1649 1650 1665 1666 1674 1670 1675 1666 1669 1672 1669 1667 1651 1653 1652 1630 1613 1606 1601 1600 1582 1571 1553 1551 1529 1524 1524 1521 1518 1516 1461 1450 1432 1435 1437 1433 1393 1386 1388 1364 1344 1326
1930 1922 1905 1888 1876 1869 1862 1859 1847 1824 1801 1770 1751 1747 1718 1709 1705 1708 1695 1712 1691 1660 1673 1663 1658 1648 1627 1628 1631 1624 1627 1616 1630 1637 1642 1655 1637 1638 1648 1640 1648 1646 1646 1643 1654 1663 1667 1667 1666 1675 1670 1665 1668 1661 1652 1650 1640 1637 1621 1612 1592 1594 1594 1577 1561 1545 1524 1514 1514 1511 1497 1504 1457 1446 1454 1430 1419 1413 1422 1406 1393 1380 1350 1344
1906 1891 1878 1863 1845 1834 1834 1835 1815 1776 1760 1752 1736 1738 1703 1702 1692 1682 1680 1705 1698 1656 1664 1652 1643 1643 1634 1625 1627 1629 1620 1605 1622 1634 1640 1649 1642 1642 1640 1628 1637 1646 1645 1636 1655 1655 1668 1665 1663 1673 1669 1676 1663 1665 1657 1644 1633 1633 1617 1620 1600 1587 1577 1560 1544 1531 1524 1510 1501 1503 1485 1474 1475 1461 1453 1430 1429 1442 1435 1427 1415 1407 1379 1354
1879 1865 1854 1838 1825 1808 1793 1786 1768 1755 1741 1704 1682 1669 1683 1685 1676 1666 1686 1699 1694 1678 1665 1665 1645 1637 1635 1628 1624 1625 1626 1622 1620 1630 1633 1635 1642 1638 1641 1621 1626 1639 1640 1632 1639 1655 1650 1660 1660 1667 1675 1674 1665 1664 1660 1653 1638 1631 1625 1617 1609 1579 1574 1565 1539 1528 1521 1510 1496 1493 1480 1477 1473 1471 1457 1447 1435 1450 1445 1424 1428 1417 1395 1367
1853 1843 1832 1816 1799 1788 1799 1787 1741 1725 1728 1688 1665 1639 1655 1659 1674 1681 1693 1703 1702 1676 1658 1670 1655 1644 1634 1630 1626 1617 1619 1604 1617 1619 1626 1626 1640 1636 1639 1624 1621 1627 1629 1636 1620 1641 1648 1658 1655 1665 1681 1680 1656 1662 1663 1657 1650 1637 1632 1617 1611 1588 1568 1553 1536 1521 1508 1516 1486 1490 1474 1469 1468 1461 1454 1461 1439 1455 1453 1438 1453 1443 1418 1396
1832 1824 1809 1793 1782 1769 1777 1748 1722 1706 1703 1689 1665 1632 1637 1637 1660 1664 1682 1698 1699 1680 1658 1662 1650 1639 1630 1631 1625 1620 1604 1595 1617 1620 1625 1625 1633 1630 1626 1623 1616 1631 1634 1637 1627 1663 1650 1645 1659 1665 1682 1670 1660 1656 1657 1663 1647 1647 1636 1615 1609 1579 1566 1549 1528 1515 1495 1490 1481 1492 1463 1462 1467 1462 1459 1454 1457 1456 1457 1470 1467 1457 1445 1425
1809 1800 1787 1776 1775 1750 1743 1719 1715 1703 1695 1669 1671 1640 1654 1646 1651 1674 1689 1695 1698 1678 1674 1660 1647 1633 1639 1630 1621 1626 1606 1605 1610 1617 1614 1624 1623 1614 1617 1618 1616 1629 1631 1632 1632 1657 1653 1650 1652 1655 1668 1658 1650 1661 1676 1664 1651 1643 1635 1615 1594 1583 1567 1547 1522 1510 1492 1482 1472 1461 1468 1469 1457 1465 1468 1461 1468 1477 1472 1470 1473 1460 1470 1452
1787 1782 1769 1760 1782 1777 1743 1711 1709 1698 1681 1688 1684 1638 1657 1660 1654 1680 1716 1702 1699 1666 1672 1657 1652 1655 1635 1634 1624 1616 1607 1613 1609 1620 1613 1621 1618 1603 1606 1611 1618 1619 1631 1625 1642 1642 1645 1644 1649 1666 1658 1658 1657 1660 1666 1663 1663 1640 1634 1620 1593 1583 1568 1553 1528 1506 1490 1475 1469 1465 1456 1460 1454 1462 1463 1463 1474 1480 1494 1471 1464 1465 1460 1457
1772 1761 1752 1742 1740 1773 1731 1695 1685 1701 1689 1701 1684 1662 1641 1636 1660 1698 1730 1711 1695 1679 1666 1658 1653 1645 1641 1633 1623 1611 1607 1606 1610 1615 1613 1611 1611 1602 1611 1610 1613 1616 1630 1633 1629 1634 1648 1645 1651 1653 1647 1653 1647 1662 1664 1666 1654 1647 1637 1610 1591 1562 1549 1530 1515 1515 1487 1468 1465 1467 1458 1451 1453 1460 1469 1480 1481 1479 1496 1488 1495 1505 1513 1510
1757 1747 1734 1724 1716 1749 1716 1689 1712 1679 1706 1682 1671 1673 1641 1635 1659 1683 1714 1738 1701 1695 1663 1656 1647 1636 1635 1628 1620 1607 1610 1605 1607 1615 1605 1614 1613 1603 1600 1605 1611 1616 1630 1637 1638 1643 1648 1648 1647 1653 1649 1653 1650 1655 1659 1652 1634 1640 1613 1599 1584 1561 1536 1512 1511 1518 1497 1473 1469 1462 1460 1459 1459 1465 1478 1489 1490 1483 1492 1507 1503 1511 1541 1523
