data/Capas_SouthAmerica_5M/bio_14.asc
NCOLS 559 
NROWS 819 
XLLCORNER -81.3333333333333 
YLLCORNER -55.75 
CELLSIZE 0.0833333333333333 
NODATA_value -9999 
[rows 672 to 713 of 819, columns 95 to 189 of 559]
-9999 -9999 -9999 -9999 -9999 124 109 106 102 81 82 70 85 70 60 73 69 49 44 47 51 46 41 37 26 22 21 16 14 15 14 12 9 8 8 8 7 7 6 5 5 6 6 6 6 5 5 5 5 6 6 7 7 7 7 7 7 7 7 8 8 8 9 9 9 9 9 9 9 9 9 9 9 9 9 9 9 9 9 10 10 10 10 10 10 10 10 10 10 11 10 9 10 10 10
-9999 -9999 -9999 -9999 -9999 -9999 122 118 110 92 80 84 88 78 62 74 73 69 62 57 49 35 27 31 27 19 19 18 16 14 12 10 8 8 8 7 6 6 6 6 5 5 5 6 6 5 5 5 5 6 6 6 7 8 8 7 7 7 7 7 8 8 9 9 9 9 9 9 9 9 9 9 9 9 9 9 9 9 9 9 9 9 9 9 10 10 10 10 10 10 9 9 10 10 10
-9999 -9999 -9999 -9999 -9999 117 115 112 109 97 88 73 83 87 81 76 57 51 46 49 42 30 26 24 27 22 19 15 13 12 11 9 7 7 7 6 6 6 5 5 5 5 6 6 6 5 5 5 5 5 6 6 7 7 8 7 7 8 7 8 8 8 8 8 8 9 9 9 9 9 9 9 9 9 9 9 9 9 9 9 9 9 9 9 9 9 10 10 10 10 10 9 9 9 9
-9999 -9999 -9999 -9999 -9999 129 115 109 103 87 84 75 92 71 70 65 55 47 50 42 36 31 25 21 23 21 18 15 13 11 10 9 7 7 6 6 6 6 5 5 4 4 5 5 6 6 6 5 6 6 6 6 6 7 8 7 8 8 8 8 7 8 8 9 9 9 9 9 9 9 9 9 9 9 9 9 9 9 9 9 9 9 9 9 10 10 10 10 10 10 9 9 9 9 9
-9999 -9999 -9999 -9999 129 130 123 120 107 96 87 82 93 84 64 60 57 45 42 37 32 28 26 23 21 19 16 14 12 10 10 8 7 6 6 5 5 4 4 4 4 4 4 5 6 6 5 5 5 6 6 6 6 6 7 7 7 7 7 7 8 8 8 9 9 9 8 8 9 9 9 9 9 9 9 9 9 9 9 9 9 9 9 9 9 9 9 10 10 10 9 9 9 8 9
-9999 -9999 131 -9999 132 129 116 120 113 94 100 103 95 89 84 61 52 45 40 36 34 29 25 23 20 17 15 13 12 10 9 8 7 6 6 5 4 4 4 4 4 3 3 4 5 5 4 4 5 6 6 6 6 6 6 7 7 7 7 7 7 8 8 8 8 9 8 9 9 9 9 9 9 9 9 9 9 9 9 9 9 9 9 9 9 9 9 9 10 9 9 9 9 9 8
-9999 -9999 -9999 134 123 113 94 109 102 108 103 100 78 89 79 61 58 51 47 36 32 27 25 21 18 16 14 12 11 10 9 8 7 6 5 5 4 4 4 4 3 3 3 3 4 4 4 4 5 6 6 6 6 6 7 7 7 7 6 7 7 7 8 8 8 8 9 9 9 9 9 9 9 9 9 9 9 9 9 9 9 9 9 9 9 9 9 9 9 9 9 9 9 8 8
-9999 -9999 138 136 133 121 109 103 94 91 85 94 89 74 83 70 52 48 48 38 31 30 27 23 19 16 14 13 11 10 8 7 6 5 5 5 4 4 4 3 3 3 3 3 4 4 4 4 5 6 6 6 6 6 7 7 6 6 6 7 7 7 7 8 8 8 9 9 9 9 9 9 9 9 9 9 9 9 9 9 9 9 9 9 9 9 9 9 9 9 9 9 8 8 8
-9999 -9999 -9999 134 131 117 108 99 97 98 87 92 84 79 72 64 59 55 56 48 41 35 28 24 20 17 15 13 11 9 8 7 6 5 4 4 4 4 4 3 3 3 4 4 4 4 4 4 5 5 6 6 6 6 6 7 7 7 6 6 6 7 8 8 8 8 8 9 9 9 9 9 9 9 9 9 9 9 9 9 9 9 9 9 9 9 9 9 9 8 8 8 8 8 8
-9999 -9999 -9999 -9999 -9999 127 122 116 106 95 100 80 77 70 62 61 62 59 54 41 35 32 27 22 18 16 13 12 10 8 8 6 6 6 5 4 5 5 4 3 3 3 4 4 4 4 4 4 4 5 6 6 6 6 6 6 7 6 6 6 6 7 8 8 8 8 8 9 9 9 9 9 9 9 9 9 9 9 9 9 9 9 9 9 9 9 9 8 8 8 8 8 8 8 8
-9999 -9999 137 -9999 -9999 -9999 125 114 108 111 101 73 69 68 64 64 54 47 41 35 31 27 26 22 18 15 13 11 10 9 8 7 7 7 6 5 5 4 4 4 4 4 4 5 4 4 4 5 5 6 6 6 6 6 7 7 6 6 6 6 7 7 8 8 8 8 9 9 9 9 9 9 9 9 9 9 9 9 9 9 9 9 9 9 9 9 8 8 8 8 7 7 7 7 7
-9999 -9999 135 135 -9999 126 122 -9999 116 -9999 99 79 66 64 68 59 50 43 37 34 30 28 25 21 18 16 14 12 10 9 8 8 7 7 6 6 5 5 5 5 4 4 4 5 5 4 4 4 4 5 6 6 7 7 7 6 6 6 6 6 7 7 8 8 8 8 9 9 9 9 9 9 9 9 9 9 9 9 9 9 9 9 9 9 9 8 8 8 7 7 7 7 7 7 7
-9999 -9999 -9999 133 124 129 114 109 118 111 97 90 78 67 64 56 50 44 39 36 34 28 24 23 21 18 15 13 11 9 9 8 7 7 7 6 6 5 5 5 5 5 4 5 5 4 4 3 4 5 6 6 7 7 6 6 6 6 6 6 7 7 7 8 8 9 9 9 9 9 9 9 9 9 9 9 9 9 9 9 9 9 9 9 8 8 8 7 7 7 6 6 6 6 6
145 140 139 134 133 -9999 125 -9999 -9999 102 85 85 86 82 61 61 50 47 43 40 38 35 28 23 19 16 14 12 11 10 9 8 7 8 7 7 6 6 6 6 5 5 6 5 4 4 4 4 4 6 6 6 7 7 6 6 6 6 6 6 7 6 7 7 8 8 9 9 9 9 9 9 9 9 9 9 9 9 9 9 9 9 9 8 8 8 8 7 7 7 6 6 6 6 -9999
142 140 135 130 119 119 123 -9999 122 102 99 92 82 78 74 69 61 54 43 36 32 27 24 21 18 16 14 12 11 10 10 9 8 8 7 7 7 6 6 6 6 6 6 5 4 4 4 4 5 6 7 7 7 7 7 7 7 7 6 7 7 7 8 8 8 8 9 9 9 9 9 9 9 9 9 9 9 9 9 9 9 9 9 8 8 8 7 7 7 6 6 5 5 -9999 -9999
-9999 -9999 138 135 125 -9999 -9999 117 114 111 92 84 74 68 74 59 51 45 39 33 29 26 23 20 17 15 13 11 10 9 9 9 9 9 8 7 7 7 6 6 6 6 5 4 4 4 4 4 5 6 7 7 7 7 7 6 7 8 7 7 7 8 8 8 8 9 9 9 9 9 9 9 9 9 10 10 10 9 9 9 9 9 9 8 8 8 7 7 6 6 6 5 5 -9999 -9999
-9999 135 131 130 -9999 134 112 105 109 104 99 89 77 74 71 56 47 43 40 35 31 28 25 21 17 15 14 12 11 10 10 11 10 9 9 8 8 7 7 7 6 6 5 5 4 4 4 5 5 6 7 7 6 6 6 7 7 7 7 8 7 8 8 8 9 9 9 9 9 9 9 9 9 10 10 10 10 9 9 9 9 9 9 8 8 8 7 7 6 6 6 5 5 -9999 -9999
-9999 138 -9999 137 119 131 109 98 101 93 93 99 84 81 76 71 55 43 39 33 27 24 23 22 19 17 15 14 13 12 11 11 10 9 9 8 8 8 7 7 7 7 6 5 4 4 4 5 5 5 7 7 7 7 7 7 7 7 7 7 7 8 8 8 9 9 8 9 9 10 9 9 10 10 10 9 9 9 9 9 9 9 9 8 8 8 7 7 6 6 6 5 5 5 -9999
140 133 131 125 118 116 109 100 91 93 97 87 75 70 68 69 54 50 45 38 31 26 22 20 18 16 16 15 14 13 12 11 10 9 9 9 9 8 8 7 7 7 7 6 6 4 4 5 5 6 7 7 7 7 6 7 7 7 7 7 7 8 8 8 8 8 8 9 9 10 10 10 10 10 10 9 9 10 9 9 9 9 9 9 8 8 -9999 -9999 -9999 6 -9999 -9999 5 -9999 -9999
140 136 121 106 120 120 112 101 94 95 89 78 72 70 69 71 56 46 44 37 33 29 25 21 19 17 16 15 15 14 13 12 11 10 9 9 9 9 8 8 8 7 7 6 6 5 5 5 5 5 6 7 7 7 7 7 6 6 8 8 8 8 8 8 8 8 8 9 10 10 10 10 10 10 10 10 9 10 10 9 9 9 9 -9999 -9999 -9999 -9999 -9999 -9999 -9999 -9999 -9999 -9999 -9999 -9999
135 143 135 113 114 114 109 101 92 101 79 71 72 71 70 61 55 52 44 42 38 33 30 26 22 20 18 16 15 14 13 12 11 10 10 9 9 8 8 8 8 8 8 7 6 5 6 6 7 7 7 8 7 7 7 7 7 7 7 8 8 8 8 8 8 8 9 9 10 10 10 10 10 10 10 10 10 10 10 10 10 9 9 -9999 -9999 -9999 -9999 -9999 -9999 -9999 -9999 -9999 -9999 -9999 -9999
-9999 -9999 135 -9999 121 107 102 105 108 98 82 77 77 71 67 61 53 41 39 39 36 34 30 26 22 20 18 17 14 14 13 12 11 11 11 10 9 9 9 9 9 9 8 7 6 6 6 6 7 8 7 7 7 8 8 7 7 8 8 8 8 8 9 8 8 9 9 10 10 10 10 11 10 10 10 10 10 -9999 -9999 -9999 -9999 -9999 -9999 -9999 -9999 -9999 -9999 -9999 -9999 -9999 -9999 -9999 -9999 -9999 -9999
-9999 135 122 132 -9999 112 106 110 122 119 102 98 74 65 58 50 56 49 41 33 28 26 27 25 22 20 18 17 15 14 14 13 12 12 11 11 10 10 9 9 9 9 9 8 7 6 6 6 7 8 7 7 7 8 8 8 8 8 8 8 8 8 9 9 9 9 10 10 10 11 10 10 10 10 11 11 -9999 -9999 -9999 -9999 -9999 -9999 -9999 -9999 -9999 -9999 -9999 -9999 -9999 -9999 -9999 -9999 -9999 -9999 -9999
135 128 122 130 124 128 -9999 117 114 106 92 94 81 71 64 54 53 46 39 33 31 29 26 24 22 20 18 16 15 14 14 13 12 12 11 11 11 10 10 9 9 9 9 8 8 7 7 6 6 7 7 7 8 8 8 8 8 8 8 8 8 8 8 9 9 10 10 9 10 10 10 10 10 11 11 -9999 -9999 -9999 -9999 -9999 -9999 -9999 -9999 -9999 -9999 -9999 -9999 -9999 -9999 -9999 -9999 -9999 -9999 -9999 -9999
131 123 130 124 115 116 103 100 109 101 90 75 72 63 57 61 54 47 41 35 32 28 26 23 21 20 18 16 15 14 13 13 12 12 11 11 10 10 10 9 9 9 9 9 8 7 6 6 6 8 8 8 8 8 8 8 8 8 8 8 8 9 9 9 9 9 9 9 9 10 10 10 10 11 -9999 -9999 -9999 -9999 -9999 -9999 -9999 -9999 -9999 -9999 -9999 -9999 -9999 -9999 -9999 -9999 -9999 -9999 -9999 -9999 -9999
132 133 126 119 113 110 103 105 88 93 92 85 68 60 58 60 48 42 39 34 31 28 25 23 20 18 16 15 14 14 13 12 12 12 11 11 10 10 10 10 9 9 9 9 8 7 7 7 6 7 8 8 8 8 8 8 9 9 9 9 9 9 9 9 9 9 9 9 10 10 10 11 12 -9999 -9999 -9999 -9999 -9999 -9999 -9999 -9999 -9999 -9999 -9999 -9999 -9999 -9999 -9999 -9999 -9999 -9999 -9999 -9999 -9999 -9999
131 125 129 114 118 111 102 92 84 83 82 73 67 66 61 58 50 42 36 32 29 27 23 21 18 17 15 14 14 13 13 12 12 11 11 10 10 10 10 9 9 9 9 8 9 8 7 6 6 8 8 8 8 8 8 8 8 8 8 8 9 9 9 9 9 9 9 10 10 11 12 12 13 -9999 -9999 -9999 -9999 -9999 -9999 -9999 -9999 -9999 -9999 -9999 -9999 -9999 -9999 -9999 -9999 -9999 -9999 -9999 -9999 -9999 -9999
127 117 116 117 119 100 94 86 83 83 78 73 65 59 55 50 45 39 33 29 26 24 21 19 18 16 15 14 13 13 12 11 11 11 10 10 10 9 9 9 9 9 9 9 9 8 7 7 7 8 8 8 9 9 8 8 8 8 9 8 8 9 8 9 9 9 9 10 11 11 12 13 -9999 -9999 -9999 -9999 -9999 -9999 -9999 -9999 -9999 -9999 -9999 -9999 -9999 -9999 -9999 -9999 -9999 -9999 -9999 -9999 -9999 -9999 -9999
129 124 120 111 105 95 91 88 84 75 70 62 60 55 48 43 39 35 31 27 23 21 19 17 16 15 14 13 13 12 11 11 10 10 10 10 9 9 9 9 9 9 9 9 9 8 8 9 9 8 8 8 8 8 8 8 8 8 8 8 8 8 8 8 8 9 10 10 11 12 12 -9999 -9999 -9999 -9999 -9999 -9999 -9999 -9999 -9999 -9999 -9999 -9999 -9999 -9999 -9999 -9999 -9999 -9999 -9999 -9999 -9999 -9999 -9999 -9999
128 119 119 113 102 90 88 84 77 73 67 61 57 51 48 42 36 33 29 24 21 19 17 16 14 14 13 13 12 11 10 10 9 9 9 9 9 9 9 9 9 9 9 9 9 9 9 9 9 8 8 8 8 8 7 7 7 7 7 7 7 7 8 8 8 9 10 10 11 12 13 -9999 -9999 -9999 -9999 -9999 -9999 -9999 -9999 -9999 -9999 -9999 -9999 -9999 -9999 -9999 -9999 -9999 -9999 -9999 -9999 -9999 -9999 -9999 -9999
-9999 124 116 110 103 90 84 79 77 73 63 58 52 46 44 40 35 32 29 25 21 20 18 17 16 14 13 12 11 10 9 9 9 9 8 8 8 8 9 9 9 9 9 9 9 9 9 9 9 8 8 8 8 8 7 6 7 6 6 7 7 7 8 9 10 10 10 11 12 12 -9999 -9999 -9999 -9999 -9999 -9999 -9999 -9999 -9999 -9999 -9999 -9999 -9999 -9999 -9999 -9999 -9999 -9999 -9999 -9999 -9999 -9999 -9999 -9999 -9999
119 114 111 98 98 91 84 76 72 67 64 57 51 43 39 34 32 33 29 23 21 20 18 17 15 14 12 11 10 10 9 8 8 8 8 8 8 8 8 9 9 9 9 9 9 10 10 10 10 9 9 8 8 7 6 6 6 6 7 7 8 9 9 10 11 11 11 11 12 -9999 -9999 -9999 -9999 -9999 -9999 -9999 -9999 -9999 -9999 -9999 -9999 -9999 -9999 -9999 -9999 -9999 -9999 -9999 -9999 -9999 -9999 -9999 -9999 -9999 -9999
120 111 108 100 91 87 83 78 71 65 59 54 48 43 36 31 28 28 27 21 18 15 14 12 12 12 11 10 10 9 8 8 8 8 7 7 8 8 8 8 9 9 9 9 9 10 10 10 10 9 9 8 8 7 6 6 6 6 8 8 9 10 10 11 11 11 11 11 12 12 -9999 -9999 -9999 -9999 -9999 -9999 -9999 -9999 -9999 -9999 -9999 -9999 -9999 -9999 -9999 -9999 -9999 -9999 -9999 -9999 -9999 -9999 -9999 -9999 -9999
120 114 106 98 90 86 80 75 68 63 57 52 46 43 39 32 26 21 20 17 14 12 11 10 10 9 8 8 8 8 8 7 7 7 7 7 8 8 8 8 9 9 9 9 9 10 10 10 10 9 9 8 8 6 6 6 6 7 8 8 9 10 10 11 11 11 12 12 12 12 -9999 -9999 -9999 -9999 -9999 -9999 -9999 -9999 -9999 -9999 -9999 -9999 -9999 -9999 -9999 -9999 -9999 -9999 -9999 -9999 -9999 -9999 -9999 -9999 -9999
120 117 105 100 93 86 79 73 67 61 57 50 45 40 34 28 26 19 17 15 13 11 10 10 9 8 7 6 6 6 6 6 6 7 7 7 7 8 8 9 9 9 10 10 10 10 10 10 10 9 8 8 7 6 6 6 7 7 8 9 10 10 10 10 10 11 11 12 12 12 -9999 -9999 -9999 -9999 -9999 -9999 -9999 -9999 -9999 -9999 -9999 -9999 -9999 -9999 -9999 -9999 -9999 -9999 -9999 -9999 -9999 -9999 -9999 -9999 -9999
118 110 107 99 93 84 76 69 64 59 56 50 43 38 32 29 23 18 15 13 11 10 9 9 8 8 7 5 5 4 5 5 6 6 6 7 7 8 9 9 10 10 10 10 10 11 11 11 11 10 9 8 7 7 7 7 7 7 7 8 9 9 9 10 10 10 10 11 11 12 12 -9999 -9999 -9999 -9999 -9999 -9999 -9999 -9999 -9999 -9999 -9999 -9999 -9999 -9999 -9999 -9999 -9999 -9999 -9999 -9999 -9999 -9999 -9999 -9999
110 103 109 99 93 84 76 67 58 51 48 45 37 32 27 23 20 16 14 12 9 9 8 8 8 7 6 5 4 4 4 5 5 6 6 7 7 8 9 10 10 11 12 12 11 11 13 13 13 12 10 9 8 7 7 7 7 7 7 8 8 8 9 9 10 10 10 11 11 12 12 12 -9999 -9999 -9999 -9999 -9999 -9999 -9999 -9999 -9999 -9999 -9999 -9999 -9999 -9999 -9999 -9999 -9999 -9999 -9999 -9999 -9999 -9999 -9999
93 92 99 92 84 79 69 62 57 50 43 39 37 37 32 29 25 22 19 17 10 8 8 8 7 7 6 5 4 4 5 5 5 6 6 6 7 8 9 10 10 11 12 13 13 14 15 15 14 13 11 9 8 8 7 7 7 7 7 8 8 9 9 9 10 11 11 11 11 11 12 12 12 -9999 -9999 -9999 -9999 -9999 -9999 -9999 -9999 -9999 -9999 -9999 -9999 -9999 -9999 -9999 -9999 -9999 -9999 -9999 -9999 -9999 -9999
101 97 97 87 79 71 64 60 53 46 42 38 44 42 36 36 25 22 19 16 12 11 13 12 9 7 6 6 5 5 5 5 6 6 6 7 7 8 8 9 10 11 12 13 14 16 16 16 15 14 12 10 9 8 8 8 8 8 8 8 9 9 9 10 10 10 11 11 11 12 12 12 12 12 12 12 -9999 -9999 -9999 -9999 -9999 -9999 -9999 -9999 -9999 -9999 -9999 -9999 -9999 -9999 -9999 -9999 -9999 -9999 -9999
100 95 99 90 82 69 62 55 49 44 40 38 40 42 38 33 25 21 16 14 16 14 13 12 12 11 11 9 8 7 6 5 6 6 6 7 7 8 8 8 9 11 11 13 14 15 17 17 14 13 11 10 9 8 8 8 8 8 9 9 10 10 10 10 10 11 11 11 11 11 12 12 12 12 12 12 -9999 -9999 -9999 -9999 -9999 -9999 -9999 -9999 -9999 -9999 -9999 -9999 -9999 -9999 -9999 -9999 -9999 -9999 -9999
99 95 97 88 81 76 64 53 48 47 44 40 40 42 35 29 25 22 17 18 16 14 13 11 11 11 11 9 9 8 7 6 6 6 7 7 7 8 8 8 9 10 11 12 13 13 14 14 8 8 8 7 7 8 8 8 8 8 9 9 9 9 10 11 11 11 11 11 12 12 12 12 12 12 12 12 12 12 -9999 -9999 -9999 -9999 -9999 -9999 -9999 -9999 -9999 -9999 -9999 -9999 -9999 -9999 -9999 -9999 -9999
94 101 90 82 76 74 60 53 54 50 45 40 41 36 32 28 26 24 20 18 18 14 13 12 11 11 10 9 8 8 7 6 6 7 7 7 7 8 8 8 9 10 11 11 12 13 11 10 9 10 9 8 8 8 8 8 9 9 9 10 9 10 10 10 11 11 11 11 11 12 12 12 12 12 12 12 12 12 12 -9999 -9999 -9999 -9999 -9999 -9999 -9999 -9999 -9999 -9999 -9999 -9999 -9999 -9999 -9999 -9999
