data/Capas_SouthAmerica_5M/bio_18.asc
NCOLS 559 
NROWS 819 
XLLCORNER -81.3333333333333 
YLLCORNER -55.75 
CELLSIZE 0.0833333333333333 
NODATA_value -9999 
[rows 312 to 350 of 819, columns 435 to 521 of 559]
259 264 267 268 271 274 274 275 274 277 275 273 267 256 250 241 224 218 212 204 206 216 226 235 239 242 247 245 238 241 243 243 239 232 222 382 393 413 392 344 302 296 314 332 331 318 294 290 273 256 244 238 233 235 244 250 246 247 245 259 274 290 311 330 359 380 401 429 455 474 497 510 517 512 -9999 -9999 -9999 -9999 -9999 -9999 -9999 -9999 -9999 -9999 -9999 -9999 -9999
256 262 267 272 273 276 278 278 275 276 273 271 265 258 250 236 223 216 207 208 210 218 229 230 233 237 236 405 393 398 395 237 402 396 368 352 358 341 323 333 311 297 310 308 310 304 280 266 252 252 235 228 224 232 229 238 235 241 248 257 280 293 315 348 381 398 411 430 457 481 507 519 529 -9999 -9999 -9999 -9999 -9999 -9999 -9999 -9999 -9999 -9999 -9999 -9999 -9999 -9999
258 263 268 272 275 279 279 276 272 271 273 269 264 257 247 230 221 215 206 207 210 215 224 227 226 229 230 397 391 388 389 389 401 387 371 354 335 333 319 312 326 302 298 279 290 290 273 247 238 239 226 216 213 226 218 234 233 236 242 252 277 302 325 377 397 404 413 430 457 487 514 535 547 -9999 -9999 -9999 -9999 -9999 -9999 -9999 -9999 -9999 -9999 -9999 -9999 -9999 -9999
258 264 269 273 277 278 276 275 273 271 273 268 260 250 238 230 222 212 204 206 206 211 217 220 218 217 218 387 383 390 391 392 398 384 355 342 335 329 317 314 309 313 295 252 260 254 267 240 234 228 221 212 209 216 213 223 220 230 232 239 268 304 336 386 407 413 419 438 460 486 524 559 564 -9999 -9999 -9999 -9999 -9999 -9999 -9999 -9999 -9999 -9999 -9999 -9999 -9999 -9999
263 266 270 275 277 278 277 275 275 272 274 267 258 243 236 227 221 209 205 204 205 209 212 211 211 208 207 369 382 402 395 402 394 390 363 340 335 331 323 313 307 300 293 229 254 240 255 242 239 227 221 214 214 205 202 200 202 206 213 226 258 297 342 380 396 409 423 439 462 487 532 580 587 -9999 -9999 -9999 -9999 -9999 -9999 -9999 -9999 -9999 -9999 -9999 -9999 -9999 -9999
266 271 274 278 280 281 279 279 278 276 275 267 258 245 235 226 220 208 204 204 206 206 210 208 205 203 202 356 385 410 409 403 402 384 355 343 337 330 318 309 309 299 222 220 235 238 245 244 242 240 234 230 225 221 218 217 218 217 219 240 266 301 343 373 389 401 415 431 454 484 527 583 593 586 -9999 -9999 -9999 -9999 -9999 -9999 -9999 -9999 -9999 -9999 -9999 -9999 -9999
272 276 278 280 282 281 282 281 280 279 278 269 256 246 234 224 216 207 204 202 204 206 206 204 205 343 346 355 378 410 420 408 404 378 351 344 335 330 322 310 309 200 212 217 228 239 251 252 250 245 236 233 236 232 229 223 225 222 226 244 273 319 355 369 378 390 406 419 438 475 514 561 586 578 -9999 -9999 -9999 -9999 -9999 -9999 -9999 -9999 -9999 -9999 -9999 -9999 -9999
278 281 283 281 282 283 282 281 278 276 274 265 251 242 232 223 217 209 205 202 201 204 204 204 347 351 358 369 390 426 436 416 393 367 351 345 339 326 316 307 213 208 215 222 231 241 244 247 246 248 243 243 235 229 226 222 224 227 239 254 280 330 357 364 368 375 389 408 416 459 502 542 572 567 -9999 -9999 -9999 -9999 -9999 -9999 -9999 -9999 -9999 -9999 -9999 -9999 -9999
282 283 282 283 283 283 283 281 279 271 264 257 248 239 229 221 216 212 208 209 204 203 203 204 358 367 371 382 389 434 447 423 384 363 354 348 334 325 315 303 221 217 218 221 231 238 248 246 239 240 239 246 235 225 223 218 226 232 241 255 281 329 348 356 356 356 359 375 394 439 484 523 556 -9999 -9999 -9999 -9999 -9999 -9999 -9999 -9999 -9999 -9999 -9999 -9999 -9999 -9999
290 288 289 291 287 285 285 281 274 268 259 250 243 236 228 221 215 214 212 211 209 205 203 381 378 379 384 386 390 410 451 424 395 369 363 348 331 319 312 300 217 216 224 225 236 242 250 244 237 234 231 237 225 220 219 222 229 236 238 255 286 322 339 350 351 352 351 355 384 420 472 510 536 -9999 -9999 -9999 -9999 -9999 -9999 -9999 -9999 -9999 -9999 -9999 -9999 -9999 -9999
296 295 295 294 292 288 286 284 278 270 263 251 243 235 229 221 219 216 214 212 210 208 206 385 418 407 393 384 380 415 446 419 398 377 359 338 326 317 307 290 209 210 220 222 232 239 243 245 242 234 232 236 220 212 212 216 228 227 233 256 291 318 331 345 348 357 350 358 390 425 461 500 518 -9999 -9999 -9999 -9999 -9999 -9999 -9999 -9999 -9999 -9999 -9999 -9999 -9999 -9999
303 301 299 296 294 292 291 286 281 274 266 255 244 235 228 226 222 226 217 212 210 206 206 208 383 412 399 374 361 405 439 405 398 375 355 336 325 310 285 268 196 197 211 217 229 238 246 248 245 237 233 232 224 211 202 207 214 214 231 255 298 317 331 344 350 361 360 391 404 443 463 502 506 -9999 -9999 -9999 -9999 -9999 -9999 -9999 -9999 -9999 -9999 -9999 -9999 -9999 -9999
309 307 300 299 297 296 294 291 287 280 270 257 247 240 233 233 225 225 219 216 213 208 209 208 209 375 421 388 359 385 426 399 387 373 359 342 323 304 213 193 175 178 191 207 224 237 249 255 250 240 233 226 221 210 202 195 200 216 234 259 305 319 330 341 350 357 372 403 411 444 470 498 496 -9999 -9999 -9999 -9999 -9999 -9999 -9999 -9999 -9999 -9999 -9999 -9999 -9999 -9999
315 308 304 305 300 298 297 294 291 281 270 258 251 242 234 234 229 224 220 219 213 211 209 210 210 207 368 376 363 399 431 408 394 381 369 286 267 240 203 171 152 158 179 203 223 241 253 255 251 247 237 229 219 205 197 192 204 223 238 269 305 315 328 340 353 365 366 401 405 439 463 488 -9999 -9999 -9999 -9999 -9999 -9999 -9999 -9999 -9999 -9999 -9999 -9999 -9999 -9999 -9999
317 314 311 305 303 300 299 298 293 280 268 261 252 245 235 231 228 225 222 219 215 212 213 212 209 210 359 369 374 408 362 424 409 394 309 292 272 243 209 158 129 147 175 202 228 247 254 258 253 251 245 235 224 212 199 195 207 228 252 281 302 315 325 336 352 365 379 384 397 435 473 496 -9999 -9999 -9999 -9999 -9999 -9999 -9999 -9999 -9999 -9999 -9999 -9999 -9999 -9999 -9999
321 312 308 305 301 299 297 296 291 280 268 260 253 245 240 231 230 231 224 221 215 215 216 212 212 210 364 368 389 430 362 353 342 325 312 300 285 259 225 178 161 172 200 216 239 254 261 262 262 261 255 247 233 219 211 209 222 234 267 294 300 311 320 330 343 357 370 372 389 432 465 501 508 -9999 -9999 -9999 -9999 -9999 -9999 -9999 -9999 -9999 -9999 -9999 -9999 -9999 -9999
321 312 307 302 299 295 293 291 284 277 268 257 249 242 240 235 234 230 224 223 224 218 218 219 408 413 411 380 405 445 360 359 339 323 310 304 296 279 249 227 213 215 226 235 249 258 265 267 267 271 266 256 238 227 221 226 252 247 271 296 285 306 317 327 337 345 352 364 387 423 461 495 501 -9999 -9999 -9999 -9999 -9999 -9999 -9999 -9999 -9999 -9999 -9999 -9999 -9999 -9999
320 312 308 302 297 292 288 284 278 272 261 251 244 239 235 233 234 229 227 225 224 226 224 224 425 418 388 395 432 361 361 354 337 317 309 302 298 287 271 255 257 244 248 253 264 269 272 273 273 274 266 253 240 236 232 257 298 272 271 281 285 291 306 318 330 343 360 375 395 418 451 484 491 -9999 -9999 -9999 -9999 -9999 -9999 -9999 -9999 -9999 -9999 -9999 -9999 -9999 -9999
320 313 306 299 293 291 283 279 272 267 256 248 237 235 233 231 231 230 226 227 226 223 225 230 427 405 405 425 362 367 359 345 330 313 301 294 291 289 271 263 263 259 262 270 275 279 282 286 281 273 260 249 248 243 245 271 294 292 277 269 282 286 296 305 319 338 361 380 397 420 445 472 479 -9999 -9999 -9999 -9999 -9999 -9999 -9999 -9999 -9999 -9999 -9999 -9999 -9999 -9999
316 307 301 295 291 286 280 272 266 259 253 248 240 240 237 233 232 227 223 222 222 228 229 232 428 412 409 358 367 366 355 342 325 311 298 285 278 274 269 268 268 271 274 282 284 281 283 284 279 271 260 252 255 266 261 287 290 290 279 264 276 275 282 291 306 329 353 376 392 408 438 462 469 -9999 -9999 -9999 -9999 -9999 -9999 -9999 -9999 -9999 -9999 -9999 -9999 -9999 -9999
312 303 296 289 285 280 275 265 260 255 250 248 246 244 239 236 233 227 224 222 222 228 230 230 417 417 411 370 371 367 354 337 322 308 296 277 266 267 266 270 277 284 289 293 294 284 281 279 275 269 263 256 260 268 275 281 284 284 274 262 268 266 269 275 295 319 338 365 383 402 426 449 458 -9999 -9999 -9999 -9999 -9999 -9999 -9999 -9999 -9999 -9999 -9999 -9999 -9999 -9999
304 300 295 286 280 276 269 261 253 250 253 250 253 250 242 239 235 228 225 222 222 224 230 233 402 403 347 365 372 364 351 334 320 302 287 270 248 253 264 273 285 296 305 307 304 295 285 278 274 269 267 260 260 266 270 277 279 276 272 260 261 263 264 268 289 310 326 348 369 391 414 439 450 -9999 -9999 -9999 -9999 -9999 -9999 -9999 -9999 -9999 -9999 -9999 -9999 -9999 -9999
302 296 290 283 277 272 265 259 251 253 255 252 254 253 251 246 238 230 225 220 220 224 229 238 406 413 347 353 368 364 349 335 324 303 287 266 252 256 270 282 295 307 324 330 314 301 291 280 271 270 262 261 262 265 268 270 272 271 266 259 251 257 256 262 278 295 309 332 352 375 404 430 445 -9999 -9999 -9999 -9999 -9999 -9999 -9999 -9999 -9999 -9999 -9999 -9999 -9999 -9999
295 295 288 280 277 272 265 257 256 258 258 263 258 256 252 254 244 237 224 219 222 227 233 410 419 355 354 359 369 365 352 338 325 307 292 276 269 269 278 293 306 319 337 348 331 312 295 282 275 270 262 262 265 268 273 277 274 268 260 257 252 251 249 254 263 271 285 308 335 363 395 424 444 -9999 -9999 -9999 -9999 -9999 -9999 -9999 -9999 -9999 -9999 -9999 -9999 -9999 -9999
291 290 287 281 278 273 269 267 264 264 266 265 263 261 257 256 250 243 228 225 225 231 240 419 358 360 361 367 374 370 360 345 332 316 302 292 282 281 287 299 313 326 343 346 331 312 297 283 272 262 265 266 272 277 278 278 274 267 259 254 250 248 246 247 252 252 256 277 313 347 384 418 442 -9999 -9999 -9999 -9999 -9999 -9999 -9999 -9999 -9999 -9999 -9999 -9999 -9999 -9999
290 287 287 287 282 278 277 273 274 275 271 271 269 268 266 259 254 254 243 235 235 408 355 362 364 364 366 369 381 375 366 353 339 324 310 302 295 294 299 307 316 320 327 331 317 304 291 276 265 261 265 274 281 285 277 275 271 265 259 252 249 247 245 245 246 243 247 269 301 338 371 405 433 436 -9999 -9999 -9999 -9999 -9999 -9999 -9999 -9999 -9999 -9999 -9999 -9999 -9999
291 291 289 291 290 284 283 282 283 281 280 276 270 270 269 269 263 260 252 247 248 352 358 366 372 372 371 369 383 374 368 357 343 332 319 309 305 302 303 306 314 318 320 320 304 294 286 269 260 261 271 282 291 287 274 275 271 262 258 253 249 245 241 244 250 251 258 272 297 328 357 384 408 413 -9999 -9999 -9999 -9999 -9999 -9999 -9999 -9999 -9999 -9999 -9999 -9999 -9999
293 292 293 293 292 293 294 291 295 295 290 283 277 275 277 273 266 264 262 259 435 364 368 374 378 377 379 375 381 376 371 363 351 339 332 322 313 309 309 307 311 315 313 310 298 290 281 268 260 264 274 279 280 283 278 280 267 259 256 252 249 246 242 247 252 253 261 275 302 322 344 364 379 384 -9999 -9999 -9999 -9999 -9999 -9999 -9999 -9999 -9999 -9999 -9999 -9999 -9999
295 295 295 297 302 301 300 299 304 309 300 294 288 283 277 282 277 274 273 447 366 368 368 377 381 382 377 377 376 379 375 368 358 345 333 328 320 315 312 310 310 310 308 304 297 290 283 276 269 267 267 274 276 274 274 269 260 256 256 254 249 245 244 251 257 256 268 284 307 318 327 341 356 358 342 -9999 -9999 -9999 -9999 -9999 -9999 -9999 -9999 -9999 -9999 -9999 -9999
298 297 303 307 309 307 305 306 312 313 504 306 300 294 288 286 288 282 280 369 371 371 374 378 383 381 375 382 380 378 379 371 361 344 335 333 328 323 319 315 314 309 307 301 294 289 281 274 276 271 276 277 275 273 265 262 258 256 256 254 252 252 254 261 269 269 296 299 299 311 319 324 339 333 -9999 -9999 -9999 -9999 -9999 -9999 -9999 -9999 -9999 -9999 -9999 -9999 -9999
300 305 309 315 321 313 307 309 314 320 319 316 309 305 301 302 381 378 374 375 375 377 374 376 371 370 373 380 385 385 384 378 365 345 337 339 332 326 321 316 314 309 304 299 294 290 284 275 272 274 268 273 272 271 265 260 258 254 257 260 256 258 256 258 259 261 277 295 307 306 303 313 318 311 -9999 -9999 -9999 -9999 -9999 -9999 -9999 -9999 -9999 -9999 -9999 -9999 -9999
303 311 317 323 327 318 308 308 312 521 540 320 315 314 320 309 391 382 378 376 377 377 374 365 363 365 371 378 385 387 388 384 363 342 340 336 331 328 323 315 314 309 304 299 293 288 283 278 276 275 275 271 266 263 261 260 258 258 258 262 264 265 262 260 266 271 279 289 293 290 291 299 300 291 -9999 -9999 -9999 -9999 -9999 -9999 -9999 -9999 -9999 -9999 -9999 -9999 -9999
302 312 319 325 328 327 320 317 314 523 532 529 313 522 533 399 390 384 381 381 383 384 372 357 352 357 361 371 381 386 389 386 363 343 342 343 335 325 318 317 313 307 302 299 295 290 286 282 278 277 277 274 271 270 263 262 260 257 254 258 262 266 263 268 278 287 293 298 301 291 294 293 283 -9999 -9999 -9999 -9999 -9999 -9999 -9999 -9999 -9999 -9999 -9999 -9999 -9999 -9999
302 312 321 327 330 332 337 340 327 525 518 522 522 424 412 398 384 384 384 388 391 389 376 360 349 350 355 366 374 384 385 375 351 330 334 341 332 321 315 314 307 306 304 298 292 289 289 285 283 282 280 279 280 272 263 263 259 259 253 256 260 260 268 279 288 301 306 307 302 298 301 295 280 -9999 -9999 -9999 -9999 -9999 -9999 -9999 -9999 -9999 -9999 -9999 -9999 -9999 -9999
304 315 325 330 331 332 344 599 570 529 516 516 422 421 414 398 387 384 385 388 396 397 385 368 357 353 358 369 371 373 380 371 360 327 338 340 330 318 308 309 309 308 304 299 294 290 287 290 287 283 283 284 280 270 266 265 265 261 253 268 274 266 280 292 305 316 319 316 311 309 311 308 294 -9999 -9999 -9999 -9999 -9999 -9999 -9999 -9999 -9999 -9999 -9999 -9999 -9999 -9999
505 323 330 333 544 326 326 568 558 524 516 424 415 414 412 401 387 383 381 388 402 402 391 377 364 359 365 368 369 372 375 361 364 335 325 334 334 326 311 303 302 307 300 297 291 283 283 284 286 291 292 288 284 280 274 271 274 269 265 266 272 274 289 302 315 319 323 326 321 315 316 316 -9999 -9999 -9999 -9999 -9999 -9999 -9999 -9999 -9999 -9999 -9999 -9999 -9999 -9999 -9999
522 331 335 543 334 324 529 543 540 535 444 430 417 419 415 401 389 383 379 391 406 400 391 380 371 365 369 366 365 371 369 352 353 337 348 326 337 333 314 302 298 295 294 292 288 287 295 294 292 296 295 294 291 287 281 277 279 275 265 260 263 284 303 319 328 330 331 331 326 322 323 316 -9999 -9999 -9999 -9999 -9999 -9999 -9999 -9999 -9999 -9999 -9999 -9999 -9999 -9999 -9999
536 338 343 346 550 540 534 542 538 468 470 457 440 431 419 404 393 385 381 395 407 398 389 384 375 371 370 367 366 369 361 344 339 333 320 329 332 322 308 303 307 304 298 298 303 303 302 297 296 301 299 298 296 290 290 287 286 284 267 268 277 297 314 333 341 337 338 332 331 328 327 315 -9999 -9999 -9999 -9999 -9999 -9999 -9999 -9999 -9999 -9999 -9999 -9999 -9999 -9999 -9999
538 559 573 578 555 545 541 545 545 485 494 489 465 447 435 415 398 387 392 407 406 402 391 385 380 375 373 367 364 363 355 348 350 345 343 317 312 308 307 313 320 317 311 310 306 308 304 302 297 302 304 303 299 300 299 296 293 292 287 294 299 310 328 337 345 344 337 331 328 326 326 312 -9999 -9999 -9999 -9999 -9999 -9999 -9999 -9999 -9999 -9999 -9999 -9999 -9999 -9999 -9999
