data/Capas_SouthAmerica_5M/bio_19.asc
NCOLS 559 
NROWS 819 
XLLCORNER -81.3333333333333 
YLLCORNER -55.75 
CELLSIZE 0.0833333333333333 
NODATA_value -9999 
[rows 320 to 359 of 819, columns 182 to 272 of 559]
121 119 117 159 110 106 149 149 149 146 146 145 142 87 140 140 141 143 138 132 127 127 124 122 120 118 117 116 114 114 111 108 107 106 103 103 101 101 100 100 99 97 97 97 96 96 95 93 93 92 92 90 88 88 90 89 90 91 89 89 89 91 90 93 95 93 94 93 93 94 93 94 94 96 94 95 93 92 92 91 92 91 91 93 90 91 90 87 86 86 83
123 120 119 116 114 112 108 152 154 102 149 100 98 93 141 145 146 145 145 137 131 128 128 125 123 123 121 118 119 116 115 111 109 109 107 105 104 103 100 100 99 98 97 97 96 95 96 96 94 92 91 90 90 88 87 89 89 89 89 88 88 89 90 93 94 94 92 91 89 90 96 91 92 95 93 94 93 92 91 91 92 90 93 94 91 89 91 86 83 88 85
126 124 120 117 115 114 111 109 108 107 105 102 100 96 95 149 148 149 150 145 136 135 133 131 129 127 125 124 121 119 119 114 112 111 109 108 104 103 102 101 99 99 98 96 95 96 95 96 95 94 92 91 90 89 86 87 88 87 88 88 88 88 89 91 92 93 91 89 89 90 92 94 93 94 92 92 92 92 90 91 91 89 92 91 90 88 88 86 88 87 88
131 130 125 121 122 119 118 115 111 112 111 106 103 101 98 99 155 154 154 152 147 142 137 136 133 130 130 127 125 123 120 117 114 113 111 109 107 106 103 102 101 99 99 97 96 96 94 93 94 92 91 91 89 89 87 87 88 88 88 88 88 86 87 89 90 91 90 90 89 89 90 93 94 90 90 90 89 90 90 90 90 90 92 92 92 91 91 89 86 88 90
133 132 129 127 125 123 121 120 116 113 112 109 108 107 102 104 160 161 158 157 152 146 144 141 138 135 132 130 128 125 123 119 118 116 114 112 108 107 104 103 103 100 99 98 96 95 94 93 94 92 90 91 90 88 88 87 87 88 87 87 86 87 87 88 90 89 90 91 89 88 92 94 94 92 90 89 88 89 90 92 92 91 91 93 94 92 92 89 88 89 92
137 136 132 130 130 129 124 123 123 118 115 113 113 111 107 110 167 167 164 163 160 154 148 145 141 140 137 135 130 129 126 122 120 118 115 112 111 110 107 104 102 102 100 99 97 96 95 93 93 92 90 91 89 87 88 88 88 86 87 87 87 87 87 89 88 89 91 90 90 91 92 94 92 91 90 90 91 89 91 90 92 93 91 93 94 94 93 94 94 94 93
142 141 138 135 130 130 128 129 127 123 123 119 118 115 111 114 112 174 171 167 166 162 154 151 147 143 141 139 135 132 130 125 122 120 117 114 111 110 109 106 103 100 101 100 98 96 94 95 94 94 91 92 90 87 87 89 89 88 87 86 87 88 88 87 88 90 92 91 91 93 92 91 91 90 90 93 92 92 90 90 91 92 93 95 95 94 93 95 94 94 95
149 146 144 141 137 137 134 131 130 128 127 124 124 120 117 120 118 117 176 174 170 166 163 157 151 149 146 143 138 134 132 130 125 121 118 116 114 112 110 107 105 103 101 101 100 98 95 93 92 93 91 91 91 90 88 86 89 88 88 86 87 86 87 86 88 87 88 91 93 93 92 90 91 90 91 92 92 93 92 90 91 91 93 94 95 95 95 95 96 95 94
156 153 149 147 145 143 141 136 135 133 133 132 132 127 124 126 126 188 183 181 177 171 168 164 157 151 151 148 142 138 135 133 129 123 119 115 115 111 109 107 104 103 102 100 100 98 97 94 94 94 91 90 90 90 89 88 87 87 87 87 87 85 87 87 87 86 86 89 91 94 94 91 88 87 89 90 90 92 95 93 93 91 91 94 96 97 97 96 97 96 94
161 159 155 155 153 150 148 145 142 142 141 140 139 133 129 132 133 131 128 189 186 180 174 169 164 159 154 152 147 141 139 136 132 127 123 119 117 112 110 108 107 104 103 100 99 98 98 95 94 93 92 91 90 89 89 88 88 88 85 86 85 87 87 87 86 86 88 88 90 90 91 94 91 89 89 92 91 92 93 94 94 93 93 94 96 98 98 98 99 97 95
164 163 163 162 160 158 154 154 152 152 149 149 148 142 139 140 140 140 138 196 194 188 182 178 173 164 159 156 151 147 143 139 134 131 125 122 119 116 113 109 107 105 103 101 100 98 97 97 94 94 92 90 90 89 89 89 87 87 87 86 86 86 86 87 86 86 87 89 89 92 90 91 93 94 93 93 93 93 93 95 96 96 95 96 96 98 98 100 99 99 97
171 170 171 168 167 165 163 163 163 162 159 157 156 153 151 153 153 149 211 206 203 197 191 185 179 173 166 160 157 153 147 142 138 134 129 125 122 118 115 112 108 105 102 102 101 98 96 94 94 92 92 91 90 89 88 89 88 87 86 86 86 86 87 86 87 87 88 89 90 91 92 93 93 95 94 94 94 95 95 97 97 99 98 97 98 99 99 101 101 99 100
177 176 178 176 175 177 177 174 172 173 171 170 168 166 159 160 162 162 159 218 213 206 201 195 187 179 173 168 162 158 152 146 142 137 133 128 123 119 116 112 107 105 104 101 100 98 96 95 93 93 91 91 90 90 90 88 88 87 86 86 85 86 88 88 88 88 91 90 91 92 93 95 94 96 95 96 96 95 96 97 98 98 100 100 100 100 101 102 103 102 102
186 184 186 186 188 188 189 184 182 184 183 182 182 178 173 171 171 171 168 226 222 218 212 204 194 186 178 173 167 162 156 151 144 140 135 129 125 122 117 113 108 106 105 104 102 99 97 94 94 94 91 90 90 89 90 89 89 87 87 87 87 86 88 89 87 87 89 92 94 92 95 95 96 96 96 96 98 98 99 100 101 100 100 101 101 104 105 105 104 103 102
193 194 195 196 196 199 198 196 196 195 196 193 192 189 187 183 182 182 179 178 234 228 220 212 204 197 188 179 172 166 161 155 148 141 136 130 126 122 119 113 110 106 104 103 102 100 98 95 94 95 94 90 89 90 89 88 88 88 88 88 86 86 87 88 87 88 89 93 94 95 95 97 97 97 99 99 98 99 102 103 103 104 103 102 104 104 105 106 105 104 103
202 206 207 206 207 209 207 208 209 210 209 209 206 201 201 197 191 190 187 184 241 234 228 219 211 205 197 187 177 171 166 157 152 145 138 133 127 122 119 115 111 106 104 104 103 101 99 95 95 94 93 91 90 89 89 89 89 87 87 86 87 86 87 90 88 88 90 93 95 96 96 97 99 101 103 102 103 103 104 104 105 105 105 106 106 108 109 108 107 107 106
210 214 215 216 218 220 221 220 223 223 222 222 220 216 212 209 205 199 196 193 191 186 237 226 219 212 205 194 186 176 170 161 153 147 139 135 130 124 120 115 112 109 106 105 104 102 98 98 96 95 92 92 90 90 90 90 89 87 87 87 88 88 87 88 87 87 91 94 96 96 96 97 101 102 102 104 106 106 107 105 105 108 108 108 109 109 109 109 110 108 106
216 220 221 224 230 234 236 236 235 238 236 235 235 231 228 223 220 213 208 206 200 253 247 237 228 219 210 200 192 183 173 166 157 149 143 139 133 126 121 117 113 111 108 106 104 103 101 100 99 97 95 94 92 91 90 91 90 88 87 86 87 88 88 89 89 89 93 95 96 97 100 101 102 103 103 106 109 108 108 108 109 109 109 111 112 111 111 110 110 109 108
223 228 231 233 239 244 247 250 251 251 249 248 246 244 241 238 235 227 222 217 210 207 255 248 237 229 217 205 197 186 176 167 161 153 145 142 135 128 122 118 115 112 110 108 106 105 103 100 101 98 97 94 94 93 93 92 90 88 86 86 87 89 91 89 90 93 94 97 99 101 102 103 105 105 106 108 109 110 111 111 112 112 113 114 115 116 115 113 113 112 112
231 235 242 247 252 256 260 261 265 266 265 263 263 261 258 252 247 242 235 227 222 215 264 256 245 236 225 215 202 194 183 174 164 157 149 143 136 130 125 121 119 115 113 109 106 106 105 100 99 97 96 95 96 96 94 94 92 89 88 88 89 89 89 89 91 94 97 99 102 104 105 106 107 107 108 111 112 114 115 117 115 115 117 118 117 119 117 116 115 114 112
245 247 252 257 260 269 273 276 280 280 280 278 277 277 274 268 264 256 250 241 234 226 218 263 250 241 229 219 206 197 187 179 170 160 153 148 141 133 127 124 121 118 118 113 110 107 106 104 101 99 98 97 97 96 95 95 92 90 89 89 89 89 88 89 90 94 98 101 104 105 105 108 111 110 111 114 115 116 117 119 118 120 119 122 121 121 121 120 118 116 114
254 257 261 267 272 280 284 288 291 295 295 293 292 293 288 284 278 271 265 254 245 238 229 218 258 246 235 224 213 202 192 184 175 166 156 150 143 136 131 127 124 120 119 116 112 110 109 106 103 102 100 98 97 96 95 94 92 90 89 87 86 88 86 87 90 94 98 104 106 106 109 111 113 115 116 120 120 120 121 122 122 123 123 127 126 127 125 123 122 119 116
258 264 270 278 283 292 297 300 301 305 309 310 308 307 306 302 295 287 279 270 259 247 239 227 218 208 241 231 221 207 195 188 181 171 162 152 146 139 134 130 126 123 122 119 115 112 109 108 105 105 102 100 99 96 94 93 91 89 88 87 87 87 86 88 90 93 98 103 107 110 111 115 116 120 121 125 123 124 124 126 127 131 133 133 129 127 128 127 126 121 118
263 270 277 284 295 301 309 313 318 318 320 324 323 324 321 319 313 304 293 284 273 263 248 237 228 261 206 238 226 212 199 190 182 174 165 158 149 142 138 133 130 124 125 120 116 113 109 108 108 106 106 102 101 96 96 94 93 90 89 89 86 87 87 89 92 95 100 104 108 112 115 120 122 125 127 127 129 129 130 133 135 136 138 137 135 134 132 129 127 124 121
268 276 284 294 303 313 321 328 333 335 338 339 339 339 338 333 329 321 310 301 283 272 259 245 236 269 256 203 195 221 204 193 185 176 168 161 152 145 141 136 131 125 123 121 118 115 112 110 110 109 106 104 101 98 97 95 93 90 88 89 87 85 87 88 93 98 103 108 111 115 118 124 127 128 132 133 134 136 137 138 140 142 143 141 138 136 136 132 129 128 125
273 284 295 304 315 323 333 341 344 348 349 352 353 355 356 351 346 338 325 316 301 282 268 255 240 275 220 209 199 190 180 205 189 179 170 165 156 148 143 138 133 128 125 121 118 115 113 111 111 110 107 106 104 101 99 96 95 92 91 89 86 85 85 90 95 100 105 112 114 118 123 126 130 132 138 140 140 143 144 145 146 147 146 143 142 139 139 137 134 130 128
280 292 304 315 325 333 345 354 360 365 366 365 366 369 370 368 362 353 338 325 311 294 275 262 244 233 224 212 203 195 184 174 195 178 170 165 159 152 146 141 135 131 129 124 121 116 116 112 112 113 110 107 105 102 100 96 95 93 91 89 89 87 88 91 97 103 106 113 118 123 128 132 136 140 142 145 148 150 152 152 151 152 149 146 145 143 141 139 137 132 129
271 295 305 323 335 344 356 365 374 377 380 379 378 381 384 385 381 370 351 336 320 303 285 268 254 239 226 216 208 196 187 176 168 182 172 165 159 153 145 142 139 133 131 128 125 119 116 115 112 111 111 108 104 103 101 99 96 96 94 91 91 90 91 94 101 105 109 116 124 131 135 142 146 148 150 153 155 157 158 157 157 157 153 151 149 146 144 142 140 136 132
229 270 304 326 341 355 365 378 385 386 386 388 390 393 396 399 397 385 365 347 329 310 292 275 259 243 230 220 210 197 188 178 169 160 151 166 159 152 147 143 138 136 133 132 128 124 121 118 115 111 112 110 107 105 103 101 100 98 95 95 96 95 98 102 106 111 116 121 129 137 142 149 155 158 161 161 162 164 165 165 164 161 159 157 153 149 145 144 143 138 135
189 223 291 326 345 362 376 388 398 398 396 391 393 397 406 417 416 398 374 353 335 313 297 279 263 247 234 220 208 197 188 181 168 159 154 167 158 152 147 141 141 139 136 135 131 125 122 118 116 114 114 112 109 107 105 102 100 99 100 100 102 102 105 109 112 118 122 128 136 143 150 157 161 167 169 170 171 171 173 171 170 168 164 160 157 152 149 146 145 140 101
152 201 245 302 336 366 386 402 413 414 403 395 395 402 411 424 425 404 378 356 337 318 300 282 265 251 235 221 208 200 189 181 171 162 181 171 158 152 147 143 142 139 138 134 131 128 122 118 115 113 114 112 108 108 107 105 102 102 103 104 106 106 110 114 119 124 130 135 142 150 156 163 168 173 176 179 178 178 179 179 177 174 169 164 160 155 154 148 146 140 135
136 138 220 284 324 350 384 407 426 427 411 397 395 404 410 417 415 400 379 358 336 315 297 281 266 252 237 221 208 197 187 180 174 163 155 150 162 153 147 142 141 140 138 134 130 129 127 121 116 115 115 115 113 110 108 105 105 106 106 106 109 111 115 120 125 131 137 143 150 160 166 170 176 181 185 188 188 186 185 186 182 177 174 169 162 158 155 150 145 140 137
115 110 181 257 284 333 360 394 421 431 416 402 398 399 403 404 401 386 372 354 334 314 299 281 265 250 238 223 211 199 188 177 170 160 154 168 161 153 147 144 142 139 138 135 132 129 130 125 119 118 118 117 113 112 110 108 108 109 109 112 114 116 119 127 132 138 145 152 157 167 172 178 185 193 197 197 198 197 193 192 187 183 178 172 167 163 157 154 149 143 138
77 106 164 201 278 298 351 376 393 408 411 403 397 394 396 395 386 375 363 345 328 314 295 277 263 248 237 220 208 197 187 176 167 182 173 167 159 152 148 148 144 140 139 136 132 131 129 124 121 119 116 117 115 112 112 111 111 110 112 115 116 119 124 131 136 143 152 158 163 172 180 189 195 204 207 208 206 206 201 198 193 187 181 178 170 164 160 155 150 145 140
76 111 134 139 240 289 322 351 377 384 388 392 387 386 387 383 374 366 355 338 320 309 292 275 260 244 232 223 211 198 186 178 193 183 174 162 154 148 148 150 146 143 141 138 134 133 132 126 126 125 119 116 117 117 114 112 113 113 115 117 121 124 129 135 141 149 156 164 171 179 188 197 208 213 219 219 217 212 209 205 198 193 187 180 171 166 162 155 151 145 139
59 75 89 112 211 253 236 327 348 355 367 378 378 377 377 374 370 361 347 332 315 298 285 270 258 244 235 222 213 201 188 179 194 183 174 164 151 144 145 149 149 144 143 143 139 132 131 129 126 126 122 117 117 116 114 115 114 115 118 121 125 129 132 139 145 154 159 166 176 186 196 205 215 222 228 230 228 221 217 210 202 195 188 183 176 170 163 157 152 147 140
65 62 69 99 129 100 126 174 339 328 343 364 358 352 361 364 356 350 340 325 311 299 282 266 255 245 233 226 215 202 191 181 197 184 175 168 155 143 147 151 148 144 143 143 139 134 128 126 128 127 126 124 119 118 115 117 117 117 120 124 128 131 135 140 147 156 164 171 179 188 198 210 221 233 241 242 238 229 224 214 207 198 190 185 178 172 165 158 153 148 143
78 65 60 49 58 56 56 164 222 301 342 349 358 329 327 342 324 321 313 302 293 286 279 264 251 240 232 228 215 203 189 176 197 189 181 180 171 161 155 151 149 142 140 140 136 133 131 127 126 123 125 126 121 121 118 117 118 121 124 127 130 134 140 145 149 156 166 174 180 190 200 212 225 237 250 253 245 234 223 215 208 200 192 186 179 171 165 159 154 149 144
28 34 39 40 33 36 42 59 46 217 327 330 326 302 301 295 286 264 270 275 266 259 253 256 247 234 225 223 211 198 187 177 198 193 191 194 187 171 158 151 147 142 136 136 134 134 131 129 129 125 125 124 123 118 118 119 119 121 125 129 131 136 141 146 151 156 167 172 179 191 203 212 225 236 246 246 241 233 222 213 206 198 193 185 177 170 165 160 155 149 142
25 32 30 31 25 21 33 30 26 69 130 133 196 286 270 262 248 257 231 241 231 238 241 229 234 225 211 209 203 195 186 177 201 196 194 196 188 168 157 149 145 141 137 138 133 132 129 126 128 124 123 123 122 119 118 120 117 122 127 128 131 134 140 147 151 158 168 175 178 191 200 209 218 230 238 239 231 224 218 211 202 193 189 184 176 170 163 158 154 147 143
